0 0.05322265625 0.00732421875 0.0693359375 0.0146484375
0 0.37939453125 0.10302734375 0.2060546875 0.09228515625
0 0.22265625 0.2470703125 0.107421875 0.16943359375
0 0.3564453125 0.2724609375 0.130859375 0.15869140625
0 0.46435546875 0.24462890625 0.0498046875 0.1826171875
0 0.55224609375 0.05078125 0.1259765625 0.05859375
0 0.5166015625 0.19384765625 0.0546875 0.1982421875
0 0.51708984375 0.33056640625 0.0556640625 0.0556640625
0 0.58154296875 0.30908203125 0.076171875 0.05126953125
0 0.6015625 0.34423828125 0.072265625 0.0302734375
0 0.7041015625 0.0087890625 0.060546875 0.017578125
0 0.7783203125 0.00439453125 0.080078125 0.0087890625
0 0.857421875 0.00634765625 0.0703125 0.0126953125
0 0.94970703125 0.00390625 0.0400390625 0.0078125
0 0.93798828125 0.21044921875 0.01806640625 0.0205078125
0 0.95263671875 0.20849609375 0.01220703125 0.01953125
0 0.9638671875 0.20458984375 0.01171875 0.01953125
0 0.9833984375 0.2001953125 0.0263671875 0.025390625
0 0.935546875 0.2314453125 0.00732421875 0.01220703125
0 0.9462890625 0.22998046875 0.0146484375 0.01513671875
0 0.96240234375 0.22607421875 0.0166015625 0.0166015625
0 0.9755859375 0.224609375 0.01123046875 0.013671875
0 0.1005859375 0.71435546875 0.11572265625 0.20849609375
0 0.5185546875 0.41552734375 0.05859375 0.0361328125
0 0.60205078125 0.41015625 0.080078125 0.0439453125
0 0.70947265625 0.4091796875 0.1044921875 0.0390625
0 0.5107421875 0.5224609375 0.04296875 0.046875
0 0.61181640625 0.52490234375 0.14013671875 0.05810546875
0 0.73193359375 0.5234375 0.08203125 0.0390625
0 0.5009765625 0.63671875 0.0234375 0.05078125
0 0.5361328125 0.6376953125 0.0419921875 0.04833984375
0 0.59765625 0.642578125 0.0576171875 0.0390625
0 0.67529296875 0.64111328125 0.0576171875 0.0390625
0 0.75390625 0.64013671875 0.06005859375 0.04052734375
0 0.50537109375 0.7568359375 0.0322265625 0.056640625
0 0.55419921875 0.75927734375 0.0556640625 0.04052734375
0 0.63720703125 0.759765625 0.07568359375 0.0390625
0 0.74169921875 0.759765625 0.07568359375 0.0390625
0 0.52392578125 0.87255859375 0.06689453125 0.04833984375
0 0.6171875 0.876953125 0.09326171875 0.05810546875
0 0.73095703125 0.87939453125 0.10205078125 0.04052734375