0 0.517578125 0.287109375 0.634765625 0.23828125
0 0.15869140625 0.4951171875 0.052734375 0.037109375
0 0.15771484375 0.61572265625 0.0498046875 0.037109375
0 0.15869140625 0.73486328125 0.04248046875 0.03369140625
0 0.2587890625 0.49169921875 0.1376953125 0.11083984375
0 0.44482421875 0.48681640625 0.19482421875 0.12060546875
0 0.3349609375 0.60400390625 0.27001953125 0.12060546875
0 0.59521484375 0.60546875 0.19482421875 0.11083984375
0 0.34521484375 0.71142578125 0.294921875 0.1142578125
0 0.70263671875 0.72998046875 0.375 0.11767578125
0 0.1962890625 0.82568359375 0.09765625 0.08056640625
0 0.30615234375 0.8203125 0.11767578125 0.0703125
0 0.39111328125 0.82373046875 0.04736328125 0.06396484375
0 0.43896484375 0.82373046875 0.04248046875 0.06396484375
0 0.52392578125 0.8271484375 0.11767578125 0.0703125
0 0.61376953125 0.822265625 0.0625 0.07373046875
0 0.673828125 0.83203125 0.04736328125 0.07373046875
0 0.7314453125 0.822265625 0.0673828125 0.08056640625