0 0.05517578125 0.091796875 0.1103515625 0.111328125
0 0.22802734375 0.08740234375 0.19482421875 0.12060546875
0 0.12646484375 0.2041015625 0.2529296875 0.12109375
0 0.37841796875 0.2060546875 0.19482421875 0.11083984375
0 0.1376953125 0.31201171875 0.275390625 0.1142578125
0 0.4638671875 0.330078125 0.33203125 0.1171875
0 0.01416015625 0.42578125 0.0283203125 0.080078125
0 0.08935546875 0.4208984375 0.11767578125 0.0703125
0 0.17431640625 0.42431640625 0.04736328125 0.06396484375
0 0.22216796875 0.42431640625 0.04248046875 0.06396484375
0 0.30712890625 0.427734375 0.11767578125 0.0703125
0 0.39697265625 0.4228515625 0.0625 0.07373046875
0 0.45703125 0.4326171875 0.04736328125 0.07373046875
0 0.5146484375 0.4228515625 0.0673828125 0.08056640625
0 0.29248046875 0.66552734375 0.5849609375 0.0673828125
0 0.09033203125 0.79052734375 0.10498046875 0.02880859375
0 0.21044921875 0.7900390625 0.11669921875 0.02490234375
0 0.32177734375 0.78564453125 0.08203125 0.03173828125
0 0.42578125 0.78466796875 0.10986328125 0.0234375
0 0.1259765625 0.84912109375 0.251953125 0.0869140625
0 0.44580078125 0.8466796875 0.32373046875 0.07275390625
0 0.12646484375 0.9072265625 0.2099609375 0.0419921875
0 0.29541015625 0.90234375 0.10986328125 0.03955078125
0 0.43310546875 0.900390625 0.14892578125 0.03662109375
0 0.06494140625 0.951171875 0.1298828125 0.044921875
0 0.1982421875 0.94921875 0.1259765625 0.0498046875
0 0.3525390625 0.94921875 0.16796875 0.04443359375
0 0.47119140625 0.943359375 0.06005859375 0.03369140625
0 0.56689453125 0.94140625 0.1259765625 0.052734375
0 0.25927734375 0.59765625 0.3251953125 0.076171875
0 0.0263671875 0.990234375 0.052734375 0.01953125
0 0.0830078125 0.990234375 0.052734375 0.01953125
0 0.57470703125 0.97802734375 0.1103515625 0.0205078125
0 0.6474609375 0.79296875 0.03515625 0.04296875
0 0.7001953125 0.794921875 0.06201171875 0.041015625
0 0.6435546875 0.8359375 0.02734375 0.04296875
0 0.68701171875 0.83837890625 0.0498046875 0.04150390625