0 0.1513671875 0.1962890625 0.08203125 0.06640625
0 0.87353515625 0.0146484375 0.06591796875 0.0185546875
0 0.53125 0.47216796875 0.06396484375 0.04833984375
0 0.58740234375 0.4755859375 0.03857421875 0.04638671875
0 0.61962890625 0.48046875 0.0224609375 0.0380859375
0 0.6455078125 0.4892578125 0.02978515625 0.04541015625
0 0.4560546875 0.546875 0.05126953125 0.05615234375
0 0.49755859375 0.5517578125 0.025390625 0.05126953125
0 0.53955078125 0.54931640625 0.052734375 0.06298828125
0 0.59228515625 0.55908203125 0.05224609375 0.06396484375
0 0.63525390625 0.55126953125 0.02783203125 0.06591796875
0 0.6650390625 0.5517578125 0.02734375 0.06494140625
0 0.6982421875 0.56201171875 0.03857421875 0.04541015625
0 0.4638671875 0.609375 0.02685546875 0.05126953125
0 0.49560546875 0.6181640625 0.03515625 0.03515625
0 0.56787109375 0.61767578125 0.10498046875 0.033203125
0 0.6494140625 0.6181640625 0.0498046875 0.0283203125
0 0.73681640625 0.6513671875 0.0341796875 0.046875
0 0.79833984375 0.6455078125 0.076171875 0.044921875
0 0.89697265625 0.64404296875 0.10107421875 0.04833984375