0 0.22119140625 0.4873046875 0.02197265625 0.0185546875
0 0.16748046875 0.54052734375 0.02490234375 0.0185546875
0 0.232421875 0.515625 0.05615234375 0.0439453125
0 0.28955078125 0.4951171875 0.05615234375 0.046875
0 0.45947265625 0.296875 0.123046875 0.13134765625
0 0.5458984375 0.20947265625 0.08544921875 0.10009765625
0 0.6044921875 0.1435546875 0.0634765625 0.08740234375
0 0.46533203125 0.36572265625 0.08837890625 0.1064453125
0 0.5234375 0.3115234375 0.06787109375 0.0986328125
0 0.4814453125 0.4189453125 0.0751953125 0.09375
0 0.54833984375 0.3603515625 0.0947265625 0.11083984375
0 0.5966796875 0.3037109375 0.060546875 0.0888671875
0 0.6337890625 0.26025390625 0.0634765625 0.09228515625
0 0.51025390625 0.4619140625 0.08740234375 0.1142578125
0 0.57568359375 0.40234375 0.078125 0.10791015625
0 0.650390625 0.32666015625 0.03857421875 0.05615234375
0 0.662109375 0.34521484375 0.0634765625 0.08740234375
0 0.65869140625 0.37646484375 0.03662109375 0.05322265625
0 0.6845703125 0.3427734375 0.03564453125 0.0546875
0 0.685546875 0.3818359375 0.0810546875 0.12353515625
0 0.69970703125 0.40380859375 0.05712890625 0.0888671875
0 0.548828125 0.57275390625 0.0185546875 0.0263671875
0 0.5654296875 0.5537109375 0.02099609375 0.02978515625
0 0.58447265625 0.53759765625 0.0185546875 0.0283203125
0 0.599609375 0.52099609375 0.017578125 0.0263671875
0 0.4755859375 0.54833984375 0.02197265625 0.046875
0 0.49267578125 0.5849609375 0.0185546875 0.0361328125
0 0.50634765625 0.6162109375 0.0185546875 0.0390625
0 0.5234375 0.65771484375 0.02392578125 0.0498046875
0 0.53955078125 0.6904296875 0.0166015625 0.0341796875
0 0.55126953125 0.71728515625 0.0166015625 0.0283203125
0 0.56689453125 0.7509765625 0.02490234375 0.04833984375
0 0.5849609375 0.79296875 0.02197265625 0.0419921875
0 0.40673828125 0.3896484375 0.04052734375 0.0859375
0 0.43310546875 0.4501953125 0.02490234375 0.05322265625
0 0.45263671875 0.49365234375 0.02587890625 0.0498046875