0 0.5029296875 0.08447265625 0.1025390625 0.10791015625
0 0.806640625 0.220703125 0.0166015625 0.00537109375
0 0.82568359375 0.220703125 0.01953125 0.005859375
0 0.798828125 0.22802734375 0.0146484375 0.0078125
0 0.8154296875 0.22802734375 0.01611328125 0.009765625
0 0.833984375 0.22802734375 0.021484375 0.009765625
0 0.125 0.7587890625 0.25 0.208984375
0 0.03857421875 0.79736328125 0.0771484375 0.0517578125
0 0.1103515625 0.81982421875 0.0986328125 0.05322265625
0 0.01904296875 0.830078125 0.0380859375 0.037109375
0 0.39892578125 0.6591796875 0.02392578125 0.03857421875
0 0.412109375 0.693359375 0.03271484375 0.04345703125
0 0.43408203125 0.70361328125 0.0185546875 0.02685546875
0 0.4541015625 0.70263671875 0.02880859375 0.03515625
0 0.4765625 0.6875 0.02880859375 0.04833984375
0 0.486328125 0.65771484375 0.01611328125 0.044921875
0 0.2978515625 0.84033203125 0.0439453125 0.0498046875
0 0.35009765625 0.8349609375 0.05615234375 0.0498046875
0 0.396484375 0.83837890625 0.03125 0.04345703125
0 0.4365234375 0.845703125 0.041015625 0.0517578125
0 0.48193359375 0.83740234375 0.044921875 0.044921875
0 0.53466796875 0.83349609375 0.0576171875 0.05322265625
0 0.57275390625 0.8427734375 0.0185546875 0.04150390625
0 0.60009765625 0.8359375 0.03125 0.05517578125
0 0.37890625 0.8935546875 0.0361328125 0.033203125
0 0.41162109375 0.892578125 0.02880859375 0.03173828125
0 0.43603515625 0.89404296875 0.0224609375 0.02490234375
0 0.462890625 0.89501953125 0.03369140625 0.0234375
0 0.48974609375 0.89404296875 0.02001953125 0.02490234375
0 0.51416015625 0.8974609375 0.03125 0.0283203125
0 0.30322265625 0.92529296875 0.03759765625 0.033203125
0 0.33447265625 0.92333984375 0.02978515625 0.033203125
0 0.3603515625 0.92919921875 0.021484375 0.03173828125
0 0.392578125 0.93115234375 0.048828125 0.03857421875
0 0.4306640625 0.9267578125 0.02734375 0.033203125
0 0.46337890625 0.927734375 0.03759765625 0.0283203125
0 0.49169921875 0.927734375 0.021484375 0.0283203125
0 0.51611328125 0.92578125 0.02490234375 0.03173828125
0 0.53955078125 0.92822265625 0.02001953125 0.02978515625
0 0.56005859375 0.92431640625 0.021484375 0.03515625
0 0.587890625 0.92578125 0.03857421875 0.03173828125
0 0.67236328125 0.47265625 0.052734375 0.078125
0 0.73095703125 0.4736328125 0.0673828125 0.08349609375
0 0.78857421875 0.482421875 0.044921875 0.078125
0 0.85546875 0.47265625 0.07861328125 0.078125
0 0.91796875 0.48095703125 0.04638671875 0.0849609375
0 0.96728515625 0.47265625 0.052734375 0.08837890625
0 0.6748046875 0.591796875 0.05517578125 0.07666015625
0 0.73583984375 0.58837890625 0.0673828125 0.07666015625
0 0.7919921875 0.58837890625 0.052734375 0.08349609375
0 0.85595703125 0.5927734375 0.06982421875 0.0751953125
0 0.9150390625 0.5908203125 0.0537109375 0.078125
0 0.96533203125 0.5908203125 0.05126953125 0.0751953125
0 0.75732421875 0.7041015625 0.072265625 0.0849609375
0 0.81787109375 0.70654296875 0.05126953125 0.07666015625
0 0.87353515625 0.7119140625 0.06494140625 0.06689453125
0 0.9501953125 0.7060546875 0.0888671875 0.08154296875
0 0.6865234375 0.8193359375 0.0712890625 0.078125
0 0.7578125 0.818359375 0.07373046875 0.08984375
0 0.82275390625 0.82861328125 0.06396484375 0.09326171875
0 0.88134765625 0.82275390625 0.05615234375 0.091796875
0 0.94091796875 0.818359375 0.0625 0.08349609375