0 0.5361328125 0.21923828125 0.08447265625 0.09765625
0 0.5966796875 0.25146484375 0.037109375 0.056640625
0 0.65185546875 0.27978515625 0.0693359375 0.078125
0 0.70556640625 0.30615234375 0.03564453125 0.060546875
0 0.74755859375 0.32666015625 0.048828125 0.06640625
0 0.40771484375 0.22607421875 0.09619140625 0.095703125
0 0.47705078125 0.25927734375 0.0458984375 0.072265625
0 0.5283203125 0.28369140625 0.06494140625 0.0703125
0 0.59912109375 0.32275390625 0.0830078125 0.0859375
0 0.6708984375 0.35009765625 0.0576171875 0.0703125
0 0.72998046875 0.3779296875 0.060546875 0.078125
0 0.783203125 0.4052734375 0.0400390625 0.0703125
0 0.8330078125 0.423828125 0.05615234375 0.072265625
0 0.62890625 0.50390625 0.36083984375 0.31884765625
0 0.4150390625 0.64306640625 0.0576171875 0.064453125
0 0.46435546875 0.65478515625 0.03857421875 0.064453125
0 0.50390625 0.66357421875 0.037109375 0.05859375
0 0.564453125 0.68310546875 0.07861328125 0.078125
0 0.625 0.69775390625 0.037109375 0.060546875
0 0.669921875 0.70654296875 0.05029296875 0.0625
0 0.71435546875 0.71630859375 0.04150390625 0.0546875
0 0.77001953125 0.73095703125 0.06640625 0.068359375
0 0.8232421875 0.74365234375 0.04296875 0.05859375
0 0.4140625 0.71337890625 0.02978515625 0.056640625
0 0.47412109375 0.72900390625 0.09326171875 0.087890625
0 0.5458984375 0.73876953125 0.05029296875 0.068359375
0 0.59912109375 0.75830078125 0.05615234375 0.068359375
0 0.64208984375 0.76123046875 0.02685546875 0.05859375
0 0.6923828125 0.77685546875 0.07373046875 0.07421875
0 0.75244140625 0.78173828125 0.048828125 0.060546875
0 0.78759765625 0.78759765625 0.03125 0.048828125