0 0.40185546875 0.08447265625 0.19384765625 0.13330078125
0 0.56103515625 0.08544921875 0.1025390625 0.095703125
0 0.67822265625 0.09912109375 0.11376953125 0.11767578125
0 0.78271484375 0.138671875 0.0849609375 0.12646484375
0 0.54833984375 0.37646484375 0.05615234375 0.01123046875
0 0.5595703125 0.39892578125 0.013671875 0.02880859375
0 0.580078125 0.39990234375 0.02490234375 0.03125
0 0.60009765625 0.40234375 0.01513671875 0.03564453125
0 0.6279296875 0.40234375 0.03857421875 0.03564453125
0 0.65625 0.40673828125 0.017578125 0.03125
0 0.51708984375 0.62451171875 0.3037109375 0.12451171875