0 0.599609375 0.13916015625 0.04150390625 0.03857421875
0 0.65185546875 0.13818359375 0.05419921875 0.04541015625
0 0.7001953125 0.13818359375 0.0400390625 0.041015625
0 0.736328125 0.142578125 0.02880859375 0.041015625
0 0.6025390625 0.24609375 0.03271484375 0.0322265625
0 0.59326171875 0.26953125 0.03125 0.02392578125
0 0.1083984375 0.62353515625 0.216796875 0.1337890625
0 0.392578125 0.619140625 0.26953125 0.140625
0 0.62744140625 0.57080078125 0.04150390625 0.06005859375
0 0.7109375 0.57421875 0.1083984375 0.0576171875
0 0.7978515625 0.5751953125 0.0517578125 0.04638671875
0 0.84619140625 0.572265625 0.03857421875 0.0576171875
0 0.88525390625 0.5751953125 0.02685546875 0.03759765625
0 0.95166015625 0.57275390625 0.0966796875 0.0556640625
0 0.6533203125 0.64501953125 0.10009765625 0.06640625
0 0.73583984375 0.64404296875 0.05810546875 0.06005859375
0 0.81103515625 0.646484375 0.08154296875 0.064453125
0 0.87939453125 0.646484375 0.044921875 0.06005859375
0 0.94287109375 0.64404296875 0.0751953125 0.0556640625
0 0.66015625 0.72265625 0.10009765625 0.06640625
0 0.7568359375 0.72412109375 0.08642578125 0.07763671875
0 0.8525390625 0.712890625 0.09814453125 0.064453125
0 0.94775390625 0.70947265625 0.07177734375 0.06640625