0 0.177734375 0.03271484375 0.06103515625 0.03271484375
0 0.228515625 0.04052734375 0.041015625 0.02734375
0 0.26513671875 0.04736328125 0.03271484375 0.0244140625
0 0.294921875 0.0517578125 0.0224609375 0.02197265625
0 0.32470703125 0.05712890625 0.03271484375 0.02734375
0 0.35498046875 0.0625 0.02880859375 0.02734375
0 0.19677734375 0.05859375 0.0634765625 0.02978515625
0 0.24609375 0.06396484375 0.03857421875 0.0244140625
0 0.28271484375 0.06787109375 0.03466796875 0.02197265625
0 0.32861328125 0.076171875 0.05712890625 0.02734375
0 0.2919921875 0.125 0.22021484375 0.11962890625
0 0.46240234375 0.13330078125 0.1083984375 0.1142578125
0 0.5703125 0.16162109375 0.10009765625 0.1005859375
0 0.66845703125 0.1591796875 0.1162109375 0.09521484375
0 0.80322265625 0.17822265625 0.1572265625 0.09521484375
0 0.8154296875 0.23486328125 0.03076171875 0.02978515625
0 0.17236328125 0.1806640625 0.03857421875 0.02978515625
0 0.203125 0.18359375 0.0224609375 0.02978515625
0 0.23046875 0.18359375 0.02880859375 0.03515625
0 0.267578125 0.19140625 0.03662109375 0.04052734375
0 0.30615234375 0.19140625 0.03662109375 0.02978515625
0 0.32958984375 0.19677734375 0.01025390625 0.013671875
0 0.35400390625 0.19580078125 0.04296875 0.03271484375
0 0.4052734375 0.205078125 0.0634765625 0.04052734375
0 0.44091796875 0.21044921875 0.00830078125 0.013671875
0 0.46240234375 0.20654296875 0.03466796875 0.03271484375
0 0.5029296875 0.2119140625 0.046875 0.0380859375
0 0.12060546875 0.54052734375 0.0244140625 0.02197265625
0 0.14599609375 0.5419921875 0.0263671875 0.01904296875
0 0.93359375 0.4091796875 0.0185546875 0.0244140625