0 0.43701171875 0.1943359375 0.0244140625 0.0703125
0 0.47412109375 0.03125 0.04638671875 0.01708984375
0 0.51513671875 0.033203125 0.033203125 0.01904296875
0 0.55712890625 0.03173828125 0.056640625 0.01806640625
0 0.54833984375 0.0654296875 0.08447265625 0.04345703125
0 0.62109375 0.06591796875 0.06396484375 0.04443359375
0 0.69482421875 0.06396484375 0.06787109375 0.04443359375
0 0.7509765625 0.06591796875 0.041015625 0.04052734375
0 0.82080078125 0.06494140625 0.08349609375 0.04248046875
0 0.8935546875 0.0625 0.06005859375 0.04541015625
0 0.482421875 0.1103515625 0.06640625 0.046875
0 0.548828125 0.109375 0.0654296875 0.04150390625
0 0.61669921875 0.109375 0.0654296875 0.04150390625
0 0.6923828125 0.11474609375 0.08349609375 0.04248046875
0 0.76123046875 0.1083984375 0.05908203125 0.04345703125
0 0.83740234375 0.10693359375 0.08349609375 0.04345703125
0 0.912109375 0.10791015625 0.06396484375 0.04248046875
0 0.97314453125 0.10693359375 0.0537109375 0.0419921875
0 0.8564453125 0.14794921875 0.0498046875 0.02197265625
0 0.90576171875 0.14453125 0.0537109375 0.02294921875
0 0.9443359375 0.14990234375 0.02587890625 0.02197265625
0 0.9755859375 0.14892578125 0.037109375 0.02197265625
0 0.1689453125 0.4248046875 0.05859375 0.009765625
0 0.2373046875 0.4248046875 0.06640625 0.009765625
0 0.71533203125 0.7412109375 0.1123046875 0.1123046875
0 0.81494140625 0.81298828125 0.3125 0.255859375
0 0.72021484375 0.98486328125 0.0791015625 0.0302734375
0 0.8056640625 0.97119140625 0.08984375 0.0576171875