0 0.08740234375 0.107421875 0.115234375 0.1240234375
0 0.23876953125 0.1103515625 0.181640625 0.1337890625
0 0.4248046875 0.111328125 0.15380859375 0.1357421875
0 0.5126953125 0.22216796875 0.005859375 0.0224609375
0 0.51416015625 0.201171875 0.0087890625 0.015625
0 0.5771484375 0.3046875 0.09033203125 0.10693359375
0 0.66357421875 0.3603515625 0.0751953125 0.0390625
0 0.671875 0.271484375 0.06640625 0.12158203125
0 0.79296875 0.36669921875 0.017578125 0.0263671875
0 0.79248046875 0.3388671875 0.0185546875 0.02392578125
0 0.7919921875 0.302734375 0.0185546875 0.04443359375
0 0.81787109375 0.375 0.0263671875 0.009765625
0 0.81787109375 0.35791015625 0.01806640625 0.01904296875
0 0.81494140625 0.33740234375 0.02197265625 0.01513671875
0 0.81591796875 0.30810546875 0.02197265625 0.04150390625
0 0.8125 0.2783203125 0.02099609375 0.015625
0 0.81396484375 0.26025390625 0.0263671875 0.01904296875
0 0.84716796875 0.34130859375 0.0205078125 0.06689453125
0 0.0048828125 0.7978515625 0.009765625 0.046875
0 0.017578125 0.91650390625 0.03173828125 0.06005859375
0 0.01708984375 0.9619140625 0.0341796875 0.076171875
0 0.22216796875 0.62939453125 0.20166015625 0.21875
0 0.41943359375 0.55859375 0.1806640625 0.20703125
0 0.16796875 0.82275390625 0.03662109375 0.07373046875
0 0.23876953125 0.80126953125 0.1015625 0.0849609375
0 0.32666015625 0.80029296875 0.06689453125 0.0693359375
0 0.4033203125 0.78125 0.07666015625 0.06689453125
0 0.46630859375 0.77001953125 0.0498046875 0.0625
0 0.85205078125 0.46875 0.1875 0.1025390625
0 0.763671875 0.6005859375 0.1142578125 0.1044921875
0 0.865234375 0.58837890625 0.10009765625 0.10986328125
0 0.95751953125 0.5751953125 0.0849609375 0.12109375
0 0.51416015625 0.74365234375 0.0087890625 0.0302734375
0 0.53173828125 0.7431640625 0.021484375 0.02783203125
0 0.5537109375 0.7431640625 0.0234375 0.03173828125
0 0.57958984375 0.744140625 0.0322265625 0.02978515625