0 0.3525390625 0.12353515625 0.046875 0.1669921875
0 0.4677734375 0.1259765625 0.1484375 0.17724609375
0 0.5673828125 0.15185546875 0.0625 0.10400390625
0 0.6435546875 0.1484375 0.0859375 0.09716796875
0 0.73046875 0.146484375 0.076171875 0.1005859375
0 0.7939453125 0.1416015625 0.0546875 0.10400390625
0 0.548828125 0.26806640625 0.068359375 0.09375
0 0.62109375 0.28369140625 0.083984375 0.1181640625
0 0.7041015625 0.28564453125 0.08203125 0.11474609375
0 0.7734375 0.2666015625 0.044921875 0.09716796875
0 0.8125 0.2646484375 0.025390625 0.09375
0 0.5439453125 0.39501953125 0.0234375 0.02783203125
0 0.564453125 0.39501953125 0.017578125 0.02783203125
0 0.59375 0.39501953125 0.037109375 0.03466796875
0 0.625 0.39501953125 0.021484375 0.02783203125
0 0.65234375 0.396484375 0.033203125 0.03125
0 0.708984375 0.39501953125 0.021484375 0.02783203125
0 0.7490234375 0.39306640625 0.05859375 0.0244140625
0 0.07861328125 0.5361328125 0.0224609375 0.068359375
0 0.1005859375 0.5166015625 0.0263671875 0.0703125
0 0.12646484375 0.48779296875 0.02734375 0.09521484375
0 0.15087890625 0.4697265625 0.0224609375 0.060546875
0 0.0859375 0.57666015625 0.03369140625 0.0537109375
0 0.1162109375 0.55078125 0.02734375 0.04345703125
0 0.05859375 0.57470703125 0.01513671875 0.06640625
0 0.17578125 0.59619140625 0.0390625 0.07666015625
0 0.212890625 0.5849609375 0.03271484375 0.0703125
0 0.25341796875 0.56103515625 0.05908203125 0.1015625
0 0.3076171875 0.5166015625 0.04296875 0.13671875
0 0.2216796875 0.64404296875 0.0927734375 0.068359375
0 0.29931640625 0.60888671875 0.0595703125 0.0849609375
0 0.21337890625 0.7587890625 0.04638671875 0.06640625
0 0.2578125 0.76123046875 0.04248046875 0.0498046875
0 0.29736328125 0.76513671875 0.0361328125 0.06640625
0 0.3212890625 0.7626953125 0.015625 0.044921875
0 0.275390625 0.810546875 0.0576171875 0.033203125
0 0.31591796875 0.8076171875 0.0263671875 0.03125
0 0.4423828125 0.6416015625 0.11767578125 0.12353515625
0 0.58349609375 0.65576171875 0.16259765625 0.1083984375
0 0.69970703125 0.66845703125 0.06005859375 0.08984375
0 0.78759765625 0.66943359375 0.10986328125 0.09521484375
0 0.89599609375 0.6767578125 0.09765625 0.09326171875
0 0.9736328125 0.6826171875 0.052734375 0.091796875
0 0.61669921875 0.8193359375 0.15869140625 0.11181640625
0 0.7451171875 0.8193359375 0.08251953125 0.09814453125
0 0.86572265625 0.83251953125 0.146484375 0.08837890625
0 0.974609375 0.83251953125 0.05078125 0.0849609375
0 0.57666015625 0.92919921875 0.16357421875 0.08837890625
0 0.716796875 0.927734375 0.0986328125 0.091796875
0 0.826171875 0.951171875 0.115234375 0.08837890625
0 0.94384765625 0.9482421875 0.1123046875 0.103515625