0 0.12548828125 0.50732421875 0.23193359375 0.115234375
0 0.09375 0.64697265625 0.1875 0.1865234375
0 0.9208984375 0.322265625 0.08837890625 0.02197265625
0 0.91845703125 0.33935546875 0.0556640625 0.013671875
0 0.89111328125 0.38427734375 0.06591796875 0.03515625
0 0.96240234375 0.380859375 0.0751953125 0.033203125
0 0.974609375 0.84814453125 0.01611328125 0.02099609375
0 0.9609375 0.8525390625 0.01220703125 0.01953125
0 0.94970703125 0.8623046875 0.01416015625 0.0185546875
0 0.9384765625 0.8720703125 0.01611328125 0.02490234375
0 0.92724609375 0.8828125 0.013671875 0.0234375
0 0.91455078125 0.89453125 0.01904296875 0.03125