0 0.49560546875 0.02587890625 0.0849609375 0.0517578125
0 0.26123046875 0.22705078125 0.05615234375 0.01123046875
0 0.2724609375 0.24951171875 0.013671875 0.02880859375
0 0.29296875 0.25048828125 0.02490234375 0.03125
0 0.31298828125 0.2529296875 0.01513671875 0.03564453125
0 0.3408203125 0.2529296875 0.03857421875 0.03564453125
0 0.369140625 0.25732421875 0.017578125 0.03125
0 0.22998046875 0.4658203125 0.3037109375 0.107421875
0 0.693359375 0.08837890625 0.09375 0.1767578125
0 0.783203125 0.08642578125 0.08984375 0.1728515625
0 0.8818359375 0.08447265625 0.11328125 0.1689453125
0 0.658203125 0.34619140625 0.078125 0.3232421875
0 0.7607421875 0.37060546875 0.09423828125 0.251953125
0 0.7080078125 0.40283203125 0.0205078125 0.0751953125
0 0.87890625 0.31982421875 0.13330078125 0.31591796875
0 0.17431640625 0.55029296875 0.1015625 0.05126953125
0 0.2783203125 0.548828125 0.103515625 0.05859375
0 0.380859375 0.55029296875 0.1015625 0.046875
0 0.51025390625 0.54931640625 0.146484375 0.0537109375
0 0.1416015625 0.59619140625 0.03662109375 0.03125
0 0.19580078125 0.59619140625 0.05517578125 0.03125
0 0.251953125 0.59814453125 0.0498046875 0.03125
0 0.3076171875 0.59619140625 0.06494140625 0.03125
0 0.3701171875 0.59375 0.04345703125 0.03564453125
0 0.42578125 0.59619140625 0.0615234375 0.03564453125
0 0.4853515625 0.59521484375 0.05322265625 0.03369140625
0 0.544921875 0.59375 0.0634765625 0.03125
0 0.54931640625 0.92431640625 0.02490234375 0.02685546875
0 0.57666015625 0.9130859375 0.0400390625 0.03125
0 0.6044921875 0.90087890625 0.02490234375 0.02880859375
0 0.3955078125 0.9912109375 0.025390625 0.017578125
0 0.4228515625 0.9921875 0.033203125 0.015625
0 0.5166015625 0.904296875 0.02685546875 0.01806640625
0 0.49169921875 0.90283203125 0.0166015625 0.015625
0 0.63330078125 0.6396484375 0.0283203125 0.064453125
0 0.6982421875 0.6533203125 0.0751953125 0.080078125