0 0.0390625 0.05615234375 0.078125 0.1123046875
0 0.119140625 0.068359375 0.080078125 0.13671875
0 0.203125 0.08984375 0.083984375 0.1220703125
0 0.0283203125 0.22216796875 0.056640625 0.1416015625
0 0.09814453125 0.22900390625 0.091796875 0.12841796875
0 0.1796875 0.2392578125 0.07080078125 0.10791015625
0 0.244140625 0.25439453125 0.06982421875 0.10791015625
0 0.02392578125 0.47900390625 0.0478515625 0.0712890625
0 0.0625 0.46875 0.0400390625 0.06591796875
0 0.10205078125 0.45947265625 0.048828125 0.0595703125
0 0.1435546875 0.45166015625 0.0439453125 0.0546875
0 0.18212890625 0.4453125 0.0341796875 0.05224609375
0 0.21630859375 0.44287109375 0.0361328125 0.05224609375
0 0.24755859375 0.43798828125 0.0341796875 0.05224609375
0 0.2802734375 0.431640625 0.0361328125 0.0498046875
0 0.19677734375 0.50634765625 0.037109375 0.05712890625
0 0.52685546875 0.03466796875 0.166015625 0.06640625
0 0.46044921875 0.12841796875 0.1416015625 0.0634765625
0 0.5986328125 0.12109375 0.1220703125 0.05859375
0 0.70458984375 0.11962890625 0.07421875 0.04541015625
0 0.53076171875 0.19140625 0.1337890625 0.07177734375
0 0.16845703125 0.7587890625 0.1943359375 0.21875
0 0.3427734375 0.80810546875 0.09375 0.2470703125
0 0.7763671875 0.7685546875 0.0263671875 0.03515625
0 0.8056640625 0.7705078125 0.029296875 0.0390625
0 0.875 0.79736328125 0.0322265625 0.03515625
0 0.90234375 0.80126953125 0.02490234375 0.0390625
0 0.92626953125 0.8037109375 0.0263671875 0.03515625
0 0.9609375 0.79833984375 0.04638671875 0.037109375
0 0.8828125 0.83447265625 0.02001953125 0.03076171875
0 0.919921875 0.83544921875 0.05419921875 0.03271484375
0 0.96240234375 0.83642578125 0.0341796875 0.03515625
0 0.8349609375 0.85693359375 0.044921875 0.02685546875