0 0.0595703125 0.17724609375 0.10498046875 0.04345703125
0 0.16064453125 0.1796875 0.0830078125 0.0458984375
0 0.22802734375 0.1806640625 0.04296875 0.04833984375
0 0.28857421875 0.18798828125 0.06640625 0.04248046875
0 0.36328125 0.1904296875 0.076171875 0.041015625
0 0.03076171875 0.21533203125 0.04931640625 0.02587890625
0 0.12890625 0.2177734375 0.14111328125 0.03076171875
0 0.25439453125 0.63916015625 0.05712890625 0.02685546875
0 0.30029296875 0.64404296875 0.02978515625 0.0263671875
0 0.3359375 0.6474609375 0.03369140625 0.0234375
0 0.3642578125 0.646484375 0.02099609375 0.02490234375
0 0.39404296875 0.6484375 0.03369140625 0.025390625
0 0.42529296875 0.6533203125 0.02978515625 0.02490234375
0 0.4560546875 0.65380859375 0.02734375 0.0263671875
0 0.01611328125 0.89990234375 0.0322265625 0.0400390625
0 0.0537109375 0.89892578125 0.03857421875 0.03125
0 0.10986328125 0.89404296875 0.03466796875 0.03515625
0 0.1455078125 0.8935546875 0.03466796875 0.033203125
0 0.94580078125 0.56396484375 0.1083984375 0.0634765625
0 0.7431640625 0.837890625 0.10986328125 0.099609375
0 0.89697265625 0.8388671875 0.18505859375 0.08642578125
0 0.8896484375 0.90625 0.0673828125 0.0556640625
0 0.9638671875 0.90869140625 0.072265625 0.0498046875