0 0.03466796875 0.0498046875 0.0693359375 0.099609375
0 0.123046875 0.07080078125 0.10009765625 0.1005859375
0 0.22119140625 0.068359375 0.1162109375 0.09521484375
0 0.35595703125 0.08740234375 0.1572265625 0.09521484375
0 0.3681640625 0.14404296875 0.03076171875 0.02978515625
0 0.01611328125 0.115234375 0.0322265625 0.033203125
0 0.0556640625 0.12109375 0.046875 0.0380859375
0 0.80810546875 0.48046875 0.02490234375 0.013671875
0 0.05029296875 0.69287109375 0.02099609375 0.02587890625
0 0.087890625 0.6904296875 0.0078125 0.0185546875
0 0.3984375 0.68212890625 0.01318359375 0.01708984375
0 0.5634765625 0.7978515625 0.248046875 0.2734375
0 0.82958984375 0.80029296875 0.3408203125 0.2548828125
0 0.474609375 0.96728515625 0.0703125 0.0654296875
0 0.54052734375 0.96728515625 0.0498046875 0.0654296875
0 0.68017578125 0.9716796875 0.2216796875 0.056640625
0 0.837890625 0.97021484375 0.080078125 0.0595703125
0 0.93994140625 0.974609375 0.1201171875 0.05078125