0 0.3466796875 0.01220703125 0.029296875 0.0244140625
0 0.38623046875 0.0263671875 0.0498046875 0.052734375
0 0.4306640625 0.03857421875 0.0380859375 0.0546875
0 0.46923828125 0.064453125 0.041015625 0.0634765625
0 0.06884765625 0.13330078125 0.1376953125 0.2099609375
0 0.18115234375 0.18603515625 0.0791015625 0.1435546875
0 0.2939453125 0.2177734375 0.130859375 0.14111328125
0 0.400390625 0.2412109375 0.080078125 0.142578125
0 0.484375 0.265625 0.083984375 0.1220703125
0 0.03564453125 0.36279296875 0.0712890625 0.2021484375
0 0.14892578125 0.380859375 0.15087890625 0.16943359375
0 0.27978515625 0.3984375 0.1162109375 0.14111328125
0 0.37939453125 0.40478515625 0.091796875 0.12841796875
0 0.4609375 0.4150390625 0.07080078125 0.10791015625
0 0.525390625 0.43017578125 0.06982421875 0.10791015625
0 0.61767578125 0.47705078125 0.0361328125 0.1689453125
0 0.701171875 0.46435546875 0.15771484375 0.1982421875
0 0.82080078125 0.94970703125 0.068359375 0.08203125
0 0.88720703125 0.94384765625 0.0615234375 0.080078125
0 0.8408203125 0.99169921875 0.052734375 0.0166015625
0 0.88232421875 0.994140625 0.0283203125 0.01171875