0 0.13525390625 0.08984375 0.03662109375 0.017578125
0 0.74365234375 0.04443359375 0.291015625 0.08740234375
0 0.9580078125 0.0595703125 0.083984375 0.10546875
0 0.87451171875 0.15087890625 0.21875 0.09423828125
0 0.25537109375 0.4677734375 0.0849609375 0.056640625
0 0.37744140625 0.4697265625 0.1533203125 0.060546875
0 0.490234375 0.466796875 0.05859375 0.0546875
0 0.0751953125 0.4765625 0.041015625 0.02001953125
0 0.111328125 0.4765625 0.03369140625 0.02685546875
0 0.17333984375 0.4775390625 0.03515625 0.02490234375
0 0.0498046875 0.556640625 0.0224609375 0.05322265625
0 0.08642578125 0.5517578125 0.048828125 0.0634765625
0 0.13671875 0.55908203125 0.048828125 0.068359375
0 0.17529296875 0.5498046875 0.03125 0.0634765625
0 0.20654296875 0.5556640625 0.02880859375 0.0517578125
0 0.25 0.5517578125 0.05615234375 0.0634765625
0 0.30029296875 0.556640625 0.041015625 0.056640625
0 0.34814453125 0.55908203125 0.05517578125 0.05810546875
0 0.046875 0.63427734375 0.0224609375 0.0517578125
0 0.0810546875 0.62646484375 0.03515625 0.0634765625
0 0.11767578125 0.63232421875 0.03369140625 0.0517578125
0 0.15087890625 0.62890625 0.02978515625 0.05810546875
0 0.17822265625 0.6259765625 0.02734375 0.0615234375
0 0.20263671875 0.63232421875 0.013671875 0.0517578125
0 0.23583984375 0.625 0.044921875 0.0634765625
0 0.28076171875 0.625 0.0400390625 0.0634765625
0 0.31982421875 0.62744140625 0.0400390625 0.05810546875
0 0.36474609375 0.625 0.04736328125 0.06689453125
0 0.40966796875 0.6318359375 0.03759765625 0.06689453125
0 0.44580078125 0.62890625 0.03515625 0.0615234375
0 0.486328125 0.62646484375 0.041015625 0.0634765625
0 0.046875 0.70751953125 0.0224609375 0.0517578125
0 0.09521484375 0.7041015625 0.06640625 0.05810546875
0 0.1513671875 0.703125 0.041015625 0.06005859375
0 0.20068359375 0.7109375 0.052734375 0.0615234375
0 0.24853515625 0.70556640625 0.04248046875 0.06494140625
0 0.28564453125 0.69970703125 0.02978515625 0.06982421875
0 0.33251953125 0.7041015625 0.05859375 0.05810546875
0 0.38525390625 0.7099609375 0.041015625 0.056640625
0 0.4365234375 0.7099609375 0.0537109375 0.0634765625
0 0.046875 0.78662109375 0.02001953125 0.05322265625
0 0.09375 0.77978515625 0.06884765625 0.06005859375
0 0.14599609375 0.77978515625 0.03271484375 0.06005859375
0 0.17822265625 0.78515625 0.02734375 0.0498046875
0 0.2265625 0.7841796875 0.06396484375 0.068359375
0 0.271484375 0.7841796875 0.03125 0.04833984375
0 0.31103515625 0.77734375 0.04248046875 0.068359375
0 0.3583984375 0.7822265625 0.04736328125 0.0615234375
0 0.39892578125 0.78515625 0.0361328125 0.0498046875
0 0.43359375 0.77978515625 0.02978515625 0.06005859375
0 0.47705078125 0.78076171875 0.052734375 0.068359375
0 0.51318359375 0.78759765625 0.0126953125 0.0673828125
0 0.0458984375 0.8623046875 0.0224609375 0.04833984375
0 0.09228515625 0.85888671875 0.06982421875 0.0615234375
0 0.1572265625 0.8642578125 0.052734375 0.0615234375
0 0.21142578125 0.8583984375 0.05615234375 0.06005859375
0 0.251953125 0.86474609375 0.0224609375 0.06005859375
0 0.29296875 0.85986328125 0.05615234375 0.06005859375
0 0.330078125 0.86181640625 0.01611328125 0.0498046875
0 0.35693359375 0.8623046875 0.03515625 0.04833984375
0 0.40576171875 0.86181640625 0.0576171875 0.0498046875
0 0.455078125 0.8623046875 0.0361328125 0.0517578125
0 0.4970703125 0.86181640625 0.044921875 0.0517578125
0 0.9228515625 0.68408203125 0.0703125 0.07373046875
0 0.9775390625 0.68701171875 0.03125 0.07373046875