0 0.0234375 0.24560546875 0.046875 0.1220703125
0 0.11865234375 0.25244140625 0.12841796875 0.12890625
0 0.28857421875 0.26416015625 0.18701171875 0.11279296875
0 0.4521484375 0.2685546875 0.115234375 0.109375
0 0.08642578125 0.3701171875 0.1728515625 0.080078125
0 0.24853515625 0.384765625 0.140625 0.07080078125
0 0.96826171875 0.3984375 0.0634765625 0.048828125
0 0.96923828125 0.44970703125 0.0615234375 0.0498046875
0 0.98388671875 0.4951171875 0.0322265625 0.0390625
0 0.24853515625 0.68017578125 0.10693359375 0.09033203125
0 0.36865234375 0.67822265625 0.126953125 0.09814453125
0 0.830078125 0.6103515625 0.08349609375 0.041015625
0 0.89453125 0.61474609375 0.03955078125 0.03271484375
0 0.95556640625 0.61572265625 0.07568359375 0.03515625
0 0.8759765625 0.67333984375 0.248046875 0.0751953125
0 0.84619140625 0.74560546875 0.03662109375 0.02734375
0 0.88818359375 0.744140625 0.0439453125 0.03369140625
0 0.94970703125 0.74658203125 0.0673828125 0.02880859375
0 0.99267578125 0.74462890625 0.0146484375 0.0283203125
0 0.84423828125 0.7734375 0.029296875 0.02490234375
0 0.88037109375 0.775390625 0.04296875 0.02392578125
0 0.91845703125 0.775390625 0.0283203125 0.02392578125
0 0.9404296875 0.7783203125 0.01123046875 0.009765625
0 0.95947265625 0.77587890625 0.021484375 0.0224609375
0 0.98583984375 0.77734375 0.0283203125 0.0234375