0 0.39306640625 0.17041015625 0.0234375 0.03857421875
0 0.49951171875 0.15380859375 0.01708984375 0.01220703125
0 0.4990234375 0.16259765625 0.0224609375 0.01220703125
0 0.5 0.173828125 0.02001953125 0.0126953125
0 0.60302734375 0.12255859375 0.0322265625 0.0126953125
0 0.603515625 0.13330078125 0.0302734375 0.0126953125
0 0.60302734375 0.14501953125 0.0361328125 0.01220703125
0 0.60498046875 0.15576171875 0.01904296875 0.01220703125
0 0.7080078125 0.13818359375 0.08740234375 0.060546875
0 0.73681640625 0.16015625 0.015625 0.0107421875
0 0.8134765625 0.076171875 0.0205078125 0.0126953125
0 0.8037109375 0.09033203125 0.0400390625 0.02490234375
0 0.013671875 0.57275390625 0.02734375 0.0322265625
0 0.05908203125 0.568359375 0.0625 0.03125
0 0.12158203125 0.56640625 0.0556640625 0.0302734375
0 0.17333984375 0.56494140625 0.0419921875 0.0302734375