0 0.24658203125 0.0234375 0.2255859375 0.046875
0 0.388671875 0.02490234375 0.060546875 0.0498046875
0 0.0546875 0.103515625 0.109375 0.080078125
0 0.2119140625 0.11376953125 0.18017578125 0.091796875
0 0.38671875 0.1181640625 0.146484375 0.076171875
0 0.47998046875 0.01171875 0.0400390625 0.0234375
0 0.52587890625 0.015625 0.0517578125 0.03125
0 0.4814453125 0.087890625 0.02978515625 0.064453125
0 0.5263671875 0.09033203125 0.05615234375 0.064453125
0 0.58447265625 0.091796875 0.06005859375 0.0615234375
0 0.47412109375 0.1650390625 0.0283203125 0.05859375
0 0.5205078125 0.173828125 0.05615234375 0.04833984375
0 0.07666015625 0.4462890625 0.12744140625 0.068359375
0 0.2177734375 0.447265625 0.1298828125 0.080078125
0 0.314453125 0.43603515625 0.048828125 0.07177734375
0 0.3916015625 0.439453125 0.0849609375 0.0615234375
0 0.0185546875 0.5380859375 0.037109375 0.080078125
0 0.08984375 0.54443359375 0.0810546875 0.0849609375
0 0.208984375 0.546875 0.1298828125 0.07666015625
0 0.36083984375 0.53369140625 0.1435546875 0.08642578125
0 0.46630859375 0.5908203125 0.0126953125 0.15234375
0 0.5078125 0.60888671875 0.0673828125 0.1201171875
0 0.5546875 0.634765625 0.021484375 0.03515625
0 0.61669921875 0.62646484375 0.10009765625 0.1416015625
0 0.71923828125 0.65869140625 0.09228515625 0.146484375
0 0.49609375 0.77734375 0.072265625 0.201171875
0 0.65771484375 0.8046875 0.2373046875 0.2216796875
0 0.8935546875 0.65283203125 0.0537109375 0.044921875
0 0.86669921875 0.69482421875 0.09228515625 0.06494140625
0 0.85693359375 0.9287109375 0.0712890625 0.1064453125
0 0.94140625 0.92724609375 0.09521484375 0.1298828125