0 0.42041015625 0.57177734375 0.02783203125 0.0576171875
0 0.43115234375 0.50732421875 0.03369140625 0.0771484375
0 0.44189453125 0.4423828125 0.02880859375 0.0576171875
0 0.45703125 0.65771484375 0.025390625 0.0498046875
0 0.12548828125 0.8984375 0.20654296875 0.15380859375
0 0.36181640625 0.91064453125 0.2158203125 0.1513671875
0 0.51025390625 0.6611328125 0.0810546875 0.0625
0 0.58251953125 0.66064453125 0.05810546875 0.05810546875
0 0.65087890625 0.662109375 0.07080078125 0.0556640625
0 0.72509765625 0.6640625 0.0625 0.048828125
0 0.51953125 0.72900390625 0.099609375 0.0576171875
0 0.59765625 0.72119140625 0.05517578125 0.0595703125
0 0.67529296875 0.72314453125 0.08935546875 0.052734375
0 0.548828125 0.7919921875 0.0751953125 0.05712890625
0 0.6318359375 0.779296875 0.080078125 0.05712890625
0 0.47607421875 0.97900390625 0.0126953125 0.0263671875
0 0.49267578125 0.97998046875 0.0146484375 0.01953125
0 0.50732421875 0.9794921875 0.01025390625 0.009765625
0 0.537109375 0.97607421875 0.04248046875 0.02490234375
0 0.57421875 0.974609375 0.02490234375 0.0224609375
0 0.59423828125 0.974609375 0.00927734375 0.00830078125
0 0.626953125 0.9697265625 0.05224609375 0.0263671875
0 0.6767578125 0.966796875 0.044921875 0.0234375
0 0.72509765625 0.96337890625 0.0478515625 0.02490234375
0 0.7568359375 0.962890625 0.01123046875 0.009765625
0 0.78369140625 0.95849609375 0.03857421875 0.0263671875
0 0.82666015625 0.95654296875 0.044921875 0.02490234375
0 0.52880859375 0.99169921875 0.1181640625 0.0166015625
0 0.595703125 0.99267578125 0.01025390625 0.00830078125
0 0.65966796875 0.98779296875 0.1123046875 0.0244140625
0 0.72314453125 0.984375 0.00830078125 0.00830078125
0 0.783203125 0.97998046875 0.1083984375 0.02490234375
0 0.98291015625 0.79248046875 0.0341796875 0.0693359375
0 0.97900390625 0.8349609375 0.0419921875 0.025390625
0 0.97314453125 0.599609375 0.0537109375 0.021484375