0 0.15283203125 0.26025390625 0.1669921875 0.26123046875
0 0.1142578125 0.36181640625 0.091796875 0.15380859375
0 0.19384765625 0.419921875 0.0712890625 0.14208984375
0 0.14208984375 0.462890625 0.0849609375 0.11328125
0 0.099609375 0.48974609375 0.041015625 0.0595703125
0 0.732421875 0.10595703125 0.2578125 0.2119140625
0 0.9501953125 0.1240234375 0.099609375 0.20703125
0 0.50244140625 0.35400390625 0.1455078125 0.2822265625
0 0.771484375 0.38232421875 0.1943359375 0.25
0 0.94921875 0.42138671875 0.1015625 0.1962890625
0 0.021484375 0.80419921875 0.04296875 0.0849609375
0 0.1181640625 0.81298828125 0.1376953125 0.0751953125
0 0.23046875 0.81201171875 0.08251953125 0.0732421875
0 0.30908203125 0.81396484375 0.06982421875 0.06689453125
0 0.5966796875 0.53515625 0.119140625 0.03125
0 0.7275390625 0.5400390625 0.12890625 0.041015625
0 0.8974609375 0.5419921875 0.1875 0.044921875
0 0.68701171875 0.61474609375 0.19189453125 0.08056640625
0 0.85791015625 0.62890625 0.140625 0.07080078125