0 0.0390625 0.06005859375 0.078125 0.1201171875
0 0.205078125 0.06396484375 0.251953125 0.1279296875
0 0.05419921875 0.2060546875 0.1083984375 0.111328125
0 0.146484375 0.201171875 0.0556640625 0.111328125
0 0.21240234375 0.21484375 0.07080078125 0.11376953125
0 0.30078125 0.20458984375 0.10009765625 0.12353515625
0 0.04248046875 0.30908203125 0.0849609375 0.1005859375
0 0.15478515625 0.314453125 0.125 0.09619140625
0 0.251953125 0.33447265625 0.0693359375 0.130859375
0 0.44091796875 0.4990234375 0.0830078125 0.060546875
0 0.51708984375 0.51220703125 0.0517578125 0.0341796875
0 0.59814453125 0.50244140625 0.0908203125 0.0537109375
0 0.77490234375 0.0166015625 0.0107421875 0.0244140625
0 0.78955078125 0.017578125 0.0185546875 0.0224609375
0 0.80712890625 0.0166015625 0.0166015625 0.0205078125
0 0.466796875 0.56884765625 0.134765625 0.0791015625
0 0.61328125 0.57177734375 0.142578125 0.0849609375
0 0.74267578125 0.56494140625 0.0966796875 0.0712890625
0 0.8583984375 0.57177734375 0.115234375 0.0849609375
0 0.9638671875 0.5634765625 0.072265625 0.068359375
0 0.41357421875 0.70751953125 0.0283203125 0.1181640625
0 0.4951171875 0.7060546875 0.11767578125 0.10791015625
0 0.62255859375 0.6943359375 0.11767578125 0.09814453125
0 0.7685546875 0.69091796875 0.15087890625 0.09814453125
0 0.9287109375 0.6904296875 0.142578125 0.09765625