0 0.13330078125 0.02734375 0.05322265625 0.03564453125
0 0.17431640625 0.02734375 0.0283203125 0.02685546875
0 0.13525390625 0.1240234375 0.0498046875 0.0419921875
0 0.18603515625 0.091796875 0.02490234375 0.017578125
0 0.18017578125 0.119140625 0.0400390625 0.033203125
0 0.1376953125 0.2158203125 0.0283203125 0.017578125
0 0.16845703125 0.2138671875 0.02978515625 0.0224609375
0 0.11669921875 0.2373046875 0.02685546875 0.0244140625
0 0.14111328125 0.23486328125 0.021484375 0.02001953125
0 0.16357421875 0.23486328125 0.02001953125 0.02001953125
0 0.189453125 0.23486328125 0.03173828125 0.02001953125
0 0.23193359375 0.1015625 0.0234375 0.02001953125
0 0.24853515625 0.126953125 0.056640625 0.02685546875
0 0.33447265625 0.0166015625 0.0732421875 0.033203125
0 0.41552734375 0.0146484375 0.0888671875 0.029296875
0 0.38427734375 0.0439453125 0.03857421875 0.02001953125
0 0.447265625 0.1083984375 0.025390625 0.033203125
0 0.4423828125 0.1611328125 0.03515625 0.029296875
0 0.890625 0.255859375 0.03125 0.029296875
0 0.4677734375 0.18994140625 0.015625 0.0380859375
0 0.50439453125 0.19287109375 0.05322265625 0.0361328125
0 0.55615234375 0.1962890625 0.0458984375 0.03759765625
0 0.6005859375 0.201171875 0.04052734375 0.03076171875
0 0.63720703125 0.20263671875 0.029296875 0.033203125
0 0.68310546875 0.20166015625 0.033203125 0.0400390625
0 0.7216796875 0.2001953125 0.03955078125 0.03173828125
0 0.77978515625 0.19677734375 0.078125 0.0361328125
0 0.8369140625 0.19677734375 0.0341796875 0.0361328125
0 0.47119140625 0.23828125 0.0224609375 0.033203125
0 0.5087890625 0.236328125 0.046875 0.03759765625
0 0.57470703125 0.24267578125 0.0791015625 0.0390625
0 0.6455078125 0.2431640625 0.05615234375 0.03466796875
0 0.69580078125 0.24560546875 0.04150390625 0.0390625
0 0.75732421875 0.23974609375 0.0771484375 0.0361328125
0 0.81494140625 0.24072265625 0.0341796875 0.03466796875
0 0.49169921875 0.328125 0.0634765625 0.111328125
0 0.55322265625 0.32373046875 0.0498046875 0.115234375
0 0.61767578125 0.32958984375 0.064453125 0.10400390625
0 0.68212890625 0.32470703125 0.0498046875 0.11376953125
0 0.74462890625 0.337890625 0.05419921875 0.0849609375
0 0.01708984375 0.611328125 0.0341796875 0.064453125
0 0.08740234375 0.61328125 0.09814453125 0.06103515625
0 0.18212890625 0.6201171875 0.083984375 0.0693359375
0 0.25341796875 0.6201171875 0.0498046875 0.0693359375
0 0.37109375 0.6142578125 0.177734375 0.064453125
0 0.01416015625 0.7431640625 0.0283203125 0.044921875
0 0.04736328125 0.7412109375 0.0341796875 0.0390625
0 0.08642578125 0.73828125 0.0439453125 0.033203125
0 0.13134765625 0.73828125 0.0419921875 0.033203125
0 0.17431640625 0.7353515625 0.0478515625 0.033203125
0 0.234375 0.73681640625 0.07177734375 0.0361328125
0 0.2841796875 0.73388671875 0.02783203125 0.0361328125
0 0.3193359375 0.7314453125 0.0458984375 0.0361328125
0 0.369140625 0.7314453125 0.05810546875 0.0361328125
0 0.41015625 0.72998046875 0.0322265625 0.033203125
0 0.44189453125 0.73095703125 0.0361328125 0.0419921875
0 0.05615234375 0.78515625 0.1123046875 0.0390625
0 0.185546875 0.7841796875 0.01416015625 0.013671875
0 0.279296875 0.77734375 0.0498046875 0.033203125
0 0.365234375 0.77587890625 0.1181640625 0.0361328125
0 0.09033203125 0.8271484375 0.09619140625 0.0390625
0 0.88623046875 0.56103515625 0.0908203125 0.0830078125
0 0.97314453125 0.55810546875 0.0537109375 0.0771484375
0 0.92529296875 0.66796875 0.1328125 0.1220703125