0 0.03662109375 0.0458984375 0.0732421875 0.080078125
0 0.14892578125 0.060546875 0.140625 0.07080078125
0 0.82080078125 0.0869140625 0.3583984375 0.173828125
0 0.56884765625 0.3173828125 0.1259765625 0.0234375
0 0.7216796875 0.3134765625 0.162109375 0.03125
0 0.87255859375 0.31494140625 0.1240234375 0.0283203125
0 0.04833984375 0.44287109375 0.03955078125 0.03173828125
0 0.08447265625 0.4423828125 0.02685546875 0.033203125
0 0.1015625 0.4443359375 0.00927734375 0.00830078125
0 0.13427734375 0.4453125 0.04443359375 0.04345703125
0 0.1982421875 0.4462890625 0.08642578125 0.03955078125
0 0.29541015625 0.4501953125 0.09814453125 0.04248046875
0 0.38427734375 0.44091796875 0.01953125 0.01806640625
0 0.40185546875 0.4404296875 0.01220703125 0.01513671875
0 0.38134765625 0.455078125 0.01611328125 0.009765625
0 0.39453125 0.455078125 0.01220703125 0.01025390625
0 0.4052734375 0.45458984375 0.0078125 0.0107421875
0 0.37548828125 0.46435546875 0.005859375 0.0087890625
0 0.3818359375 0.46435546875 0.0068359375 0.0087890625
0 0.38671875 0.46533203125 0.0029296875 0.00341796875
0 0.39453125 0.46435546875 0.01416015625 0.009765625
0 0.4052734375 0.46435546875 0.0078125 0.0107421875
0 0.29150390625 0.55322265625 0.00732421875 0.00439453125
0 0.298828125 0.552734375 0.00732421875 0.00439453125
0 0.28759765625 0.55810546875 0.001953125 0.00390625
0 0.29248046875 0.55810546875 0.0068359375 0.00439453125
0 0.29931640625 0.55712890625 0.0078125 0.005859375
0 0.00390625 0.4375 0.00537109375 0.00830078125
0 0.57421875 0.5048828125 0.0087890625 0.009765625
0 0.5849609375 0.50439453125 0.01318359375 0.01123046875
0 0.578125 0.9453125 0.01171875 0.0126953125
0 0.58984375 0.94384765625 0.01025390625 0.0126953125
0 0.43701171875 0.68701171875 0.0556640625 0.0498046875
0 0.5068359375 0.69140625 0.06884765625 0.048828125
0 0.55517578125 0.69140625 0.0126953125 0.01513671875
0 0.59765625 0.68359375 0.05859375 0.04736328125
0 0.65576171875 0.68896484375 0.04052734375 0.04443359375
0 0.69482421875 0.68212890625 0.0205078125 0.04443359375
0 0.740234375 0.68359375 0.0546875 0.04443359375
0 0.8046875 0.6767578125 0.05859375 0.0498046875
0 0.8486328125 0.68505859375 0.01171875 0.01123046875
0 0.8837890625 0.68212890625 0.04150390625 0.04443359375
0 0.93212890625 0.67724609375 0.0400390625 0.04296875
0 0.970703125 0.67578125 0.02197265625 0.04296875
0 0.99462890625 0.67626953125 0.0107421875 0.0498046875
0 0.4306640625 0.728515625 0.03662109375 0.02099609375
0 0.4892578125 0.7265625 0.06884765625 0.02490234375
0 0.5341796875 0.7265625 0.00927734375 0.00830078125
0 0.591796875 0.724609375 0.0908203125 0.0234375
0 0.66015625 0.7236328125 0.03369140625 0.0224609375
0 0.7392578125 0.72021484375 0.11328125 0.0263671875
0 0.806640625 0.71826171875 0.0078125 0.00830078125
0 0.87548828125 0.7177734375 0.1171875 0.0234375
0 0.9580078125 0.71533203125 0.03369140625 0.0224609375