0 0.25146484375 0.14453125 0.2060546875 0.1904296875
0 0.408203125 0.16455078125 0.0625 0.1630859375
0 0.25732421875 0.33642578125 0.10205078125 0.11328125
0 0.37451171875 0.34326171875 0.1298828125 0.1259765625
0 0.6044921875 0.11181640625 0.09765625 0.0849609375
0 0.720703125 0.109375 0.119140625 0.07958984375
0 0.8359375 0.10693359375 0.087890625 0.0634765625
0 0.92578125 0.109375 0.072265625 0.07958984375
0 0.7275390625 0.18212890625 0.08984375 0.05029296875
0 0.8115234375 0.1796875 0.06640625 0.044921875
0 0.5390625 0.2431640625 0.029296875 0.03466796875
0 0.603515625 0.23681640625 0.091796875 0.0478515625
0 0.6806640625 0.23291015625 0.05859375 0.03955078125
0 0.7373046875 0.2314453125 0.046875 0.037109375
0 0.8505859375 0.22998046875 0.0625 0.03955078125
0 0.041015625 0.6630859375 0.08203125 0.072265625
0 0.009765625 0.85107421875 0.01953125 0.0927734375
0 0.125 0.8486328125 0.1767578125 0.0908203125
0 0.302734375 0.8330078125 0.14306640625 0.10595703125
0 0.4267578125 0.71533203125 0.025390625 0.0556640625
0 0.58154296875 0.45556640625 0.0205078125 0.0126953125
0 0.6005859375 0.45556640625 0.017578125 0.0126953125
0 0.62158203125 0.45703125 0.0224609375 0.015625
0 0.64697265625 0.45703125 0.0244140625 0.015625
0 0.66796875 0.45703125 0.017578125 0.015625
0 0.68798828125 0.45703125 0.0205078125 0.015625
0 0.54833984375 0.51220703125 0.0849609375 0.046875
0 0.62109375 0.5126953125 0.05859375 0.04833984375
0 0.70703125 0.51513671875 0.10546875 0.04541015625
0 0.5732421875 0.5830078125 0.083984375 0.05078125
0 0.65380859375 0.58740234375 0.0712890625 0.05224609375
0 0.71240234375 0.58251953125 0.0439453125 0.04443359375
0 0.46240234375 0.6728515625 0.0283203125 0.02490234375
0 0.4912109375 0.67041015625 0.029296875 0.02978515625
0 0.5166015625 0.67041015625 0.021484375 0.02734375
0 0.537109375 0.67333984375 0.017578125 0.0234375
0 0.57275390625 0.67333984375 0.0517578125 0.02587890625
0 0.6201171875 0.67529296875 0.041015625 0.02490234375
0 0.6689453125 0.67822265625 0.0546875 0.02490234375
0 0.71875 0.67919921875 0.046875 0.02734375
0 0.76318359375 0.6806640625 0.0419921875 0.02734375