0 0.54150390625 0.01318359375 0.0693359375 0.0263671875
0 0.5947265625 0.02197265625 0.03515625 0.0439453125
0 0.6357421875 0.0341796875 0.046875 0.06640625
0 0.41748046875 0.01318359375 0.0654296875 0.0263671875
0 0.48876953125 0.03662109375 0.0830078125 0.0732421875
0 0.560546875 0.05810546875 0.0576171875 0.0703125
0 0.61962890625 0.0859375 0.060546875 0.078125
0 0.49853515625 0.21142578125 0.3212890625 0.3193359375
0 0.3046875 0.35107421875 0.0576171875 0.064453125
0 0.35400390625 0.36279296875 0.03857421875 0.064453125
0 0.3935546875 0.37158203125 0.037109375 0.05859375
0 0.4541015625 0.39111328125 0.07861328125 0.078125
0 0.5146484375 0.40576171875 0.037109375 0.060546875
0 0.5595703125 0.41455078125 0.05029296875 0.0625
0 0.60400390625 0.42431640625 0.04150390625 0.0546875
0 0.642578125 0.4384765625 0.033203125 0.068359375
0 0.3037109375 0.42138671875 0.02978515625 0.056640625
0 0.36376953125 0.43701171875 0.09326171875 0.087890625
0 0.435546875 0.44677734375 0.05029296875 0.068359375
0 0.48876953125 0.46630859375 0.05615234375 0.068359375
0 0.53173828125 0.46923828125 0.02685546875 0.05859375
0 0.58203125 0.48486328125 0.07373046875 0.07421875
0 0.63818359375 0.4892578125 0.0419921875 0.060546875
0 0.7021484375 0.1845703125 0.0859375 0.115234375
0 0.8056640625 0.18212890625 0.1201171875 0.13037109375
0 0.919921875 0.2109375 0.091796875 0.14306640625
0 0.4013671875 0.626953125 0.05078125 0.015625
0 0.72119140625 0.67041015625 0.09228515625 0.1005859375
0 0.8203125 0.650390625 0.11328125 0.0625
0 0.82958984375 0.76806640625 0.3408203125 0.2978515625
0 0.6865234375 0.943359375 0.0546875 0.06640625
0 0.7451171875 0.92724609375 0.07275390625 0.06640625
0 0.8037109375 0.90478515625 0.05126953125 0.052734375
0 0.85498046875 0.89306640625 0.05126953125 0.05712890625
0 0.93505859375 0.8759765625 0.0693359375 0.0595703125
0 0.9853515625 0.859375 0.029296875 0.068359375