0 0.2197265625 0.04052734375 0.390625 0.0810546875
0 0.07421875 0.17822265625 0.0341796875 0.0390625
0 0.107421875 0.17578125 0.0322265625 0.04443359375
0 0.12744140625 0.1826171875 0.01220703125 0.0361328125
0 0.1474609375 0.17431640625 0.02783203125 0.04736328125
0 0.18115234375 0.17822265625 0.0400390625 0.04443359375
0 0.2060546875 0.18408203125 0.009765625 0.0166015625
0 0.22900390625 0.1796875 0.0400390625 0.04736328125
0 0.27001953125 0.18408203125 0.0458984375 0.0390625
0 0.29833984375 0.18798828125 0.009765625 0.013671875
0 0.3310546875 0.18115234375 0.0517578125 0.0390625
0 0.38330078125 0.1826171875 0.0517578125 0.04736328125
0 0.4150390625 0.189453125 0.01220703125 0.0166015625
0 0.43408203125 0.18408203125 0.0341796875 0.04443359375
0 0.4853515625 0.185546875 0.06396484375 0.04150390625
0 0.072265625 0.2255859375 0.0341796875 0.0390625
0 0.13720703125 0.2255859375 0.09619140625 0.0390625
0 0.1923828125 0.21875 0.009765625 0.01953125
0 0.21728515625 0.22705078125 0.0439453125 0.0361328125
0 0.60498046875 0.078125 0.0517578125 0.03125
0 0.677734375 0.07666015625 0.09033203125 0.0283203125
0 0.75537109375 0.07421875 0.060546875 0.02978515625
0 0.80419921875 0.076171875 0.04052734375 0.02978515625
0 0.8564453125 0.07275390625 0.05712890625 0.02685546875
0 0.923828125 0.07275390625 0.06982421875 0.02685546875
0 0.97998046875 0.07080078125 0.0400390625 0.0263671875
0 0.61962890625 0.26171875 0.0810546875 0.03125
0 0.69287109375 0.25830078125 0.060546875 0.02978515625
0 0.78369140625 0.25830078125 0.11767578125 0.033203125
0 0.8740234375 0.2568359375 0.05908203125 0.0361328125
0 0.6103515625 0.35400390625 0.0625 0.0302734375
0 0.67138671875 0.3564453125 0.05517578125 0.03466796875
0 0.3857421875 0.43115234375 0.0546875 0.0634765625
0 0.44775390625 0.4375 0.0546875 0.06982421875
0 0.51025390625 0.45361328125 0.0625 0.08251953125
0 0.56103515625 0.4658203125 0.0361328125 0.0703125
0 0.73681640625 0.47705078125 0.23876953125 0.09521484375
0 0.9140625 0.45361328125 0.103515625 0.06494140625
0 0.70068359375 0.5732421875 0.2431640625 0.162109375
0 0.91455078125 0.5322265625 0.1708984375 0.197265625
0 0.6064453125 0.69140625 0.0546875 0.064453125
0 0.67724609375 0.6796875 0.080078125 0.080078125
0 0.7314453125 0.68505859375 0.0185546875 0.0185546875
0 0.79296875 0.66845703125 0.09375 0.091796875
0 0.8544921875 0.673828125 0.017578125 0.01513671875
0 0.92578125 0.662109375 0.1201171875 0.0849609375
0 0.99462890625 0.66015625 0.0107421875 0.021484375