0 0.0224609375 0.20849609375 0.03857421875 0.03564453125
0 0.0546875 0.20849609375 0.0224609375 0.02880859375
0 0.07568359375 0.20849609375 0.01904296875 0.0244140625
0 0.1015625 0.20458984375 0.02978515625 0.0361328125
0 0.1279296875 0.20458984375 0.02294921875 0.03271484375
0 0.15478515625 0.203125 0.02880859375 0.03955078125
0 0.18701171875 0.20751953125 0.033203125 0.0419921875
0 0.22119140625 0.205078125 0.03369140625 0.03515625
0 0.1201171875 0.24560546875 0.07421875 0.03515625
0 0.04248046875 0.41748046875 0.0302734375 0.0107421875
0 0.0068359375 0.4541015625 0.00537109375 0.0068359375
0 0.0244140625 0.45458984375 0.025390625 0.02294921875
0 0.044921875 0.45556640625 0.0146484375 0.0224609375
0 0.060546875 0.4541015625 0.013671875 0.02099609375
0 0.08447265625 0.453125 0.0302734375 0.0224609375
0 0.1083984375 0.45458984375 0.01416015625 0.01904296875
0 0.12890625 0.4521484375 0.02099609375 0.02490234375
0 0.0068359375 0.48193359375 0.00537109375 0.005859375
0 0.02587890625 0.48046875 0.02880859375 0.02197265625
0 0.05029296875 0.48291015625 0.0166015625 0.02294921875
0 0.0693359375 0.4794921875 0.02197265625 0.02392578125
0 0.08984375 0.48046875 0.01513671875 0.0224609375
0 0.11328125 0.4814453125 0.02880859375 0.02197265625
0 0.1416015625 0.48095703125 0.0234375 0.0224609375
0 0.0068359375 0.51025390625 0.00537109375 0.00634765625
0 0.0166015625 0.509765625 0.01171875 0.01904296875
0 0.044921875 0.5068359375 0.04052734375 0.0263671875
0 0.07763671875 0.5078125 0.01953125 0.02490234375
0 0.099609375 0.51025390625 0.0205078125 0.02587890625
0 0.1240234375 0.50927734375 0.0234375 0.021484375
0 0.1494140625 0.50927734375 0.0234375 0.0244140625
0 0.1787109375 0.51025390625 0.029296875 0.02294921875
0 0.21533203125 0.51123046875 0.03955078125 0.02783203125
0 0.04736328125 0.5263671875 0.0263671875 0.005859375
0 0.1455078125 0.5263671875 0.021484375 0.005859375
0 0.45703125 0.02880859375 0.087890625 0.0576171875
0 0.45703125 0.12939453125 0.115234375 0.1845703125
0 0.61328125 0.08740234375 0.197265625 0.1748046875
0 0.525390625 0.30029296875 0.251953125 0.3017578125
0 0.01806640625 0.6640625 0.0361328125 0.044921875
0 0.06787109375 0.66943359375 0.0703125 0.0400390625
0 0.12451171875 0.669921875 0.0537109375 0.02880859375
0 0.18115234375 0.67578125 0.0771484375 0.03759765625
0 0.25390625 0.6796875 0.07421875 0.03759765625
0 0.318359375 0.68212890625 0.06494140625 0.02587890625
0 0.18408203125 0.71240234375 0.1005859375 0.03564453125
0 0.2744140625 0.71826171875 0.08642578125 0.0361328125
0 0.12353515625 0.71044921875 0.0234375 0.0078125
0 0.3212890625 0.71826171875 0.02099609375 0.00830078125
0 0.36328125 0.71826171875 0.072265625 0.0400390625
0 0.82666015625 0.60400390625 0.1650390625 0.1494140625
0 0.9619140625 0.556640625 0.076171875 0.0546875
0 0.9306640625 0.6240234375 0.08935546875 0.08935546875