0 0.2001953125 0.14208984375 0.1845703125 0.1220703125
0 0.43701171875 0.171875 0.234375 0.12109375
0 0.650390625 0.2109375 0.14794921875 0.11328125
0 0.796875 0.232421875 0.11328125 0.09765625
0 0.92431640625 0.25048828125 0.1201171875 0.087890625
0 0.65234375 0.36181640625 0.07763671875 0.04345703125
0 0.7685546875 0.36376953125 0.15673828125 0.0634765625
0 0.76220703125 0.408203125 0.06201171875 0.0322265625
0 0.83056640625 0.4150390625 0.06787109375 0.041015625
0 0.666015625 0.5478515625 0.0390625 0.017578125
0 0.23291015625 0.3779296875 0.03662109375 0.017578125