0 0.287109375 0.2646484375 0.02392578125 0.03173828125
0 0.31689453125 0.263671875 0.03564453125 0.02734375
0 0.34716796875 0.26025390625 0.0224609375 0.03466796875
0 0.265625 0.29931640625 0.021484375 0.03466796875
0 0.28662109375 0.29931640625 0.02001953125 0.03173828125
0 0.30908203125 0.2978515625 0.021484375 0.03173828125
0 0.32958984375 0.29638671875 0.02099609375 0.03173828125
0 0.361328125 0.2958984375 0.0400390625 0.0361328125
0 0.46240234375 0.23974609375 0.0849609375 0.2041015625
0 0.43310546875 0.3984375 0.0263671875 0.138671875
0 0.46240234375 0.34765625 0.05908203125 0.16357421875
0 0.83056640625 0.2890625 0.1689453125 0.22509765625
0 0.6767578125 0.326171875 0.09375 0.2021484375
0 0.14990234375 0.5791015625 0.2568359375 0.138671875
0 0.04345703125 0.74462890625 0.0869140625 0.1044921875
0 0.17333984375 0.75537109375 0.1513671875 0.091796875
0 0.0126953125 0.82080078125 0.025390625 0.0400390625
0 0.1240234375 0.82958984375 0.18212890625 0.0537109375
0 0.01123046875 0.892578125 0.0224609375 0.021484375
0 0.0498046875 0.89208984375 0.04736328125 0.029296875
0 0.10302734375 0.89306640625 0.0556640625 0.0302734375
0 0.16455078125 0.89697265625 0.03125 0.02587890625
0 0.2080078125 0.9013671875 0.0419921875 0.0302734375
0 0.6787109375 0.68408203125 0.00732421875 0.005859375
0 0.68505859375 0.68310546875 0.005859375 0.00537109375
0 0.6904296875 0.6826171875 0.0048828125 0.00537109375
0 0.68017578125 0.68994140625 0.0048828125 0.0048828125
0 0.68603515625 0.68994140625 0.0068359375 0.0048828125
0 0.677734375 0.70751953125 0.00537109375 0.0048828125
0 0.68359375 0.70751953125 0.005859375 0.00634765625
0 0.6904296875 0.70703125 0.00830078125 0.00537109375
0 0.69140625 0.72802734375 0.013671875 0.0126953125
0 0.6943359375 0.73095703125 0.0078125 0.01025390625
0 0.87109375 0.77685546875 0.00830078125 0.00537109375
0 0.85693359375 0.6376953125 0.0078125 0.00634765625