0 0.099609375 0.43115234375 0.19921875 0.3056640625
0 0.3173828125 0.41064453125 0.255859375 0.34130859375
0 0.7890625 0.0849609375 0.259765625 0.169921875
0 0.74169921875 0.20361328125 0.146484375 0.0537109375
0 0.67333984375 0.25 0.0283203125 0.03515625
0 0.716796875 0.24951171875 0.05322265625 0.03369140625
0 0.7763671875 0.248046875 0.0634765625 0.03125
0 0.78076171875 0.57861328125 0.02490234375 0.02685546875
0 0.80810546875 0.5673828125 0.0400390625 0.03125
0 0.8359375 0.55517578125 0.02490234375 0.02880859375
0 0.86083984375 0.54638671875 0.0283203125 0.02880859375
0 0.6650390625 0.65625 0.01171875 0.03515625
0 0.70849609375 0.69140625 0.02685546875 0.03369140625
0 0.748046875 0.55859375 0.02685546875 0.01806640625
0 0.72314453125 0.55712890625 0.0166015625 0.015625
0 0.220703125 0.76806640625 0.0859375 0.0166015625
0 0.328125 0.79052734375 0.1171875 0.0615234375
0 0.4638671875 0.82373046875 0.14013671875 0.12744140625
0 0.1240234375 0.7724609375 0.0390625 0.025390625
0 0.1513671875 0.7744140625 0.021484375 0.029296875
0 0.166015625 0.78076171875 0.00732421875 0.0126953125
0 0.1904296875 0.78857421875 0.04443359375 0.048828125
0 0.23681640625 0.8095703125 0.04833984375 0.0615234375
0 0.291015625 0.830078125 0.05712890625 0.06787109375
0 0.39013671875 0.87353515625 0.10693359375 0.08740234375
0 0.48828125 0.9150390625 0.0712890625 0.072265625
0 0.73046875 0.99072265625 0.064453125 0.0185546875
0 0.79296875 0.9921875 0.068359375 0.015625