0 0.193359375 0.412109375 0.0673828125 0.10498046875
0 0.26708984375 0.40966796875 0.072265625 0.13330078125
0 0.375 0.39697265625 0.14013671875 0.12841796875
0 0.47216796875 0.408203125 0.0556640625 0.138671875
0 0.2275390625 0.51025390625 0.095703125 0.0576171875
0 0.328125 0.51318359375 0.091796875 0.0517578125
0 0.43994140625 0.5107421875 0.1201171875 0.056640625
0 0.134765625 0.591796875 0.21142578125 0.0947265625
0 0.02197265625 0.70947265625 0.0439453125 0.0771484375
0 0.2109375 0.7099609375 0.2822265625 0.08837890625
0 0.43310546875 0.69384765625 0.1337890625 0.0888671875
0 0.07275390625 0.77685546875 0.08740234375 0.03857421875
0 0.6396484375 0.7666015625 0.0224609375 0.021484375
0 0.658203125 0.7724609375 0.02392578125 0.0205078125
0 0.68310546875 0.77783203125 0.0244140625 0.0224609375