0 0.1083984375 0.0361328125 0.2001953125 0.05029296875
0 0.265625 0.13525390625 0.1435546875 0.064453125
0 0.41748046875 0.1298828125 0.14794921875 0.06982421875
0 0.55517578125 0.13427734375 0.123046875 0.07275390625
0 0.72802734375 0.13427734375 0.2060546875 0.07275390625
0 0.2177734375 0.21923828125 0.10205078125 0.06982421875
0 0.3447265625 0.220703125 0.1396484375 0.07275390625
0 0.47412109375 0.21923828125 0.1064453125 0.06982421875
0 0.56689453125 0.2138671875 0.05810546875 0.06982421875
0 0.72998046875 0.2236328125 0.24365234375 0.0615234375
0 0.1904296875 0.29052734375 0.0478515625 0.044921875
0 0.22705078125 0.28759765625 0.02490234375 0.0390625
0 0.25830078125 0.28759765625 0.033203125 0.0390625
0 0.33251953125 0.2890625 0.1064453125 0.04736328125
0 0.4365234375 0.28369140625 0.08935546875 0.0419921875
0 0.5009765625 0.2861328125 0.03564453125 0.0419921875
0 0.548828125 0.28369140625 0.060546875 0.0419921875
0 0.61865234375 0.28369140625 0.0751953125 0.0419921875
0 0.68310546875 0.2861328125 0.05419921875 0.0361328125
0 0.7353515625 0.28515625 0.0498046875 0.0390625
0 0.8125 0.29052734375 0.095703125 0.05029296875
0 0.51123046875 0.3798828125 0.1728515625 0.05029296875
0 0.59814453125 0.71923828125 0.0498046875 0.0419921875