0 0.419921875 0.40673828125 0.03857421875 0.03564453125
0 0.4521484375 0.40673828125 0.0224609375 0.02880859375
0 0.47314453125 0.40673828125 0.01904296875 0.0244140625
0 0.4990234375 0.40283203125 0.02978515625 0.0361328125
0 0.525390625 0.40283203125 0.02294921875 0.03271484375
0 0.55224609375 0.4013671875 0.02880859375 0.03955078125
0 0.58447265625 0.40576171875 0.033203125 0.0419921875
0 0.61865234375 0.4033203125 0.03369140625 0.03515625
0 0.517578125 0.44384765625 0.07421875 0.03515625
0 0.43994140625 0.61572265625 0.0302734375 0.0107421875
0 0.404296875 0.65234375 0.00537109375 0.0068359375
0 0.421875 0.65283203125 0.025390625 0.02294921875
0 0.4423828125 0.65380859375 0.0146484375 0.0224609375
0 0.4580078125 0.65234375 0.013671875 0.02099609375
0 0.48193359375 0.6513671875 0.0302734375 0.0224609375
0 0.505859375 0.65283203125 0.01416015625 0.01904296875
0 0.5263671875 0.650390625 0.02099609375 0.02490234375
0 0.404296875 0.68017578125 0.00537109375 0.005859375
0 0.42333984375 0.6787109375 0.02880859375 0.02197265625
0 0.44775390625 0.68115234375 0.0166015625 0.02294921875
0 0.466796875 0.677734375 0.02197265625 0.02392578125
0 0.4873046875 0.6787109375 0.01513671875 0.0224609375
0 0.5107421875 0.6796875 0.02880859375 0.02197265625
0 0.5390625 0.67919921875 0.0234375 0.0224609375
0 0.404296875 0.70849609375 0.00537109375 0.00634765625
0 0.4140625 0.7080078125 0.01171875 0.01904296875
0 0.4423828125 0.705078125 0.04052734375 0.0263671875
0 0.47509765625 0.7060546875 0.01953125 0.02490234375
0 0.4970703125 0.70849609375 0.0205078125 0.02587890625
0 0.521484375 0.70751953125 0.0234375 0.021484375
0 0.546875 0.70751953125 0.0234375 0.0244140625
0 0.576171875 0.70849609375 0.029296875 0.02294921875
0 0.61279296875 0.70947265625 0.03955078125 0.02783203125
0 0.404296875 0.73681640625 0.00537109375 0.0068359375
0 0.41943359375 0.734375 0.02197265625 0.01953125
0 0.44482421875 0.73388671875 0.0263671875 0.02294921875
0 0.46728515625 0.7353515625 0.0146484375 0.017578125
0 0.49072265625 0.73486328125 0.02978515625 0.0224609375
0 0.5146484375 0.73486328125 0.01513671875 0.02197265625
0 0.52685546875 0.73681640625 0.0078125 0.017578125
0 0.54345703125 0.734375 0.021484375 0.0244140625
0 0.55810546875 0.73876953125 0.00537109375 0.00537109375
0 0.56982421875 0.7373046875 0.01318359375 0.02001953125
0 0.5888671875 0.73583984375 0.021484375 0.02294921875
0 0.404296875 0.76416015625 0.00537109375 0.00537109375
0 0.41943359375 0.76220703125 0.02099609375 0.02001953125
0 0.44482421875 0.76171875 0.025390625 0.021484375
0 0.46630859375 0.763671875 0.0146484375 0.01904296875
0 0.48681640625 0.76123046875 0.021484375 0.02392578125
0 0.5068359375 0.76220703125 0.0146484375 0.02294921875
0 0.52099609375 0.7646484375 0.0146484375 0.0185546875
0 0.541015625 0.76220703125 0.02001953125 0.02392578125
0 0.5556640625 0.76611328125 0.005859375 0.005859375
0 0.5703125 0.765625 0.02099609375 0.02099609375
0 0.5927734375 0.763671875 0.021484375 0.025390625
0 0.42431640625 0.7998046875 0.0400390625 0.0322265625