0 0.3779296875 0.18310546875 0.017578125 0.01513671875
0 0.40234375 0.18310546875 0.02880859375 0.0185546875
0 0.4296875 0.185546875 0.0263671875 0.0166015625
0 0.46240234375 0.1865234375 0.03857421875 0.0185546875
0 0.36669921875 0.20361328125 0.0146484375 0.0166015625
0 0.384765625 0.20458984375 0.02392578125 0.0185546875
0 0.40625 0.20458984375 0.021484375 0.0185546875
0 0.4306640625 0.20654296875 0.02734375 0.0185546875
0 0.4541015625 0.20654296875 0.02001953125 0.021484375
0 0.4736328125 0.2080078125 0.021484375 0.0185546875
0 0.49462890625 0.208984375 0.02392578125 0.02001953125
0 0.5673828125 0.17724609375 0.0537109375 0.10986328125
0 0.6337890625 0.1865234375 0.076171875 0.09521484375
0 0.69677734375 0.1865234375 0.052734375 0.09814453125
0 0.77685546875 0.19482421875 0.10498046875 0.091796875
0 0.84912109375 0.1962890625 0.03515625 0.08837890625
0 0.89794921875 0.20556640625 0.05517578125 0.1064453125
0 0.96044921875 0.1953125 0.06494140625 0.10009765625
0 0.63671875 0.31396484375 0.0498046875 0.06689453125
0 0.69775390625 0.333984375 0.06494140625 0.06982421875
0 0.75537109375 0.3271484375 0.04248046875 0.05322265625
0 0.8134765625 0.33154296875 0.06396484375 0.08154296875
0 0.85986328125 0.32275390625 0.02392578125 0.06494140625
0 0.8994140625 0.32568359375 0.04736328125 0.06689453125
0 0.9462890625 0.32470703125 0.041015625 0.068359375
0 0.54833984375 0.42041015625 0.03369140625 0.06689453125
0 0.5947265625 0.4248046875 0.0537109375 0.06494140625
0 0.650390625 0.43359375 0.05517578125 0.08349609375
0 0.71484375 0.435546875 0.06640625 0.08984375
0 0.76171875 0.4296875 0.0224609375 0.068359375
0 0.806640625 0.4365234375 0.0576171875 0.08154296875
0 0.86669921875 0.44189453125 0.0576171875 0.08642578125
0 0.9208984375 0.435546875 0.041015625 0.06982421875
0 0.96728515625 0.44287109375 0.0439453125 0.0751953125
0 0.080078125 0.93896484375 0.16015625 0.1220703125
0 0.2314453125 0.97216796875 0.255859375 0.0556640625
0 0.70556640625 0.83837890625 0.01513671875 0.0439453125
0 0.6728515625 0.82373046875 0.009765625 0.01708984375
0 0.6728515625 0.84033203125 0.00732421875 0.015625