0 0.2041015625 0.08349609375 0.07275390625 0.11181640625
0 0.3232421875 0.0888671875 0.14013671875 0.09033203125
0 0.5302734375 0.09033203125 0.244140625 0.0927734375
0 0.09765625 0.177734375 0.08544921875 0.0546875
0 0.17041015625 0.177734375 0.052734375 0.06005859375
0 0.23388671875 0.177734375 0.0673828125 0.06005859375
0 0.2978515625 0.18310546875 0.052734375 0.0546875
0 0.35791015625 0.17919921875 0.0673828125 0.0576171875
0 0.41259765625 0.18017578125 0.0380859375 0.06005859375
0 0.474609375 0.1708984375 0.08544921875 0.0576171875
0 0.54638671875 0.1748046875 0.0546875 0.0546875
0 0.6083984375 0.177734375 0.06201171875 0.06005859375
0 0.67138671875 0.17626953125 0.056640625 0.06298828125
0 0.73291015625 0.1748046875 0.06005859375 0.06005859375
0 0.26220703125 0.27880859375 0.029296875 0.0439453125
0 0.2958984375 0.28125 0.0380859375 0.0546875
0 0.34521484375 0.28271484375 0.04931640625 0.0517578125
0 0.380859375 0.27587890625 0.02197265625 0.04931640625
0 0.419921875 0.2841796875 0.06005859375 0.04931640625
0 0.458984375 0.27734375 0.02197265625 0.0517578125
0 0.49072265625 0.27734375 0.04541015625 0.04638671875