0 0.03955078125 0.0673828125 0.0791015625 0.134765625
0 0.12451171875 0.0673828125 0.0830078125 0.134765625
0 0.201171875 0.07080078125 0.07421875 0.1416015625
0 0.03857421875 0.1748046875 0.052734375 0.05517578125
0 0.09716796875 0.1748046875 0.06494140625 0.05517578125
0 0.1484375 0.17724609375 0.0400390625 0.04345703125
0 0.1943359375 0.17626953125 0.05126953125 0.0615234375
0 0.01025390625 0.271484375 0.0205078125 0.02734375
0 0.064453125 0.25537109375 0.07373046875 0.080078125
0 0.11865234375 0.2685546875 0.02490234375 0.0234375
0 0.19970703125 0.25537109375 0.1298828125 0.0732421875
0 0.0517578125 0.3505859375 0.103515625 0.08203125
0 0.14990234375 0.3505859375 0.09228515625 0.06982421875
0 0.23681640625 0.34716796875 0.07373046875 0.080078125
0 0.0302734375 0.43994140625 0.060546875 0.0771484375
0 0.10986328125 0.447265625 0.08984375 0.0732421875
0 0.21630859375 0.43359375 0.107421875 0.07666015625
0 0.02685546875 0.51806640625 0.0537109375 0.0673828125
0 0.0703125 0.52978515625 0.021484375 0.02490234375
0 0.1181640625 0.5185546875 0.0712890625 0.06689453125
0 0.216796875 0.51708984375 0.11376953125 0.06689453125
0 0.1357421875 0.5888671875 0.26123046875 0.0634765625
0 0.0205078125 0.646484375 0.041015625 0.037109375
0 0.05126953125 0.64794921875 0.017578125 0.03857421875
0 0.095703125 0.64794921875 0.06396484375 0.04150390625
0 0.13720703125 0.6455078125 0.0126953125 0.0400390625
0 0.1494140625 0.64794921875 0.01123046875 0.0185546875
0 0.16943359375 0.6455078125 0.03125 0.04345703125
0 0.20751953125 0.6396484375 0.044921875 0.03857421875
0 0.2529296875 0.6435546875 0.04638671875 0.046875
0 0.33251953125 0.2587890625 0.0458984375 0.078125
0 0.3994140625 0.24560546875 0.0849609375 0.0751953125
0 0.453125 0.25537109375 0.01513671875 0.0185546875
0 0.4873046875 0.2431640625 0.05615234375 0.080078125
0 0.5615234375 0.23876953125 0.072265625 0.08154296875
0 0.609375 0.25048828125 0.01513671875 0.021484375
0 0.65185546875 0.23388671875 0.080078125 0.08154296875
0 0.705078125 0.2470703125 0.01611328125 0.0185546875
0 0.73974609375 0.2314453125 0.0537109375 0.08349609375
0 0.81298828125 0.22705078125 0.08251953125 0.091796875
0 0.9111328125 0.2177734375 0.103515625 0.09326171875
0 0.8544921875 0.30810546875 0.08984375 0.06005859375
0 0.93359375 0.3115234375 0.06640625 0.0498046875
0 0.150390625 0.74169921875 0.27734375 0.1240234375
0 0.10400390625 0.90087890625 0.2080078125 0.1689453125
0 0.26123046875 0.8720703125 0.0966796875 0.1875
0 0.52392578125 0.92236328125 0.4287109375 0.1552734375
0 0.84521484375 0.97900390625 0.1416015625 0.0419921875
0 0.70556640625 0.8681640625 0.056640625 0.04150390625