0 0.40966796875 0.166015625 0.09326171875 0.0341796875
0 0.4990234375 0.16650390625 0.05810546875 0.0341796875
0 0.56884765625 0.162109375 0.07080078125 0.0517578125
0 0.65771484375 0.166015625 0.09521484375 0.0400390625
0 0.53466796875 0.20751953125 0.16162109375 0.037109375
0 0.384765625 0.45751953125 0.0166015625 0.0068359375
0 0.30126953125 0.283203125 0.04931640625 0.03466796875
0 0.3681640625 0.2802734375 0.076171875 0.0419921875
0 0.34326171875 0.3212890625 0.07177734375 0.0302734375
0 0.607421875 0.2822265625 0.07470703125 0.0361328125
0 0.66162109375 0.28564453125 0.02197265625 0.02783203125
0 0.71337890625 0.28125 0.07568359375 0.0380859375
0 0.78271484375 0.28515625 0.05126953125 0.0302734375
0 0.69384765625 0.32080078125 0.099609375 0.03125
0 0.78564453125 0.33642578125 0.0556640625 0.02587890625
0 0.27099609375 0.3798828125 0.0439453125 0.02490234375
0 0.3173828125 0.38232421875 0.04052734375 0.02392578125
0 0.35009765625 0.380859375 0.02099609375 0.01904296875
0 0.4111328125 0.380859375 0.09521484375 0.0224609375
0 0.400390625 0.45751953125 0.01220703125 0.00537109375
0 0.37646484375 0.46484375 0.005859375 0.00634765625
0 0.384765625 0.46484375 0.01220703125 0.00634765625
0 0.39453125 0.4638671875 0.0078125 0.0068359375
0 0.40478515625 0.4638671875 0.01123046875 0.0078125
0 0.4423828125 0.46826171875 0.01513671875 0.0078125
0 0.455078125 0.46923828125 0.00927734375 0.0048828125
0 0.482421875 0.482421875 0.0205078125 0.0068359375
0 0.55224609375 0.44140625 0.03466796875 0.0126953125
0 0.5947265625 0.478515625 0.02001953125 0.0068359375
0 0.611328125 0.4521484375 0.033203125 0.021484375
0 0.6220703125 0.48193359375 0.00732421875 0.005859375
0 0.74853515625 0.53125 0.009765625 0.0068359375
0 0.92431640625 0.44384765625 0.0400390625 0.01123046875
0 0.97998046875 0.39892578125 0.0224609375 0.01806640625
0 0.98291015625 0.4375 0.02099609375 0.0126953125
0 0.97705078125 0.44775390625 0.00732421875 0.0068359375
0 0.88916015625 0.48046875 0.01025390625 0.01025390625
0 0.90185546875 0.48046875 0.013671875 0.01220703125
0 0.91796875 0.4814453125 0.01416015625 0.0107421875
0 0.93994140625 0.482421875 0.02490234375 0.01220703125
0 0.9326171875 0.501953125 0.0458984375 0.02783203125
0 0.89892578125 0.5185546875 0.02490234375 0.0107421875
0 0.92333984375 0.5185546875 0.02294921875 0.01025390625
0 0.943359375 0.5185546875 0.01513671875 0.00927734375
0 0.89208984375 0.529296875 0.0234375 0.009765625
0 0.912109375 0.52880859375 0.0146484375 0.01025390625
0 0.93310546875 0.5283203125 0.0263671875 0.00927734375
0 0.87841796875 0.5380859375 0.01025390625 0.0068359375
0 0.89306640625 0.53857421875 0.017578125 0.0068359375
0 0.91259765625 0.53857421875 0.02001953125 0.0068359375
0 0.9306640625 0.5380859375 0.01611328125 0.0068359375
0 0.94384765625 0.53857421875 0.009765625 0.00634765625
0 0.89404296875 0.544921875 0.0361328125 0.005859375
0 0.8408203125 0.5400390625 0.02197265625 0.0166015625
0 0.22705078125 0.52294921875 0.01708984375 0.0048828125
0 0.572265625 0.619140625 0.04931640625 0.0205078125
0 0.6298828125 0.6533203125 0.0703125 0.03515625
0 0.57373046875 0.67919921875 0.04541015625 0.02001953125
0 0.61572265625 0.6826171875 0.0390625 0.021484375
0 0.6416015625 0.68603515625 0.0087890625 0.0087890625
0 0.6611328125 0.68603515625 0.03076171875 0.0185546875