0 0.1064453125 0.00146484375 0.0234375 0.0029296875
0 0.45751953125 0.15869140625 0.0166015625 0.0302734375
0 0.06103515625 0.568359375 0.1220703125 0.150390625
0 0.21728515625 0.56201171875 0.166015625 0.15283203125
0 0.373046875 0.5498046875 0.1083984375 0.16064453125
0 0.04833984375 0.7880859375 0.0966796875 0.166015625
0 0.1796875 0.79248046875 0.138671875 0.18505859375
0 0.31005859375 0.779296875 0.08447265625 0.16357421875
0 0.4091796875 0.8095703125 0.080078125 0.166015625
0 0.5966796875 0.67578125 0.07861328125 0.05810546875
0 0.55908203125 0.72998046875 0.10205078125 0.091796875
0 0.6875 0.740234375 0.1748046875 0.115234375
0 0.55810546875 0.921875 0.06982421875 0.0283203125
0 0.70361328125 0.931640625 0.0908203125 0.03271484375
0 0.8349609375 0.935546875 0.04248046875 0.02734375
0 0.8759765625 0.93701171875 0.0380859375 0.02734375
0 0.91357421875 0.9404296875 0.03857421875 0.03076171875
0 0.947265625 0.93798828125 0.03173828125 0.0224609375
0 0.9736328125 0.94140625 0.02001953125 0.02587890625
0 0.9912109375 0.94091796875 0.017578125 0.0263671875