0 0.30029296875 0.01806640625 0.1416015625 0.0361328125
0 0.166015625 0.07421875 0.05859375 0.09521484375
0 0.228515625 0.08837890625 0.05859375 0.1064453125
0 0.3115234375 0.08935546875 0.1025390625 0.1015625
0 0.18603515625 0.19287109375 0.12109375 0.115234375
0 0.31201171875 0.2060546875 0.12109375 0.10498046875
0 0.1220703125 0.3125 0.1162109375 0.125
0 0.23095703125 0.31787109375 0.10888671875 0.1083984375
0 0.3623046875 0.3251953125 0.1513671875 0.11669921875
0 0.21826171875 0.3935546875 0.1572265625 0.03125
0 0.70458984375 0.390625 0.1708984375 0.037109375
0 0.01416015625 0.6181640625 0.0283203125 0.15234375
0 0.0634765625 0.63623046875 0.0673828125 0.1201171875
0 0.1103515625 0.662109375 0.021484375 0.03515625
0 0.17236328125 0.65380859375 0.10009765625 0.1416015625
0 0.27490234375 0.68603515625 0.09228515625 0.146484375
0 0.0439453125 0.8046875 0.087890625 0.201171875
0 0.21337890625 0.83203125 0.2373046875 0.2216796875
0 0.44921875 0.68017578125 0.0537109375 0.044921875
0 0.42236328125 0.72216796875 0.09228515625 0.06494140625
0 0.41259765625 0.951171875 0.0712890625 0.09765625
0 0.49658203125 0.94482421875 0.0947265625 0.1103515625
0 0.87939453125 0.58349609375 0.12646484375 0.244140625
0 0.96435546875 0.54638671875 0.0712890625 0.2353515625
0 0.8662109375 0.85498046875 0.119140625 0.2451171875
0 0.96240234375 0.828125 0.0751953125 0.22265625