0 0.0244140625 0.06591796875 0.048828125 0.1083984375
0 0.09716796875 0.0849609375 0.0888671875 0.0966796875
0 0.01416015625 0.173828125 0.0283203125 0.087890625
0 0.1044921875 0.1943359375 0.14111328125 0.10498046875
0 0.0322265625 0.29833984375 0.05859375 0.1064453125
0 0.115234375 0.29931640625 0.1025390625 0.1015625
0 0.02490234375 0.40234375 0.0498046875 0.115234375
0 0.11572265625 0.416015625 0.12109375 0.10498046875
0 0.04443359375 0.52783203125 0.0888671875 0.1083984375
0 0.166015625 0.53515625 0.1513671875 0.11669921875
0 0.05029296875 0.60888671875 0.1005859375 0.0419921875
0 0.501953125 0.11767578125 0.14453125 0.1064453125
0 0.453125 0.23876953125 0.046875 0.1357421875
0 0.3935546875 0.67529296875 0.0439453125 0.04638671875
0 0.43701171875 0.76416015625 0.0146484375 0.0185546875
0 0.458984375 0.7607421875 0.02197265625 0.01904296875
0 0.49072265625 0.759765625 0.03515625 0.01806640625
0 0.52392578125 0.759765625 0.0224609375 0.01708984375
0 0.5654296875 0.7578125 0.0498046875 0.021484375
0 0.60791015625 0.755859375 0.02587890625 0.021484375
0 0.64013671875 0.755859375 0.0302734375 0.02197265625
0 0.43505859375 0.78369140625 0.0107421875 0.0224609375
0 0.4755859375 0.78125 0.04833984375 0.02392578125
0 0.53271484375 0.779296875 0.0419921875 0.02392578125
0 0.58349609375 0.77734375 0.0322265625 0.0244140625
0 0.634765625 0.77685546875 0.041015625 0.0185546875
0 0.73193359375 0.8662109375 0.0283203125 0.025390625
0 0.775390625 0.8642578125 0.0546875 0.02490234375
0 0.81884765625 0.86376953125 0.02978515625 0.02197265625
0 0.8525390625 0.86181640625 0.03466796875 0.0263671875
0 0.89453125 0.8603515625 0.044921875 0.02392578125
0 0.73193359375 0.892578125 0.02734375 0.02294921875
0 0.76513671875 0.888671875 0.0244140625 0.02099609375
0 0.80078125 0.890625 0.0439453125 0.0244140625
0 0.85546875 0.888671875 0.06201171875 0.02490234375
0 0.7373046875 0.91650390625 0.03759765625 0.021484375
0 0.77978515625 0.916015625 0.0439453125 0.02392578125
0 0.82763671875 0.9150390625 0.0400390625 0.02197265625
0 0.8779296875 0.912109375 0.05712890625 0.02294921875
0 0.7373046875 0.94189453125 0.0341796875 0.0224609375
0 0.77392578125 0.94189453125 0.03125 0.0234375