0 0.06689453125 0.47998046875 0.01611328125 0.02001953125
0 0.07958984375 0.47265625 0.01123046875 0.021484375
0 0.09375 0.466796875 0.017578125 0.0234375
0 0.11328125 0.4599609375 0.0185546875 0.02685546875
0 0.10302734375 0.58837890625 0.02392578125 0.02978515625
0 0.1298828125 0.5791015625 0.03271484375 0.03515625
0 0.1591796875 0.56982421875 0.0263671875 0.02978515625
0 0.17431640625 0.56689453125 0.00634765625 0.01318359375
0 0.1904296875 0.5576171875 0.0263671875 0.03515625
0 0.2138671875 0.552734375 0.02001953125 0.0283203125
0 0.2275390625 0.5458984375 0.00732421875 0.01171875
0 0.24267578125 0.53759765625 0.0224609375 0.03515625
0 0.279296875 0.52734375 0.04638671875 0.04150390625
0 0.162109375 0.47314453125 0.1064453125 0.16015625
0 0.265625 0.447265625 0.10107421875 0.1318359375
0 0.35546875 0.4267578125 0.07861328125 0.14990234375
0 0.43505859375 0.365234375 0.07763671875 0.18017578125
0 0.54638671875 0.33349609375 0.1376953125 0.18017578125
0 0.69482421875 0.26416015625 0.142578125 0.21142578125
0 0.826171875 0.2216796875 0.125 0.18994140625
0 0.77392578125 0.36083984375 0.03759765625 0.044921875
0 0.85498046875 0.33349609375 0.125 0.0732421875
0 0.8720703125 0.87353515625 0.03857421875 0.05322265625
0 0.923828125 0.87158203125 0.06494140625 0.046875
0 0.97802734375 0.86572265625 0.0439453125 0.04833984375
0 0.29248046875 0.8193359375 0.009765625 0.021484375
0 0.30419921875 0.822265625 0.013671875 0.021484375
0 0.318359375 0.82568359375 0.013671875 0.021484375
0 0.3330078125 0.830078125 0.0185546875 0.0234375
0 0.3505859375 0.83349609375 0.01611328125 0.0234375
0 0.3681640625 0.83642578125 0.01611328125 0.0234375
0 0.38671875 0.83935546875 0.021484375 0.02490234375
0 0.404296875 0.84326171875 0.013671875 0.02001953125
0 0.28759765625 0.83740234375 0.009765625 0.021484375
0 0.29833984375 0.84326171875 0.013671875 0.02685546875
0 0.3125 0.84423828125 0.0126953125 0.02490234375
0 0.330078125 0.84814453125 0.02001953125 0.02001953125