0 0.216796875 0.14990234375 0.0634765625 0.052734375
0 0.3076171875 0.1494140625 0.0830078125 0.05712890625
0 0.4052734375 0.15576171875 0.0810546875 0.06396484375
0 0.49951171875 0.1435546875 0.07421875 0.0654296875
0 0.5576171875 0.14990234375 0.0205078125 0.0224609375
0 0.625 0.15283203125 0.07666015625 0.06396484375
0 0.7158203125 0.1396484375 0.07275390625 0.06787109375
0 0.384765625 0.3671875 0.0087890625 0.009765625
0 0.3955078125 0.36669921875 0.01318359375 0.01123046875
0 0.388671875 0.8076171875 0.01171875 0.0126953125
0 0.400390625 0.80615234375 0.01025390625 0.0126953125
0 0.099609375 0.55615234375 0.04296875 0.05126953125
0 0.15380859375 0.55419921875 0.04833984375 0.04443359375
0 0.1982421875 0.55126953125 0.0244140625 0.04443359375
0 0.24658203125 0.5498046875 0.05859375 0.0498046875
0 0.3173828125 0.5537109375 0.06884765625 0.048828125
0 0.36572265625 0.5537109375 0.0126953125 0.01513671875
0 0.408203125 0.5458984375 0.05859375 0.04736328125
0 0.46630859375 0.55126953125 0.04052734375 0.04443359375
0 0.50537109375 0.54443359375 0.0205078125 0.04443359375
0 0.55078125 0.5458984375 0.0546875 0.04443359375
0 0.615234375 0.5390625 0.05859375 0.0498046875
0 0.6591796875 0.54736328125 0.01171875 0.01123046875
0 0.6943359375 0.54443359375 0.04150390625 0.04443359375
0 0.74267578125 0.53955078125 0.0400390625 0.04296875
0 0.78125 0.5380859375 0.02197265625 0.04296875
0 0.82421875 0.5390625 0.04833984375 0.0498046875
0 0.87939453125 0.53466796875 0.04443359375 0.052734375
0 0.1650390625 0.591796875 0.1044921875 0.02490234375
0 0.2412109375 0.5908203125 0.03662109375 0.02099609375
0 0.2998046875 0.5888671875 0.06884765625 0.02490234375
0 0.3447265625 0.5888671875 0.00927734375 0.00830078125
0 0.40234375 0.5869140625 0.0908203125 0.0234375
0 0.470703125 0.5859375 0.03369140625 0.0224609375
0 0.5498046875 0.58251953125 0.11328125 0.0263671875
0 0.6171875 0.58056640625 0.0078125 0.00830078125
0 0.68603515625 0.580078125 0.1171875 0.0234375
0 0.7685546875 0.57763671875 0.03369140625 0.0224609375