0 0.22705078125 0.19482421875 0.1826171875 0.05078125
0 0.3955078125 0.18603515625 0.1513671875 0.07373046875
0 0.25341796875 0.2431640625 0.240234375 0.05078125
0 0.43701171875 0.21728515625 0.11181640625 0.05419921875
0 0.75244140625 0.0927734375 0.09521484375 0.021484375
0 0.75537109375 0.12109375 0.15234375 0.0341796875
0 0.2431640625 0.29541015625 0.05029296875 0.03955078125
0 0.29248046875 0.31103515625 0.05126953125 0.02490234375
0 0.33935546875 0.31298828125 0.0302734375 0.01416015625
0 0.37109375 0.3056640625 0.0439453125 0.02685546875
0 0.4091796875 0.28076171875 0.05859375 0.05029296875
0 0.21728515625 0.439453125 0.19873046875 0.091796875
0 0.4296875 0.44677734375 0.212890625 0.09765625
0 0.623046875 0.44970703125 0.173828125 0.0859375
0 0.21435546875 0.5185546875 0.1806640625 0.08447265625
0 0.44482421875 0.53515625 0.26611328125 0.08203125
0 0.2138671875 0.61865234375 0.138671875 0.064453125
0 0.38623046875 0.62060546875 0.19775390625 0.0537109375
0 0.55224609375 0.61865234375 0.14013671875 0.0576171875
0 0.41845703125 0.68115234375 0.0751953125 0.06103515625
0 0.5419921875 0.673828125 0.16943359375 0.0859375
0 0.6962890625 0.65576171875 0.146484375 0.08447265625
0 0.73828125 0.93017578125 0.05029296875 0.02685546875
0 0.94970703125 0.57470703125 0.09912109375 0.06640625