0 0.04345703125 0.01513671875 0.0751953125 0.0302734375
0 0.20751953125 0.0048828125 0.0283203125 0.009765625
0 0.22021484375 0.02392578125 0.03125 0.0283203125
0 0.31103515625 0.0126953125 0.0732421875 0.025390625
0 0.36767578125 0.01513671875 0.0361328125 0.0302734375
0 0.4033203125 0.0126953125 0.033203125 0.025390625
0 0.029296875 0.12451171875 0.05615234375 0.05615234375
0 0.07861328125 0.13134765625 0.0390625 0.06103515625
0 0.0068359375 0.18017578125 0.013671875 0.0419921875
0 0.04736328125 0.1806640625 0.0673828125 0.03759765625
0 0.205078125 0.11865234375 0.0419921875 0.04931640625
0 0.26171875 0.1171875 0.0673828125 0.05615234375
0 0.2138671875 0.17724609375 0.05322265625 0.0537109375
0 0.27880859375 0.1806640625 0.0673828125 0.046875
0 0.69189453125 0.294921875 0.0400390625 0.0234375
0 0.7177734375 0.32763671875 0.095703125 0.0478515625
0 0.7978515625 0.32666015625 0.0546875 0.04296875