0 0.046875 0.0419921875 0.09375 0.083984375
0 0.17578125 0.04541015625 0.162109375 0.0908203125
0 0.29052734375 0.048828125 0.0576171875 0.08984375
0 0.20947265625 0.2001953125 0.15869140625 0.11181640625
0 0.3076171875 0.19970703125 0.0234375 0.0986328125
0 0.1689453125 0.3076171875 0.1640625 0.083984375
0 0.28955078125 0.30615234375 0.0595703125 0.0869140625
0 0.708984375 0.041015625 0.26953125 0.08203125
0 0.50439453125 0.13916015625 0.10205078125 0.03759765625
0 0.51318359375 0.1572265625 0.10107421875 0.03759765625
0 0.52099609375 0.17333984375 0.09228515625 0.03173828125
0 0.7001953125 0.08642578125 0.126953125 0.07666015625
0 0.8701171875 0.0498046875 0.2255859375 0.08984375
0 0.87646484375 0.0048828125 0.0263671875 0.009765625
0 0.71435546875 0.126953125 0.1005859375 0.04541015625
0 0.80908203125 0.10546875 0.0712890625 0.0361328125
0 0.90234375 0.07958984375 0.09912109375 0.04736328125
0 0.970703125 0.06494140625 0.0234375 0.0234375
0 0.73095703125 0.14892578125 0.0263671875 0.017578125
0 0.76171875 0.14208984375 0.03515625 0.01904296875
0 0.7861328125 0.13671875 0.01318359375 0.01318359375
0 0.810546875 0.12939453125 0.03564453125 0.02099609375
0 0.845703125 0.12109375 0.03662109375 0.02001953125
0 0.88232421875 0.11181640625 0.0322265625 0.01904296875
0 0.1376953125 0.3642578125 0.060546875 0.029296875
0 0.1865234375 0.36572265625 0.033203125 0.0322265625
0 0.1142578125 0.52978515625 0.017578125 0.037109375
0 0.080078125 0.66455078125 0.04296875 0.02587890625
0 0.1220703125 0.6630859375 0.041015625 0.02880859375
0 0.1015625 0.68603515625 0.02734375 0.02294921875
0 0.33154296875 0.7958984375 0.0244140625 0.09375
0 0.404296875 0.79052734375 0.12255859375 0.08837890625
0 0.51123046875 0.77978515625 0.06396484375 0.06982421875
0 0.5693359375 0.7744140625 0.04736328125 0.0634765625
0 0.6240234375 0.77294921875 0.0673828125 0.0732421875
0 0.67626953125 0.7705078125 0.0361328125 0.05810546875
0 0.7021484375 0.7802734375 0.01123046875 0.01513671875
0 0.75439453125 0.77197265625 0.0849609375 0.06494140625
0 0.802734375 0.7763671875 0.009765625 0.0166015625
0 0.837890625 0.76953125 0.06494140625 0.0498046875
0 0.8935546875 0.763671875 0.048828125 0.0615234375
0 0.943359375 0.76025390625 0.048828125 0.05517578125
0 0.9765625 0.77099609375 0.0126953125 0.0166015625
0 0.9912109375 0.75634765625 0.017578125 0.0615234375
0 0.92529296875 0.80517578125 0.03515625 0.0283203125
0 0.97509765625 0.80224609375 0.0498046875 0.0263671875
0 0.9951171875 0.9716796875 0.009765625 0.03515625