0 0.70947265625 0.005859375 0.0849609375 0.01171875
0 0.55712890625 0.43115234375 0.0751953125 0.0869140625
0 0.7041015625 0.4326171875 0.21875 0.0966796875
0 0.55859375 0.56591796875 0.078125 0.1064453125
0 0.67236328125 0.56005859375 0.1533203125 0.11669921875
0 0.12451171875 0.671875 0.076171875 0.0771484375
0 0.32177734375 0.67529296875 0.10986328125 0.08349609375
0 0.498046875 0.658203125 0.04296875 0.078125
0 0.9033203125 0.74365234375 0.04345703125 0.02685546875
0 0.95263671875 0.74658203125 0.05078125 0.025390625
0 0.98779296875 0.74560546875 0.0244140625 0.0244140625
0 0.59619140625 0.78466796875 0.02587890625 0.0146484375
0 0.62109375 0.78662109375 0.029296875 0.0146484375
0 0.58642578125 0.79833984375 0.04052734375 0.01416015625
0 0.625 0.802734375 0.03759765625 0.0166015625
0 0.79150390625 0.77587890625 0.2041015625 0.05615234375
0 0.9453125 0.7880859375 0.087890625 0.044921875
0 0.8408203125 0.8271484375 0.1396484375 0.02685546875
0 0.93115234375 0.82666015625 0.02880859375 0.0224609375
0 0.97265625 0.8251953125 0.0546875 0.0234375
0 0.552734375 0.8623046875 0.04150390625 0.0205078125
0 0.5908203125 0.8623046875 0.029296875 0.01806640625
0 0.638671875 0.8623046875 0.03662109375 0.017578125
0 0.681640625 0.8623046875 0.04736328125 0.01708984375
0 0.73046875 0.86181640625 0.04345703125 0.017578125
0 0.7900390625 0.8623046875 0.0478515625 0.01953125
0 0.83154296875 0.86083984375 0.03369140625 0.017578125
0 0.86669921875 0.85986328125 0.03955078125 0.01708984375
0 0.92919921875 0.859375 0.05859375 0.01904296875
0 0.99365234375 0.8583984375 0.0126953125 0.01953125