0 0.408203125 0.34521484375 0.03857421875 0.03564453125
0 0.4404296875 0.34521484375 0.0224609375 0.02880859375
0 0.46142578125 0.34521484375 0.01904296875 0.0244140625
0 0.4873046875 0.34130859375 0.02978515625 0.0361328125
0 0.513671875 0.34130859375 0.02294921875 0.03271484375
0 0.54052734375 0.33984375 0.02880859375 0.03955078125
0 0.5673828125 0.34423828125 0.0234375 0.0419921875
0 0.505859375 0.38232421875 0.07421875 0.03515625
0 0.42822265625 0.55419921875 0.0302734375 0.0107421875
0 0.392578125 0.5908203125 0.00537109375 0.0068359375
0 0.41015625 0.59130859375 0.025390625 0.02294921875
0 0.4306640625 0.59228515625 0.0146484375 0.0224609375
0 0.4462890625 0.5908203125 0.013671875 0.02099609375
0 0.47021484375 0.58984375 0.0302734375 0.0224609375
0 0.494140625 0.59130859375 0.01416015625 0.01904296875
0 0.5146484375 0.5888671875 0.02099609375 0.02490234375
0 0.392578125 0.61865234375 0.00537109375 0.005859375
0 0.41162109375 0.6171875 0.02880859375 0.02197265625
0 0.43603515625 0.61962890625 0.0166015625 0.02294921875
0 0.455078125 0.6162109375 0.02197265625 0.02392578125
0 0.4755859375 0.6171875 0.01513671875 0.0224609375
0 0.4990234375 0.6181640625 0.02880859375 0.02197265625
0 0.52734375 0.61767578125 0.0234375 0.0224609375
0 0.392578125 0.64697265625 0.00537109375 0.00634765625
0 0.40234375 0.646484375 0.01171875 0.01904296875
0 0.4306640625 0.6435546875 0.04052734375 0.0263671875
0 0.46337890625 0.64453125 0.01953125 0.02490234375
0 0.48486328125 0.646484375 0.0205078125 0.025390625
0 0.509765625 0.64599609375 0.0234375 0.021484375
0 0.53515625 0.64599609375 0.0234375 0.0244140625
0 0.564453125 0.64697265625 0.029296875 0.02294921875
0 0.73193359375 0.404296875 0.3056640625 0.123046875
0 0.78515625 0.57177734375 0.412109375 0.1748046875
0 0.12744140625 0.9013671875 0.01708984375 0.03466796875
0 0.13916015625 0.90380859375 0.00927734375 0.02490234375
0 0.15087890625 0.90625 0.01416015625 0.02978515625
0 0.12841796875 0.93701171875 0.00927734375 0.02734375
0 0.14404296875 0.939453125 0.02490234375 0.037109375