0 0.103515625 0.04541015625 0.20703125 0.0908203125
0 0.33203125 0.04345703125 0.1953125 0.0869140625
0 0.11474609375 0.13818359375 0.2294921875 0.1142578125
0 0.43994140625 0.15673828125 0.375 0.11767578125
0 0.05078125 0.2470703125 0.1015625 0.0703125
0 0.12841796875 0.25048828125 0.04736328125 0.06396484375
0 0.17626953125 0.25048828125 0.04248046875 0.06396484375
0 0.26123046875 0.25390625 0.11767578125 0.0703125
0 0.35107421875 0.2490234375 0.0625 0.07373046875
0 0.4111328125 0.2587890625 0.04736328125 0.07373046875
0 0.46875 0.2490234375 0.0673828125 0.08056640625
0 0.7109375 0.03564453125 0.04296875 0.0224609375
0 0.70458984375 0.0498046875 0.009765625 0.00537109375
0 0.72119140625 0.05029296875 0.0234375 0.00634765625
0 0.70458984375 0.0615234375 0.0302734375 0.009765625
0 0.81689453125 0.03173828125 0.05712890625 0.0283203125
0 0.888671875 0.02978515625 0.07275390625 0.0244140625
0 0.95458984375 0.02783203125 0.0537109375 0.02587890625
0 0.9921875 0.0283203125 0.015625 0.025390625
0 0.8876953125 0.05908203125 0.02099609375 0.0087890625
0 0.904296875 0.05859375 0.0126953125 0.0078125
0 0.94482421875 0.05224609375 0.00830078125 0.00439453125
0 0.94873046875 0.05859375 0.0146484375 0.0087890625
0 0.96337890625 0.05712890625 0.0166015625 0.0068359375
0 0.125 0.5107421875 0.25 0.08203125
0 0.39111328125 0.5263671875 0.18359375 0.0859375
0 0.59375 0.53466796875 0.158203125 0.09423828125
0 0.0869140625 0.64990234375 0.02197265625 0.02978515625
0 0.111328125 0.650390625 0.0244140625 0.03076171875
0 0.1328125 0.64990234375 0.013671875 0.02978515625
0 0.15283203125 0.65380859375 0.02001953125 0.029296875
0 0.17236328125 0.6494140625 0.015625 0.033203125
0 0.19384765625 0.65478515625 0.0283203125 0.029296875
0 0.0986328125 0.68994140625 0.0439453125 0.0283203125
0 0.1455078125 0.68798828125 0.04296875 0.03076171875
0 0.18994140625 0.6875 0.0361328125 0.03173828125
0 0.34716796875 0.677734375 0.14990234375 0.0517578125
0 0.255859375 0.708984375 0.033203125 0.02587890625
0 0.28515625 0.70947265625 0.02294921875 0.02392578125
0 0.3125 0.7119140625 0.02880859375 0.02099609375
0 0.33935546875 0.7119140625 0.02392578125 0.02099609375
0 0.35498046875 0.71533203125 0.005859375 0.00732421875
0 0.36962890625 0.71337890625 0.02392578125 0.021484375
0 0.3955078125 0.7138671875 0.02294921875 0.02099609375
0 0.42431640625 0.71484375 0.0283203125 0.0234375
0 0.54296875 0.69482421875 0.1142578125 0.06103515625
0 0.46240234375 0.73486328125 0.0244140625 0.0234375
0 0.484375 0.73681640625 0.01611328125 0.0234375
0 0.4951171875 0.73876953125 0.00439453125 0.005859375
0 0.50830078125 0.73583984375 0.0205078125 0.02490234375
0 0.5205078125 0.740234375 0.005859375 0.005859375
0 0.53369140625 0.7373046875 0.0185546875 0.02734375
0 0.55712890625 0.73779296875 0.025390625 0.02734375
0 0.5771484375 0.73876953125 0.013671875 0.02734375
0 0.5869140625 0.7431640625 0.00439453125 0.0048828125
0 0.6005859375 0.74072265625 0.021484375 0.02490234375
0 0.6220703125 0.74169921875 0.01806640625 0.0234375
0 0.59619140625 0.720703125 0.009765625 0.01318359375
0 0.6171875 0.720703125 0.033203125 0.0166015625
0 0.64208984375 0.72607421875 0.01318359375 0.0234375
0 0.01904296875 0.7705078125 0.02734375 0.0224609375
0 0.7392578125 0.6728515625 0.099609375 0.25390625