0 0.00732421875 0.15283203125 0.0146484375 0.0439453125
0 0.04443359375 0.1328125 0.05615234375 0.046875
0 0.2197265625 0.0283203125 0.087890625 0.056640625
0 0.236328125 0.056640625 0.0751953125 0.09375
0 0.30322265625 0.0263671875 0.0947265625 0.052734375
0 0.26513671875 0.099609375 0.08740234375 0.1142578125
0 0.330078125 0.046875 0.078125 0.09375
0 0.41650390625 0.01318359375 0.0634765625 0.0263671875
0 0.4130859375 0.02001953125 0.037109375 0.0400390625
0 0.43994140625 0.04052734375 0.0810546875 0.0810546875
0 0.4541015625 0.04296875 0.056640625 0.0859375
0 0.3037109375 0.21044921875 0.0185546875 0.0263671875
0 0.3203125 0.19140625 0.02099609375 0.02978515625
0 0.33935546875 0.17529296875 0.0185546875 0.0283203125
0 0.3544921875 0.15869140625 0.017578125 0.0263671875
0 0.23046875 0.18603515625 0.02197265625 0.046875
0 0.24755859375 0.22265625 0.0185546875 0.0361328125
0 0.26123046875 0.25390625 0.0185546875 0.0390625
0 0.2783203125 0.29541015625 0.02392578125 0.0498046875
0 0.29443359375 0.328125 0.0166015625 0.0341796875
0 0.30615234375 0.35498046875 0.0166015625 0.0283203125
0 0.32177734375 0.388671875 0.02490234375 0.04833984375
0 0.33935546875 0.41943359375 0.0224609375 0.0205078125
0 0.1611328125 0.03515625 0.041015625 0.0703125
0 0.18798828125 0.087890625 0.02490234375 0.05322265625
0 0.20751953125 0.13134765625 0.02587890625 0.0498046875
0 0.94287109375 0.04931640625 0.0908203125 0.0986328125
0 0.02783203125 0.931640625 0.0556640625 0.13671875
0 0.11279296875 0.94384765625 0.1767578125 0.1123046875
0 0.28515625 0.95703125 0.173828125 0.0859375