0 0.47119140625 0.24365234375 0.0595703125 0.04736328125
0 0.53662109375 0.2421875 0.0458984375 0.048828125
0 0.40576171875 0.36669921875 0.25048828125 0.18603515625
0 0.39404296875 0.49560546875 0.04052734375 0.0380859375
0 0.4228515625 0.49267578125 0.01220703125 0.0322265625
0 0.4443359375 0.49169921875 0.03125 0.03369140625
0 0.47509765625 0.498046875 0.02685546875 0.03662109375
0 0.505859375 0.4912109375 0.0302734375 0.0380859375
0 0.5361328125 0.49267578125 0.0302734375 0.0380859375
0 0.60205078125 0.54443359375 0.0849609375 0.1298828125
0 0.70166015625 0.556640625 0.1767578125 0.10546875
0 0.8740234375 0.56982421875 0.173828125 0.0791015625
0 0.048828125 0.74560546875 0.09765625 0.1142578125
0 0.14453125 0.74951171875 0.08984375 0.0927734375
0 0.27587890625 0.650390625 0.0322265625 0.0166015625
0 0.3056640625 0.6533203125 0.0302734375 0.015625