0 0.00927734375 0.16552734375 0.0185546875 0.0283203125
0 0.212890625 0.3486328125 0.017578125 0.02294921875
0 0.2197265625 0.361328125 0.0087890625 0.0087890625
0 0.197265625 0.33740234375 0.013671875 0.02099609375
0 0.20703125 0.3583984375 0.0185546875 0.02783203125
0 0.09765625 0.2158203125 0.0400390625 0.0400390625
0 0.10107421875 0.26123046875 0.03857421875 0.03662109375
0 0.1064453125 0.30322265625 0.0400390625 0.0400390625
0 0.15771484375 0.16455078125 0.02490234375 0.017578125
0 0.1953125 0.15478515625 0.0576171875 0.033203125
0 0.314453125 0.19921875 0.013671875 0.02099609375
0 0.32275390625 0.18603515625 0.01513671875 0.01904296875
0 0.314453125 0.2529296875 0.013671875 0.0087890625
0 0.3232421875 0.251953125 0.00390625 0.01025390625
0 0.32470703125 0.2275390625 0.0185546875 0.01416015625
0 0.3447265625 0.2255859375 0.021484375 0.01416015625
0 0.39599609375 0.20947265625 0.0068359375 0.0146484375
0 0.39599609375 0.220703125 0.0068359375 0.01953125
0 0.35205078125 0.33837890625 0.013671875 0.02294921875
0 0.35791015625 0.3505859375 0.00732421875 0.01220703125
0 0.33544921875 0.326171875 0.01513671875 0.02294921875
0 0.3447265625 0.34521484375 0.0185546875 0.02978515625
0 0.2099609375 0.94921875 0.02392578125 0.0390625
0 0.2265625 0.919921875 0.0380859375 0.03662109375
0 0.26904296875 0.90869140625 0.044921875 0.02587890625
0 0.2978515625 0.92431640625 0.02685546875 0.03173828125
0 0.89013671875 0.62451171875 0.10546875 0.04541015625
0 0.974609375 0.6064453125 0.05078125 0.05078125
0 0.6904296875 0.67236328125 0.13623046875 0.06884765625
0 0.88916015625 0.671875 0.2216796875 0.060546875
0 0.6962890625 0.98876953125 0.083984375 0.0224609375
0 0.8681640625 0.96484375 0.0673828125 0.0234375