0 0.45166015625 0.205078125 0.3779296875 0.1875
0 0.18701171875 0.39453125 0.1591796875 0.189453125
0 0.3251953125 0.40234375 0.10546875 0.173828125
0 0.45361328125 0.4130859375 0.1435546875 0.15234375
0 0.57275390625 0.42333984375 0.0830078125 0.1318359375
0 0.66650390625 0.40673828125 0.0869140625 0.1650390625
0 0.86572265625 0.17041015625 0.2685546875 0.2744140625
0 0.7236328125 0.36376953125 0.02734375 0.0849609375
0 0.83203125 0.37451171875 0.177734375 0.09716796875
0 0.96240234375 0.3798828125 0.0751953125 0.09375
0 0.2275390625 0.73876953125 0.13916015625 0.07275390625
0 0.3330078125 0.75244140625 0.06884765625 0.0625
0 0.421875 0.76171875 0.10302734375 0.064453125
0 0.31494140625 0.828125 0.50146484375 0.08935546875