0 0.1650390625 0.20703125 0.037109375 0.02685546875
0 0.2021484375 0.212890625 0.037109375 0.02685546875
0 0.0234375 0.4853515625 0.03125 0.02978515625
0 0.0224609375 0.51025390625 0.021484375 0.03271484375
0 0.3662109375 0.1083984375 0.052734375 0.08642578125
0 0.423828125 0.12939453125 0.06640625 0.08642578125
0 0.4912109375 0.13232421875 0.068359375 0.08642578125
0 0.5537109375 0.14599609375 0.060546875 0.0771484375
0 0.6083984375 0.150390625 0.048828125 0.08056640625
0 0.279296875 0.1962890625 0.03515625 0.08935546875
0 0.32421875 0.20556640625 0.046875 0.0771484375
0 0.388671875 0.21142578125 0.0703125 0.08935546875
0 0.4560546875 0.22021484375 0.064453125 0.08349609375
0 0.5048828125 0.23046875 0.033203125 0.08056640625
0 0.546875 0.23046875 0.046875 0.08642578125
0 0.5810546875 0.24853515625 0.033203125 0.09228515625
0 0.62109375 0.24853515625 0.046875 0.07421875