0 0.072265625 0.0849609375 0.06640625 0.01806640625
0 0.14306640625 0.0830078125 0.06298828125 0.01806640625
0 0.08056640625 0.09912109375 0.04248046875 0.01513671875
0 0.12841796875 0.09765625 0.0458984375 0.0146484375
0 0.19921875 0.25 0.00927734375 0.00244140625
0 0.16748046875 0.283203125 0.0322265625 0.00537109375
0 0.2001953125 0.27978515625 0.0302734375 0.00634765625
0 0.0546875 0.28466796875 0.109375 0.0146484375
0 0.03662109375 0.294921875 0.0302734375 0.00439453125
0 0.064453125 0.29541015625 0.02197265625 0.00439453125
0 0.08349609375 0.744140625 0.09912109375 0.1162109375
0 0.2060546875 0.71142578125 0.11767578125 0.1201171875
0 0.05517578125 0.88916015625 0.1103515625 0.1806640625
0 0.19091796875 0.81201171875 0.1318359375 0.14697265625
0 0.1318359375 0.9248046875 0.08935546875 0.08935546875
0 0.466796875 0.48291015625 0.09375 0.0458984375
0 0.59130859375 0.47900390625 0.1337890625 0.0380859375
0 0.720703125 0.4755859375 0.107421875 0.03125
0 0.84130859375 0.470703125 0.1181640625 0.021484375
0 0.9541015625 0.4716796875 0.091796875 0.0234375