0 0.310546875 0.572265625 0.17138671875 0.04638671875
0 0.72021484375 0.0478515625 0.3798828125 0.095703125
0 0.47509765625 0.115234375 0.0712890625 0.041015625
0 0.57666015625 0.12060546875 0.10400390625 0.0361328125
0 0.66455078125 0.11669921875 0.05126953125 0.04736328125
0 0.71484375 0.1201171875 0.03173828125 0.03759765625
0 0.77392578125 0.119140625 0.0673828125 0.04248046875
0 0.45703125 0.162109375 0.03515625 0.05078125
0 0.5078125 0.166015625 0.05615234375 0.04736328125
0 0.576171875 0.1640625 0.0390625 0.0537109375
0 0.625 0.16845703125 0.05615234375 0.0556640625
0 0.69384765625 0.1708984375 0.07373046875 0.0537109375
0 0.77490234375 0.16650390625 0.05126953125 0.05859375
0 0.83837890625 0.1708984375 0.07373046875 0.0537109375
0 0.9033203125 0.166015625 0.05859375 0.0537109375
0 0.96728515625 0.1728515625 0.0654296875 0.0625
0 0.4560546875 0.2216796875 0.033203125 0.0390625
0 0.48388671875 0.224609375 0.01611328125 0.0341796875
0 0.53564453125 0.2294921875 0.06884765625 0.03125
0 0.89404296875 0.22607421875 0.04052734375 0.03125
0 0.88671875 0.74755859375 0.09521484375 0.20654296875
0 0.96630859375 0.8154296875 0.0673828125 0.224609375