0 0.03857421875 0.048828125 0.0771484375 0.09765625
0 0.16552734375 0.0498046875 0.1494140625 0.099609375
0 0.01611328125 0.16064453125 0.0322265625 0.0458984375
0 0.05517578125 0.158203125 0.03857421875 0.0576171875
0 0.09423828125 0.1611328125 0.02685546875 0.03759765625
0 0.16259765625 0.1591796875 0.10009765625 0.0556640625
0 0.0302734375 0.232421875 0.060546875 0.064453125
0 0.08837890625 0.232421875 0.044921875 0.06005859375
0 0.15185546875 0.22998046875 0.0751953125 0.0556640625
0 0.0615234375 0.298828125 0.09814453125 0.064453125
0 0.15673828125 0.29541015625 0.07177734375 0.06640625
0 0.646484375 0.0419921875 0.029296875 0.0380859375
0 0.6474609375 0.11083984375 0.03515625 0.046875
0 0.705078125 0.08740234375 0.025390625 0.03515625
0 0.7421875 0.09033203125 0.037109375 0.029296875
0 0.798828125 0.08740234375 0.052734375 0.03515625
0 0.6923828125 0.14013671875 0.02734375 0.029296875
0 0.71875 0.13720703125 0.029296875 0.03515625
0 0.76171875 0.138671875 0.056640625 0.0263671875
0 0.185546875 0.466796875 0.240234375 0.115234375
0 0.17236328125 0.6533203125 0.330078125 0.21240234375
0 0.38623046875 0.60546875 0.1357421875 0.392578125
0 0.51318359375 0.681640625 0.1318359375 0.25
0 0.51416015625 0.490234375 0.1298828125 0.162109375
0 0.201171875 0.9658203125 0.048828125 0.068359375
0 0.013671875 0.5107421875 0.02734375 0.04296875
0 0.00634765625 0.5654296875 0.0126953125 0.046875
0 0.3056640625 0.451171875 0.01416015625 0.02734375
0 0.32666015625 0.4375 0.03271484375 0.0400390625
0 0.349609375 0.46484375 0.04150390625 0.044921875
0 0.3046875 0.53466796875 0.0400390625 0.044921875
0 0.3388671875 0.51708984375 0.03125 0.0400390625
0 0.3544921875 0.5498046875 0.02294921875 0.03515625
0 0.197265625 0.55126953125 0.02880859375 0.03759765625
0 0.24462890625 0.56982421875 0.02880859375 0.03515625
0 0.35009765625 0.5986328125 0.02880859375 0.04248046875
0 0.34228515625 0.6923828125 0.015625 0.02978515625
0 0.27783203125 0.7734375 0.0126953125 0.02734375
0 0.4541015625 0.41552734375 0.013671875 0.0126953125
0 0.44921875 0.49462890625 0.0244140625 0.0400390625
0 0.4951171875 0.46875 0.021484375 0.03759765625
0 0.47314453125 0.572265625 0.0400390625 0.044921875
0 0.50537109375 0.5546875 0.03271484375 0.0400390625
0 0.52587890625 0.59228515625 0.04296875 0.044921875
0 0.0830078125 0.7900390625 0.037109375 0.044921875
0 0.115234375 0.7724609375 0.02978515625 0.044921875
0 0.13525390625 0.8037109375 0.02978515625 0.04248046875
0 0.162109375 0.787109375 0.02978515625 0.0498046875
0 0.216796875 0.7998046875 0.02734375 0.044921875
0 0.19580078125 0.81103515625 0.01416015625 0.02734375
0 0.33251953125 0.7861328125 0.04150390625 0.04736328125
0 0.39013671875 0.8037109375 0.0400390625 0.04248046875
0 0.45947265625 0.8134765625 0.015625 0.03271484375
0 0.48095703125 0.8046875 0.03271484375 0.0400390625
0 0.5458984375 0.8173828125 0.037109375 0.044921875
0 0.55859375 0.51708984375 0.0400390625 0.044921875
0 0.6552734375 0.4189453125 0.037109375 0.01953125
0 0.6923828125 0.421875 0.037109375 0.025390625
0 0.76953125 0.42919921875 0.03515625 0.0400390625
0 0.814453125 0.43115234375 0.046875 0.0439453125
0 0.87890625 0.43701171875 0.0703125 0.0556640625
0 0.9462890625 0.43994140625 0.064453125 0.0615234375
0 0.9892578125 0.4443359375 0.021484375 0.0703125