0 0.11279296875 0.51220703125 0.01318359375 0.009765625
0 0.146484375 0.515625 0.02978515625 0.02197265625
0 0.97802734375 0.759765625 0.04052734375 0.01513671875
0 0.3359375 0.203125 0.02978515625 0.037109375
0 0.361328125 0.2138671875 0.0224609375 0.03125
0 0.390625 0.21875 0.03369140625 0.03564453125
0 0.41796875 0.2255859375 0.01904296875 0.0302734375
0 0.44287109375 0.228515625 0.029296875 0.03564453125
0 0.34326171875 0.24267578125 0.046875 0.03955078125
0 0.3798828125 0.24755859375 0.02783203125 0.03271484375
0 0.5244140625 0.24365234375 0.03369140625 0.041015625
0 0.52880859375 0.2802734375 0.04248046875 0.0380859375
0 0.5908203125 0.255859375 0.03515625 0.0439453125
0 0.6240234375 0.265625 0.03173828125 0.03564453125
0 0.64697265625 0.27001953125 0.0107421875 0.03125
0 0.66064453125 0.27099609375 0.0185546875 0.03271484375
0 0.60888671875 0.29345703125 0.03173828125 0.03125
0 0.6474609375 0.30224609375 0.04541015625 0.0302734375