0 0.421875 0.021484375 0.076171875 0.04296875
0 0.318359375 0.154296875 0.1279296875 0.142578125
0 0.4228515625 0.1435546875 0.07421875 0.154296875
0 0.3359375 0.2861328125 0.11181640625 0.0390625
0 0.427734375 0.287109375 0.064453125 0.037109375
0 0.36962890625 0.33837890625 0.03515625 0.03369140625
0 0.56689453125 0.02685546875 0.1513671875 0.0537109375
0 0.728515625 0.03173828125 0.150390625 0.0634765625
0 0.068359375 0.91162109375 0.13671875 0.1767578125
0 0.19677734375 0.908203125 0.10400390625 0.13134765625
0 0.49462890625 0.609375 0.0439453125 0.06689453125
0 0.52490234375 0.609375 0.0322265625 0.05615234375
0 0.47705078125 0.6796875 0.0341796875 0.052734375
0 0.5146484375 0.671875 0.0439453125 0.05859375
0 0.47412109375 0.74951171875 0.0283203125 0.0693359375
0 0.50048828125 0.75048828125 0.0439453125 0.07177734375
0 0.47998046875 0.830078125 0.0400390625 0.072265625
0 0.47607421875 0.923828125 0.0322265625 0.087890625
0 0.83447265625 0.92919921875 0.0361328125 0.02392578125