0 0.21630859375 0.0673828125 0.2080078125 0.12548828125
0 0.4833984375 0.0791015625 0.251953125 0.12890625
0 0.36328125 0.37451171875 0.00927734375 0.00634765625
0 0.37158203125 0.375 0.00732421875 0.005859375
0 0.36181640625 0.380859375 0.0068359375 0.0068359375
0 0.68408203125 0.041015625 0.1494140625 0.08203125
0 0.654296875 0.14697265625 0.08984375 0.2060546875
0 0.6943359375 0.40869140625 0.169921875 0.1943359375
0 0.62841796875 0.53369140625 0.0380859375 0.1435546875
0 0.17578125 0.8291015625 0.236328125 0.10693359375
0 0.12060546875 0.94091796875 0.1513671875 0.1181640625
0 0.62255859375 0.85546875 0.0263671875 0.052734375
0 0.6708984375 0.8515625 0.05810546875 0.052734375
0 0.72607421875 0.861328125 0.044921875 0.0537109375
0 0.7958984375 0.8662109375 0.08154296875 0.048828125
0 0.8876953125 0.8662109375 0.0849609375 0.0537109375
0 0.96923828125 0.86181640625 0.0615234375 0.0458984375
0 0.986328125 0.9375 0.02734375 0.048828125
0 0.93994140625 0.93505859375 0.056640625 0.048828125
0 0.8583984375 0.9287109375 0.10009765625 0.05615234375
0 0.76611328125 0.93359375 0.07177734375 0.0537109375
0 0.6708984375 0.9306640625 0.1083984375 0.05517578125