0 0.23486328125 0.34521484375 0.0966796875 0.0712890625
0 0.35595703125 0.32763671875 0.13427734375 0.0712890625
0 0.494140625 0.31494140625 0.13330078125 0.0712890625
0 0.67529296875 0.2919921875 0.2177734375 0.0888671875
0 0.189453125 0.4609375 0.22900390625 0.16650390625
0 0.3662109375 0.43896484375 0.1552734375 0.16357421875
0 0.58642578125 0.427734375 0.2568359375 0.15380859375
0 0.82177734375 0.40087890625 0.20263671875 0.20166015625
0 0.08837890625 0.58984375 0.08154296875 0.0556640625
0 0.1953125 0.58349609375 0.15380859375 0.068359375
0 0.34033203125 0.5712890625 0.13671875 0.07958984375