0 0.50732421875 0.53466796875 0.0224609375 0.0087890625
0 0.296875 0.07421875 0.0810546875 0.05859375
0 0.38427734375 0.06396484375 0.09033203125 0.06396484375
0 0.4580078125 0.05615234375 0.0537109375 0.05126953125
0 0.5234375 0.048828125 0.0693359375 0.0517578125
0 0.21826171875 0.1328125 0.0107421875 0.009765625
0 0.22412109375 0.16845703125 0.00927734375 0.0107421875
0 0.22900390625 0.20263671875 0.0126953125 0.0126953125
0 0.2421875 0.12744140625 0.04052734375 0.03125
0 0.27685546875 0.12353515625 0.03125 0.033203125
0 0.3095703125 0.1201171875 0.03369140625 0.03369140625
0 0.34716796875 0.11669921875 0.04296875 0.03369140625
0 0.39306640625 0.11181640625 0.04833984375 0.03271484375
0 0.4423828125 0.10791015625 0.0458984375 0.037109375
0 0.484375 0.1044921875 0.03662109375 0.03662109375
0 0.529296875 0.09375 0.05126953125 0.04443359375
0 0.57421875 0.087890625 0.03369140625 0.0361328125
0 0.60107421875 0.0830078125 0.0166015625 0.03515625
0 0.24072265625 0.16357421875 0.0234375 0.03466796875
0 0.275390625 0.1630859375 0.0458984375 0.0380859375
0 0.31201171875 0.15771484375 0.02734375 0.029296875
0 0.34521484375 0.1533203125 0.0400390625 0.037109375
0 0.3818359375 0.14990234375 0.029296875 0.033203125
0 0.4169921875 0.14501953125 0.0419921875 0.029296875
0 0.4599609375 0.14208984375 0.04443359375 0.03515625
0 0.49658203125 0.1357421875 0.02783203125 0.0322265625
0 0.53125 0.13427734375 0.03759765625 0.0322265625
0 0.5634765625 0.12548828125 0.025390625 0.03125
0 0.25048828125 0.19970703125 0.03125 0.0302734375
0 0.2802734375 0.20068359375 0.029296875 0.03515625
0 0.306640625 0.19677734375 0.0263671875 0.03271484375
0 0.3349609375 0.19287109375 0.03369140625 0.02978515625
0 0.3662109375 0.18798828125 0.02734375 0.02880859375
0 0.40478515625 0.1865234375 0.05078125 0.03955078125
0 0.8046875 0.1904296875 0.390625 0.23828125
0 0.68798828125 0.44189453125 0.1572265625 0.0810546875
0 0.88916015625 0.44482421875 0.2216796875 0.0673828125
0 0.38623046875 0.56689453125 0.0810546875 0.0556640625
0 0.48095703125 0.5615234375 0.1044921875 0.044921875
0 0.560546875 0.56201171875 0.046875 0.0458984375
0 0.38427734375 0.6318359375 0.0859375 0.05615234375
0 0.44921875 0.62890625 0.04150390625 0.0625
0 0.50732421875 0.640625 0.06005859375 0.064453125
0 0.5625 0.62451171875 0.04736328125 0.07080078125
0 0.4423828125 0.7578125 0.015625 0.041015625
0 0.419921875 0.82470703125 0.02880859375 0.04931640625
0 0.11279296875 0.88818359375 0.02001953125 0.021484375
0 0.1328125 0.89013671875 0.02001953125 0.021484375
0 0.10595703125 0.91064453125 0.02001953125 0.01953125
0 0.12158203125 0.91259765625 0.01416015625 0.01953125
0 0.138671875 0.91162109375 0.02001953125 0.021484375