0 0.3115234375 0.3916015625 0.189453125 0.056640625
0 0.4248046875 0.3974609375 0.041015625 0.037109375
0 0.2861328125 0.5322265625 0.220703125 0.146484375
0 0.544921875 0.529296875 0.28125 0.1484375
0 0.2822265625 0.658203125 0.103515625 0.06640625
0 0.3896484375 0.6513671875 0.103515625 0.080078125
0 0.470703125 0.6484375 0.05078125 0.05859375
0 0.5390625 0.6435546875 0.08203125 0.060546875
0 0.6357421875 0.6494140625 0.107421875 0.060546875
0 0.3232421875 0.7216796875 0.037109375 0.044921875
0 0.3974609375 0.7216796875 0.115234375 0.048828125
0 0.4794921875 0.71875 0.044921875 0.046875
0 0.5419921875 0.7158203125 0.076171875 0.041015625
0 0.609375 0.712890625 0.0625 0.03515625