0 0.02490234375 0.38525390625 0.0498046875 0.0517578125
0 0.09326171875 0.38623046875 0.0849609375 0.0517578125
0 0.1787109375 0.3916015625 0.0830078125 0.044921875
0 0.4892578125 0.05078125 0.03076171875 0.02490234375
0 0.5166015625 0.0537109375 0.0244140625 0.02685546875
0 0.56103515625 0.06103515625 0.0556640625 0.02490234375
0 0.60302734375 0.06396484375 0.0244140625 0.02294921875
0 0.6337890625 0.06298828125 0.03271484375 0.02099609375
0 0.66650390625 0.0654296875 0.0244140625 0.02099609375
0 0.70654296875 0.0703125 0.0556640625 0.02685546875
0 0.7529296875 0.07275390625 0.037109375 0.02294921875
0 0.78271484375 0.07666015625 0.0224609375 0.02294921875
0 0.81787109375 0.07861328125 0.0390625 0.02294921875
0 0.47412109375 0.11962890625 0.0693359375 0.0595703125
0 0.5361328125 0.12841796875 0.04736328125 0.0517578125
0 0.587890625 0.12646484375 0.05126953125 0.064453125
0 0.66357421875 0.1357421875 0.0966796875 0.0625
0 0.7548828125 0.14208984375 0.08642578125 0.05810546875
0 0.84521484375 0.146484375 0.09423828125 0.05810546875
0 0.54052734375 0.2158203125 0.13330078125 0.09375
0 0.7353515625 0.22119140625 0.22802734375 0.10400390625
0 0.56201171875 0.296875 0.08642578125 0.0185546875
0 0.7119140625 0.30322265625 0.20947265625 0.03125
0 0.53125 0.31982421875 0.06591796875 0.0185546875
0 0.69873046875 0.3271484375 0.2646484375 0.029296875
0 0.4482421875 0.34228515625 0.017578125 0.0263671875
0 0.4716796875 0.3408203125 0.02880859375 0.02685546875
0 0.50341796875 0.3447265625 0.03076171875 0.02294921875
0 0.54150390625 0.34375 0.041015625 0.02099609375
0 0.58544921875 0.35107421875 0.04296875 0.02685546875
0 0.64306640625 0.34814453125 0.076171875 0.02490234375
0 0.70458984375 0.35107421875 0.04736328125 0.02685546875
0 0.76025390625 0.3564453125 0.0595703125 0.02490234375
0 0.81640625 0.357421875 0.0576171875 0.02685546875
0 0.85888671875 0.35546875 0.02685546875 0.02685546875
0 0.8896484375 0.361328125 0.03466796875 0.03125
0 0.767578125 0.4521484375 0.041015625 0.04150390625
0 0.80517578125 0.45068359375 0.03466796875 0.03515625
0 0.86181640625 0.45703125 0.078125 0.04345703125
0 0.91845703125 0.4541015625 0.03076171875 0.033203125
0 0.96044921875 0.453125 0.04541015625 0.03515625
0 0.9912109375 0.4560546875 0.017578125 0.033203125
0 0.7412109375 0.55810546875 0.083984375 0.0419921875
0 0.7998046875 0.56298828125 0.037109375 0.0322265625
0 0.84375 0.55615234375 0.04296875 0.0458984375
0 0.9033203125 0.55810546875 0.076171875 0.0419921875
0 0.9697265625 0.56494140625 0.060546875 0.0283203125
0 0.04248046875 0.85107421875 0.0576171875 0.07275390625
0 0.13427734375 0.8515625 0.1181640625 0.06884765625
0 0.2490234375 0.84716796875 0.091796875 0.08837890625
0 0.35888671875 0.84814453125 0.1083984375 0.09130859375
0 0.2216796875 0.94873046875 0.435546875 0.1025390625
0 0.74609375 0.63818359375 0.193359375 0.1181640625
0 0.92529296875 0.63818359375 0.1494140625 0.1181640625
0 0.73876953125 0.740234375 0.11474609375 0.07421875
0 0.90185546875 0.7314453125 0.1962890625 0.080078125