0 0.0673828125 0.03271484375 0.134765625 0.0654296875
0 0.03076171875 0.0849609375 0.0615234375 0.064453125
0 0.03759765625 0.19775390625 0.0751953125 0.0966796875
0 0.04248046875 0.3408203125 0.0849609375 0.1796875
0 0.17333984375 0.35302734375 0.177734375 0.154296875
0 0.04931640625 0.484375 0.0908203125 0.08984375
0 0.15625 0.4814453125 0.119140625 0.095703125
0 0.58984375 0.4091796875 0.0634765625 0.072265625
0 0.595703125 0.494140625 0.1015625 0.0703125
0 0.240234375 0.6201171875 0.318359375 0.181640625
0 0.4208984375 0.68115234375 0.0302734375 0.09716796875
0 0.4150390625 0.77294921875 0.03125 0.0576171875
0 0.4140625 0.8466796875 0.029296875 0.064453125
0 0.40966796875 0.98046875 0.0205078125 0.0390625