0 0.72216796875 0.27490234375 0.1044921875 0.0888671875
0 0.85693359375 0.263671875 0.15380859375 0.103515625
0 0.97021484375 0.25927734375 0.0595703125 0.0947265625
0 0.2373046875 0.44091796875 0.0146484375 0.015625
0 0.16943359375 0.70947265625 0.1279296875 0.0849609375
0 0.3310546875 0.70263671875 0.16162109375 0.099609375
0 0.50244140625 0.70166015625 0.1474609375 0.1015625
0 0.6513671875 0.6689453125 0.037109375 0.041015625
0 0.62939453125 0.72802734375 0.0810546875 0.0615234375
0 0.4287109375 0.93505859375 0.01611328125 0.02099609375
0 0.6826171875 0.3310546875 0.025390625 0.0234375
0 0.71484375 0.3291015625 0.0390625 0.01953125
0 0.74658203125 0.328125 0.0244140625 0.017578125
0 0.7783203125 0.3291015625 0.03515625 0.01953125
0 0.8125 0.330078125 0.03125 0.021484375
0 0.84375 0.33203125 0.03125 0.025390625
0 0.875 0.33447265625 0.03125 0.0302734375
0 0.90087890625 0.330078125 0.0205078125 0.021484375
0 0.931640625 0.3330078125 0.041015625 0.02734375
0 0.970703125 0.33349609375 0.037109375 0.0283203125