0 0.50048828125 0.10986328125 0.0244140625 0.0390625
0 0.58984375 0.11083984375 0.078125 0.04296875
0 0.5029296875 0.1484375 0.03662109375 0.0341796875
0 0.57373046875 0.15087890625 0.06689453125 0.03759765625
0 0.41552734375 0.26416015625 0.04541015625 0.02099609375
0 0.4501953125 0.26611328125 0.02197265625 0.01953125
0 0.46875 0.2646484375 0.01220703125 0.02197265625
0 0.4814453125 0.26416015625 0.01123046875 0.02294921875
0 0.51708984375 0.26416015625 0.03271484375 0.02099609375
0 0.57177734375 0.26611328125 0.07080078125 0.021484375
0 0.62451171875 0.267578125 0.0302734375 0.02392578125
0 0.6689453125 0.26708984375 0.0537109375 0.02734375
0 0.7021484375 0.2666015625 0.01025390625 0.01904296875
0 0.73974609375 0.2666015625 0.0595703125 0.0185546875
0 0.97265625 0.255859375 0.017578125 0.01416015625
0 0.984375 0.2578125 0.00439453125 0.01025390625
0 0.9931640625 0.25634765625 0.013671875 0.0166015625
0 0.97119140625 0.27490234375 0.0185546875 0.017578125
0 0.9833984375 0.27587890625 0.00439453125 0.0107421875
0 0.8095703125 0.38232421875 0.2490234375 0.0693359375
0 0.0439453125 0.5791015625 0.087890625 0.138671875
0 0.1669921875 0.619140625 0.1376953125 0.14990234375
0 0.521484375 0.6337890625 0.388671875 0.267578125
0 0.83740234375 0.5986328125 0.2998046875 0.197265625
0 0.51953125 0.77880859375 0.11474609375 0.05419921875
0 0.59912109375 0.76806640625 0.0400390625 0.0498046875
0 0.658203125 0.76806640625 0.04541015625 0.0498046875
0 0.7236328125 0.7666015625 0.08740234375 0.04736328125
0 0.810546875 0.76904296875 0.08837890625 0.0595703125
0 0.87841796875 0.7626953125 0.04736328125 0.0556640625
0 0.50537109375 0.84130859375 0.05615234375 0.048828125
0 0.5703125 0.83837890625 0.0654296875 0.0458984375
0 0.646484375 0.83837890625 0.08837890625 0.0654296875
0 0.72265625 0.83154296875 0.060546875 0.0595703125
0 0.779296875 0.83984375 0.0625 0.05419921875
0 0.849609375 0.83740234375 0.08056640625 0.05810546875