0 0.10888671875 0.38037109375 0.09375 0.0517578125
0 0.19873046875 0.38134765625 0.0849609375 0.0517578125
0 0.2841796875 0.38671875 0.0830078125 0.044921875
0 0.6376953125 0.02734375 0.158203125 0.0546875
0 0.77734375 0.02880859375 0.103515625 0.0576171875
0 0.91552734375 0.03076171875 0.1513671875 0.0615234375
0 0.71240234375 0.08154296875 0.11083984375 0.0400390625
0 0.8662109375 0.09033203125 0.18212890625 0.0537109375
0 0.57666015625 0.14697265625 0.033203125 0.021484375
0 0.59619140625 0.150390625 0.00634765625 0.0146484375
0 0.619140625 0.1455078125 0.03173828125 0.02587890625
0 0.646484375 0.150390625 0.01513671875 0.01953125
0 0.693359375 0.1494140625 0.07421875 0.02685546875
0 0.75048828125 0.15380859375 0.029296875 0.021484375
0 0.7919921875 0.15283203125 0.04736328125 0.029296875
0 0.84521484375 0.15380859375 0.0556640625 0.0302734375
0 0.90673828125 0.15771484375 0.03125 0.02587890625
0 0.9501953125 0.162109375 0.0419921875 0.0302734375
0 0.13134765625 0.82568359375 0.2626953125 0.3486328125
0 0.38037109375 0.64697265625 0.1025390625 0.1298828125
0 0.51513671875 0.6572265625 0.12890625 0.09326171875
0 0.6611328125 0.650390625 0.13134765625 0.0966796875
0 0.87353515625 0.6181640625 0.2529296875 0.13671875
0 0.40234375 0.7841796875 0.146484375 0.078125
0 0.54150390625 0.76953125 0.1064453125 0.0615234375
0 0.68359375 0.7529296875 0.16357421875 0.0751953125
0 0.81298828125 0.74365234375 0.072265625 0.06982421875
0 0.92578125 0.736328125 0.14013671875 0.0751953125