0 0.04443359375 0.3173828125 0.0888671875 0.1328125
0 0.16943359375 0.32666015625 0.10986328125 0.12841796875
0 0.296875 0.33837890625 0.142578125 0.1484375
0 0.423828125 0.3359375 0.11865234375 0.1435546875
0 0.0244140625 0.48046875 0.048828125 0.1328125
0 0.26708984375 0.462890625 0.0849609375 0.1533203125
0 0.37158203125 0.48193359375 0.11376953125 0.1083984375
0 0.54638671875 0.3681640625 0.04931640625 0.0673828125
0 0.59716796875 0.353515625 0.0390625 0.0947265625
0 0.658203125 0.3671875 0.06640625 0.06591796875
0 0.736328125 0.36279296875 0.07470703125 0.06787109375
0 0.88037109375 0.11767578125 0.2392578125 0.2041015625
0 0.50048828125 0.59814453125 0.0224609375 0.0830078125
0 0.7158203125 0.767578125 0.07080078125 0.03857421875
0 0.70458984375 0.73779296875 0.0146484375 0.02099609375
0 0.7314453125 0.7392578125 0.03955078125 0.02392578125
0 0.78759765625 0.74365234375 0.07275390625 0.02685546875
0 0.7919921875 0.77197265625 0.0771484375 0.03564453125
0 0.7158203125 0.90869140625 0.029296875 0.02392578125
0 0.77001953125 0.91015625 0.0751953125 0.02099609375
0 0.7607421875 0.9326171875 0.05615234375 0.02978515625
0 0.8232421875 0.9326171875 0.064453125 0.02392578125