0 0.3515625 0.30419921875 0.115234375 0.0927734375
0 0.345703125 0.17919921875 0.126953125 0.1591796875
0 0.3447265625 0.4013671875 0.083984375 0.0771484375
0 0.31982421875 0.498046875 0.1259765625 0.08740234375
0 0.62451171875 0.111328125 0.16015625 0.11328125
0 0.779296875 0.11572265625 0.1298828125 0.115234375
0 0.921875 0.1240234375 0.15625 0.103515625
0 0.62939453125 0.2890625 0.13330078125 0.10498046875
0 0.37548828125 0.84228515625 0.0673828125 0.1376953125
0 0.32470703125 0.9716796875 0.1689453125 0.056640625
0 0.44189453125 0.6240234375 0.0654296875 0.08984375
0 0.52978515625 0.62255859375 0.1103515625 0.0869140625
0 0.66162109375 0.62451171875 0.1533203125 0.0908203125
0 0.79541015625 0.6162109375 0.1083984375 0.07421875
0 0.9287109375 0.6171875 0.142578125 0.076171875
0 0.431640625 0.74609375 0.044921875 0.08203125
0 0.5302734375 0.75244140625 0.15234375 0.10009765625
0 0.68798828125 0.7373046875 0.14013671875 0.0966796875
0 0.86962890625 0.728515625 0.208984375 0.11181640625
0 0.42626953125 0.8427734375 0.0341796875 0.0390625
0 0.4658203125 0.84228515625 0.03857421875 0.03662109375
0 0.51416015625 0.841796875 0.03515625 0.03173828125
0 0.55224609375 0.83837890625 0.03857421875 0.03515625
0 0.59228515625 0.83984375 0.04638671875 0.03173828125
0 0.73291015625 0.8359375 0.072265625 0.033203125
0 0.83740234375 0.8359375 0.12890625 0.033203125
0 0.9599609375 0.83544921875 0.080078125 0.0302734375