0 0.47265625 0.29541015625 0.0791015625 0.10205078125
0 0.60498046875 0.30712890625 0.1640625 0.08740234375
0 0.76123046875 0.3037109375 0.1259765625 0.0712890625
0 0.3671875 0.45703125 0.1279296875 0.142578125
0 0.5087890625 0.44677734375 0.14794921875 0.154296875
0 0.6865234375 0.4619140625 0.18701171875 0.13818359375
0 0.85693359375 0.44921875 0.14404296875 0.109375
0 0.7177734375 0.58740234375 0.1259765625 0.03662109375
0 0.83837890625 0.5859375 0.10498046875 0.0390625
0 0.72412109375 0.6396484375 0.0341796875 0.03076171875
0 0.7919921875 0.63818359375 0.091796875 0.0390625
0 0.384765625 0.5888671875 0.11181640625 0.0390625
0 0.521484375 0.59033203125 0.15283203125 0.03662109375
0 0.41845703125 0.64111328125 0.03515625 0.03369140625