0 0.17626953125 0.54833984375 0.04736328125 0.02978515625
0 0.24072265625 0.54248046875 0.05615234375 0.0283203125
0 0.2080078125 0.59423828125 0.09130859375 0.044921875
0 0.34326171875 0.42431640625 0.09375 0.07177734375
0 0.4462890625 0.419921875 0.09521484375 0.06689453125
0 0.521484375 0.41748046875 0.04736328125 0.0517578125
0 0.58935546875 0.40673828125 0.0712890625 0.06689453125
0 0.677734375 0.4033203125 0.09228515625 0.06689453125
0 0.75634765625 0.3974609375 0.06005859375 0.0517578125
0 0.3662109375 0.529296875 0.125 0.11181640625
0 0.51611328125 0.50830078125 0.14990234375 0.1298828125
0 0.69482421875 0.50439453125 0.18017578125 0.115234375
0 0.41455078125 0.615234375 0.11865234375 0.06005859375
0 0.5244140625 0.6123046875 0.08642578125 0.05517578125
0 0.615234375 0.61083984375 0.08984375 0.06494140625
0 0.68505859375 0.59228515625 0.05517578125 0.068359375
0 0.728515625 0.59228515625 0.02490234375 0.04833984375
0 0.20556640625 0.64404296875 0.13623046875 0.03515625
0 0.13330078125 0.69921875 0.0263671875 0.021484375
0 0.15771484375 0.69677734375 0.02001953125 0.0234375
0 0.189453125 0.69189453125 0.041015625 0.02978515625
0 0.2216796875 0.6943359375 0.0263671875 0.02490234375
0 0.2587890625 0.6884765625 0.044921875 0.02978515625
0 0.287109375 0.69189453125 0.0087890625 0.009765625
0 0.32177734375 0.68505859375 0.05859375 0.02978515625
0 0.35888671875 0.68310546875 0.0126953125 0.0234375
0 0.3701171875 0.68603515625 0.00732421875 0.01171875
0 0.3876953125 0.68310546875 0.02734375 0.0234375
0 0.416015625 0.67822265625 0.03759765625 0.02685546875
0 0.45703125 0.677734375 0.041015625 0.02490234375
0 0.5537109375 0.67236328125 0.02734375 0.02490234375
0 0.619140625 0.66748046875 0.103515625 0.03173828125
0 0.6767578125 0.6650390625 0.0087890625 0.009765625
0 0.70166015625 0.66162109375 0.0361328125 0.02685546875
0 0.7724609375 0.65478515625 0.10498046875 0.02978515625
0 0.90771484375 0.8193359375 0.0673828125 0.04833984375