0 0.03515625 0.09375 0.0703125 0.1328125
0 0.28857421875 0.076171875 0.0849609375 0.15234375
0 0.37255859375 0.09521484375 0.0732421875 0.1083984375
0 0.56787109375 0.287109375 0.05615234375 0.08837890625
0 0.64111328125 0.30078125 0.0869140625 0.0673828125
0 0.708984375 0.2998046875 0.0419921875 0.0751953125
0 0.67626953125 0.052734375 0.0869140625 0.083984375
0 0.75732421875 0.064453125 0.06689453125 0.0751953125
0 0.8173828125 0.07080078125 0.05078125 0.0751953125
0 0.87158203125 0.07080078125 0.0498046875 0.0869140625
0 0.91943359375 0.0810546875 0.041015625 0.07177734375
0 0.85595703125 0.3076171875 0.083984375 0.083984375
0 0.92626953125 0.310546875 0.048828125 0.0810546875
0 0.2060546875 0.48486328125 0.06591796875 0.0576171875
0 0.3251953125 0.478515625 0.15673828125 0.0703125
0 0.72802734375 0.8310546875 0.1005859375 0.0615234375
0 0.806640625 0.82080078125 0.0546875 0.046875
0 0.888671875 0.8154296875 0.1015625 0.04833984375