0 0.5185546875 0.5595703125 0.0224609375 0.021484375
0 0.537109375 0.5654296875 0.02392578125 0.0205078125
0 0.56201171875 0.57080078125 0.0244140625 0.0224609375
0 0.3076171875 0.0927734375 0.0810546875 0.05859375
0 0.39501953125 0.08251953125 0.09033203125 0.06396484375
0 0.46875 0.07470703125 0.0537109375 0.05126953125
0 0.5341796875 0.0673828125 0.0693359375 0.0517578125
0 0.22900390625 0.1513671875 0.0107421875 0.009765625
0 0.23486328125 0.18701171875 0.00927734375 0.0107421875
0 0.23974609375 0.22119140625 0.0126953125 0.0126953125
0 0.2529296875 0.14599609375 0.04052734375 0.03125
0 0.28759765625 0.14208984375 0.03125 0.033203125
0 0.3203125 0.138671875 0.03369140625 0.03369140625
0 0.35791015625 0.13525390625 0.04296875 0.03369140625
0 0.40380859375 0.13037109375 0.04833984375 0.03271484375
0 0.453125 0.12646484375 0.0458984375 0.037109375
0 0.4951171875 0.123046875 0.03662109375 0.03662109375
0 0.5400390625 0.1123046875 0.05126953125 0.04443359375
0 0.5849609375 0.1064453125 0.03369140625 0.0361328125
0 0.6142578125 0.10205078125 0.0205078125 0.03564453125
0 0.25146484375 0.18212890625 0.0234375 0.03466796875
0 0.2861328125 0.181640625 0.0458984375 0.0380859375
0 0.32275390625 0.17626953125 0.02734375 0.029296875
0 0.35595703125 0.171875 0.0400390625 0.037109375
0 0.392578125 0.16845703125 0.029296875 0.033203125
0 0.427734375 0.16357421875 0.0419921875 0.029296875
0 0.470703125 0.16064453125 0.04443359375 0.03515625
0 0.50732421875 0.154296875 0.02783203125 0.0322265625
0 0.5419921875 0.15283203125 0.03759765625 0.0322265625
0 0.57421875 0.14404296875 0.025390625 0.03125
0 0.26123046875 0.21826171875 0.03125 0.0302734375
0 0.291015625 0.21923828125 0.029296875 0.03515625
0 0.3173828125 0.21533203125 0.0263671875 0.03271484375
0 0.345703125 0.21142578125 0.03369140625 0.02978515625
0 0.376953125 0.20654296875 0.02734375 0.02880859375
0 0.41552734375 0.205078125 0.05078125 0.03955078125