0 0.8232421875 0.07666015625 0.12255859375 0.076171875
0 0.919921875 0.08447265625 0.060546875 0.06591796875
0 0.97802734375 0.09912109375 0.0439453125 0.0634765625
0 0.76318359375 0.17041015625 0.0302734375 0.033203125
0 0.8515625 0.17578125 0.13525390625 0.044921875
0 0.94970703125 0.18017578125 0.033203125 0.03369140625
0 0.11181640625 0.94482421875 0.01708984375 0.02783203125
0 0.125 0.93798828125 0.01611328125 0.02490234375
0 0.10888671875 0.9765625 0.02587890625 0.03857421875
0 0.1328125 0.97119140625 0.02587890625 0.041015625
0 0.1904296875 0.83837890625 0.01806640625 0.0185546875
0 0.2158203125 0.84619140625 0.02880859375 0.02099609375
0 0.1904296875 0.8603515625 0.03564453125 0.033203125
0 0.22265625 0.8662109375 0.02880859375 0.0263671875
0 0.1962890625 0.89990234375 0.04541015625 0.02490234375
0 0.232421875 0.93505859375 0.01708984375 0.0556640625
0 0.25 0.93798828125 0.02001953125 0.04345703125
0 0.26806640625 0.93603515625 0.01806640625 0.0478515625
0 0.2900390625 0.93017578125 0.03076171875 0.04638671875
0 0.314453125 0.927734375 0.02197265625 0.0517578125
0 0.3681640625 0.91064453125 0.08544921875 0.09375
0 0.53515625 0.86962890625 0.228515625 0.1455078125
0 0.2373046875 0.982421875 0.02392578125 0.02099609375
0 0.26416015625 0.978515625 0.02880859375 0.0185546875
0 0.2900390625 0.9765625 0.02099609375 0.02001953125
0 0.3173828125 0.97412109375 0.03369140625 0.02490234375
0 0.35302734375 0.966796875 0.03564453125 0.0263671875
0 0.392578125 0.96337890625 0.03857421875 0.02490234375
0 0.42724609375 0.95556640625 0.03076171875 0.02783203125
0 0.4501953125 0.95361328125 0.01171875 0.01318359375
0 0.48583984375 0.94921875 0.04443359375 0.0263671875
0 0.671875 0.58349609375 0.03125 0.03369140625
0 0.736328125 0.58251953125 0.09765625 0.04150390625
0 0.8115234375 0.58349609375 0.052734375 0.0390625
0 0.8798828125 0.5810546875 0.080078125 0.04443359375
0 0.65576171875 0.6435546875 0.0126953125 0.0390625
0 0.685546875 0.6435546875 0.046875 0.0390625
0 0.724609375 0.64111328125 0.03125 0.03369140625
0 0.759765625 0.64111328125 0.03515625 0.0390625
0 0.7998046875 0.64208984375 0.044921875 0.04150390625
0 0.8466796875 0.6435546875 0.044921875 0.0390625
0 0.9052734375 0.64208984375 0.064453125 0.03662109375
0 0.67236328125 0.6865234375 0.0458984375 0.046875
0 0.7197265625 0.68017578125 0.048828125 0.0390625
0 0.77734375 0.68115234375 0.0703125 0.03662109375
0 0.8466796875 0.68115234375 0.072265625 0.03662109375
0 0.6806640625 0.72021484375 0.052734375 0.03125
0 0.73046875 0.71923828125 0.05078125 0.0390625
0 0.66748046875 0.8056640625 0.0361328125 0.041015625
0 0.7099609375 0.80126953125 0.048828125 0.03125
0 0.76953125 0.80615234375 0.07421875 0.04150390625
0 0.8212890625 0.80517578125 0.037109375 0.04443359375
0 0.875 0.80224609375 0.07421875 0.04443359375
0 0.65576171875 0.8505859375 0.0126953125 0.046875
0 0.68359375 0.8466796875 0.04296875 0.03369140625
0 0.7265625 0.84912109375 0.05078125 0.04443359375