0 0.021484375 0.0908203125 0.041015625 0.05224609375
0 0.1552734375 0.35986328125 0.046875 0.07275390625
0 0.3291015625 0.01611328125 0.05078125 0.0322265625
0 0.36328125 0.01318359375 0.013671875 0.0263671875
0 0.337890625 0.048828125 0.072265625 0.03759765625
0 0.2841796875 0.083984375 0.03125 0.03759765625
0 0.326171875 0.083984375 0.044921875 0.03759765625
0 0.3759765625 0.08642578125 0.046875 0.03759765625
0 0.3115234375 0.123046875 0.04296875 0.029296875
0 0.359375 0.12158203125 0.041015625 0.03759765625
0 0.283203125 0.1591796875 0.033203125 0.03173828125
0 0.3203125 0.1591796875 0.044921875 0.03173828125
0 0.3447265625 0.16064453125 0.0078125 0.01171875
0 0.3583984375 0.1591796875 0.0234375 0.03173828125
0 0.3720703125 0.16064453125 0.0078125 0.01171875
0 0.3876953125 0.1591796875 0.02734375 0.03173828125
0 0.64306640625 0.15380859375 0.30615234375 0.19189453125
0 0.54248046875 0.26904296875 0.1064453125 0.1201171875
0 0.6318359375 0.27880859375 0.076171875 0.1015625
0 0.7041015625 0.28857421875 0.06640625 0.09814453125
0 0.775390625 0.296875 0.0888671875 0.1015625
0 0.65576171875 0.35791015625 0.16357421875 0.05322265625
0 0.5576171875 0.38330078125 0.12109375 0.0322265625
0 0.3720703125 0.716796875 0.06396484375 0.0869140625
0 0.42578125 0.7294921875 0.0546875 0.07275390625
0 0.4697265625 0.73388671875 0.03857421875 0.0673828125
0 0.54248046875 0.43017578125 0.1064453125 0.0615234375
0 0.63427734375 0.42529296875 0.0595703125 0.0517578125
0 0.73974609375 0.42431640625 0.1318359375 0.0498046875
0 0.572265625 0.6904296875 0.1064453125 0.09033203125
0 0.66552734375 0.689453125 0.06787109375 0.08837890625
0 0.77294921875 0.685546875 0.1298828125 0.08837890625
0 0.9150390625 0.6826171875 0.13330078125 0.10205078125
0 0.5400390625 0.83740234375 0.03515625 0.06298828125
0 0.51953125 0.88427734375 0.02783203125 0.02734375
0 0.55712890625 0.88330078125 0.04736328125 0.025390625
0 0.650390625 0.77587890625 0.08837890625 0.025390625
0 0.64013671875 0.82568359375 0.0556640625 0.02734375
0 0.6396484375 0.86083984375 0.1005859375 0.03515625
0 0.642578125 0.8984375 0.06787109375 0.01953125
0 0.9833984375 0.9833984375 0.033203125 0.033203125