0 0.2900390625 0.15625 0.1259765625 0.10400390625
0 0.443359375 0.17578125 0.1669921875 0.09912109375
0 0.62939453125 0.19873046875 0.181640625 0.09130859375
0 0.39404296875 0.248046875 0.119140625 0.05859375
0 0.54833984375 0.263671875 0.1962890625 0.064453125
0 0.4990234375 0.376953125 0.32373046875 0.09716796875
0 0.2119140625 0.53076171875 0.20361328125 0.1494140625
0 0.400390625 0.5205078125 0.15869140625 0.16650390625
0 0.50439453125 0.54248046875 0.0380859375 0.04150390625
0 0.59521484375 0.52001953125 0.1494140625 0.18017578125
0 0.75830078125 0.53173828125 0.177734375 0.154296875
0 0.30419921875 0.6826171875 0.18017578125 0.12060546875
0 0.49267578125 0.6826171875 0.20947265625 0.1083984375
0 0.634765625 0.666015625 0.0908203125 0.09423828125
0 0.74169921875 0.66064453125 0.11865234375 0.095703125
0 0.39453125 0.81787109375 0.14697265625 0.103515625
0 0.53271484375 0.80078125 0.10986328125 0.14111328125
0 0.66357421875 0.8076171875 0.142578125 0.1357421875
0 0.3359375 0.9501953125 0.19091796875 0.09423828125
0 0.4775390625 0.93701171875 0.09130859375 0.08203125
0 0.55224609375 0.93408203125 0.04931640625 0.05908203125
0 0.6162109375 0.9267578125 0.087890625 0.0673828125
0 0.724609375 0.90869140625 0.11572265625 0.07958984375
0 0.68359375 0.98974609375 0.03369140625 0.01611328125
0 0.7294921875 0.9697265625 0.02685546875 0.01611328125
0 0.72705078125 0.9853515625 0.0146484375 0.01513671875