0 0.396484375 0.0205078125 0.078125 0.0322265625
0 0.46630859375 0.02001953125 0.048828125 0.03271484375
0 0.533203125 0.02392578125 0.0771484375 0.03271484375
0 0.61865234375 0.01953125 0.08544921875 0.03759765625
0 0.70703125 0.01708984375 0.083984375 0.0341796875
0 0.8095703125 0.0185546875 0.1123046875 0.03271484375
0 0.92578125 0.01416015625 0.107421875 0.0283203125
0 0.4462890625 0.162109375 0.09912109375 0.0126953125
0 0.5517578125 0.15966796875 0.09912109375 0.01806640625
0 0.74365234375 0.15673828125 0.185546875 0.01708984375
0 0.9375 0.150390625 0.02490234375 0.0146484375
0 0.95556640625 0.15087890625 0.013671875 0.0166015625
0 0.97607421875 0.150390625 0.02685546875 0.0146484375
0 0.99609375 0.1494140625 0.0078125 0.013671875
0 0.29736328125 0.2197265625 0.0361328125 0.025390625
0 0.37060546875 0.2421875 0.02392578125 0.01708984375
0 0.412109375 0.2373046875 0.0615234375 0.0107421875
0 0.37646484375 0.27685546875 0.0263671875 0.0048828125
0 0.02099609375 0.6552734375 0.0419921875 0.21875
0 0.16357421875 0.58544921875 0.228515625 0.20751953125
0 0.04638671875 0.82666015625 0.06689453125 0.0693359375
0 0.123046875 0.8076171875 0.07666015625 0.06689453125
0 0.18603515625 0.79638671875 0.0498046875 0.0625
0 0.24609375 0.771484375 0.06640625 0.08984375
0 0.30224609375 0.7548828125 0.0458984375 0.0546875
0 0.359375 0.76708984375 0.0791015625 0.09228515625
0 0.2998046875 0.82666015625 0.041015625 0.0380859375