0 0.07861328125 0.0625 0.1396484375 0.125
0 0.2275390625 0.095703125 0.1376953125 0.14990234375
0 0.537109375 0.07568359375 0.091796875 0.1513671875
0 0.60546875 0.103515625 0.0419921875 0.11474609375
0 0.6572265625 0.11474609375 0.06103515625 0.134765625
0 0.7109375 0.13818359375 0.04443359375 0.10791015625
0 0.75146484375 0.15478515625 0.03173828125 0.12158203125
0 0.791015625 0.16259765625 0.04296875 0.12353515625
0 0.8359375 0.1767578125 0.04541015625 0.10009765625
0 0.52294921875 0.2744140625 0.10498046875 0.09814453125
0 0.60400390625 0.27685546875 0.060546875 0.10693359375
0 0.66064453125 0.2900390625 0.0517578125 0.080078125
0 0.71044921875 0.30419921875 0.04541015625 0.09033203125
0 0.74951171875 0.29150390625 0.0361328125 0.1025390625
0 0.78857421875 0.30322265625 0.04296875 0.0966796875
0 0.03466796875 0.6279296875 0.0693359375 0.056640625
0 0.10888671875 0.6279296875 0.0712890625 0.056640625
0 0.0673828125 0.703125 0.12109375 0.0830078125
0 0.02880859375 0.76953125 0.0576171875 0.072265625
0 0.0927734375 0.7783203125 0.06689453125 0.07763671875
0 0.83251953125 0.82421875 0.18505859375 0.2041015625
0 0.96240234375 0.8740234375 0.0751953125 0.17578125