0 0.07177734375 0.0390625 0.1435546875 0.0234375
0 0.60546875 0.0888671875 0.052734375 0.080078125
0 0.689453125 0.11474609375 0.10498046875 0.0732421875
0 0.77490234375 0.1171875 0.06103515625 0.078125
0 0.6337890625 0.16943359375 0.07373046875 0.04345703125
0 0.73486328125 0.18115234375 0.1162109375 0.0498046875
0 0.60400390625 0.21826171875 0.0498046875 0.0478515625
0 0.65576171875 0.22314453125 0.0400390625 0.04345703125
0 0.6357421875 0.2705078125 0.07763671875 0.044921875
0 0.7216796875 0.27294921875 0.08984375 0.04345703125
0 0.6005859375 0.3154296875 0.02978515625 0.03857421875
0 0.64697265625 0.31298828125 0.0576171875 0.04345703125
0 0.69970703125 0.31298828125 0.0439453125 0.0400390625
0 0.7421875 0.31787109375 0.0361328125 0.02978515625
0 0.783203125 0.31884765625 0.0400390625 0.0283203125
0 0.59033203125 0.365234375 0.0224609375 0.029296875
0 0.06982421875 0.38330078125 0.0322265625 0.0068359375
0 0.041015625 0.4306640625 0.07373046875 0.06884765625
0 0.0048828125 0.73828125 0.009765625 0.0146484375
0 0.0791015625 0.73583984375 0.013671875 0.0126953125
0 0.0908203125 0.73681640625 0.0078125 0.00927734375
0 0.08056640625 0.79736328125 0.013671875 0.013671875
0 0.09130859375 0.79638671875 0.0068359375 0.00927734375
0 0.1396484375 0.72509765625 0.0029296875 0.00927734375
0 0.4873046875 0.73388671875 0.009765625 0.01025390625
0 0.48486328125 0.7431640625 0.0224609375 0.01025390625
0 0.623046875 0.4892578125 0.087890625 0.080078125
0 0.724609375 0.51513671875 0.10498046875 0.0732421875
0 0.81005859375 0.517578125 0.06103515625 0.078125
0 0.60107421875 0.5634765625 0.0439453125 0.046875
0 0.6689453125 0.56982421875 0.07373046875 0.04345703125
0 0.77001953125 0.58154296875 0.1162109375 0.0498046875
0 0.626953125 0.619140625 0.0751953125 0.04833984375
0 0.69091796875 0.62353515625 0.0400390625 0.04345703125
0 0.6015625 0.66455078125 0.044921875 0.0439453125
0 0.6708984375 0.6708984375 0.07763671875 0.044921875
0 0.7568359375 0.67333984375 0.08984375 0.04345703125
0 0.5986328125 0.712890625 0.0390625 0.046875
0 0.6357421875 0.7158203125 0.02978515625 0.03857421875
0 0.68212890625 0.71337890625 0.0576171875 0.04345703125
0 0.73486328125 0.71337890625 0.0439453125 0.0400390625
0 0.77734375 0.71826171875 0.0361328125 0.02978515625
0 0.818359375 0.71923828125 0.0400390625 0.0283203125
0 0.60791015625 0.76953125 0.0576171875 0.037109375