0 0.06201171875 0.1962890625 0.0673828125 0.04736328125
0 0.1416015625 0.19921875 0.08447265625 0.041015625
0 0.220703125 0.20361328125 0.06640625 0.04248046875
0 0.28955078125 0.2041015625 0.06640625 0.0439453125
0 0.3798828125 0.20654296875 0.10791015625 0.04248046875
0 0.10107421875 0.26318359375 0.1064453125 0.060546875
0 0.22802734375 0.27197265625 0.134765625 0.06201171875
0 0.3603515625 0.26806640625 0.11767578125 0.06689453125
0 0.162109375 0.39306640625 0.23779296875 0.140625
0 0.33056640625 0.3837890625 0.1015625 0.16845703125
0 0.40869140625 0.3955078125 0.05029296875 0.1455078125
0 0.119140625 0.49462890625 0.1015625 0.0498046875
0 0.20263671875 0.49267578125 0.0576171875 0.0537109375
0 0.26904296875 0.49853515625 0.0732421875 0.0419921875
0 0.34228515625 0.49609375 0.0751953125 0.046875
0 0.390625 0.515625 0.017578125 0.0078125
0 0.96533203125 0.1337890625 0.0693359375 0.08203125
0 0.79736328125 0.2548828125 0.08056640625 0.1123046875
0 0.923828125 0.267578125 0.15087890625 0.1005859375
0 0.357421875 0.6064453125 0.19921875 0.173828125
0 0.505859375 0.5400390625 0.033203125 0.041015625
0 0.5703125 0.5517578125 0.087890625 0.064453125
0 0.662109375 0.541015625 0.0859375 0.04296875
0 0.75634765625 0.5400390625 0.0908203125 0.041015625
0 0.8662109375 0.5400390625 0.11328125 0.041015625
0 0.51025390625 0.62939453125 0.02490234375 0.0458984375
0 0.5361328125 0.62158203125 0.02099609375 0.0458984375
0 0.5654296875 0.62158203125 0.033203125 0.0458984375
0 0.609375 0.62939453125 0.05029296875 0.05029296875
0 0.658203125 0.62548828125 0.0439453125 0.05810546875
0 0.70263671875 0.62158203125 0.03466796875 0.05029296875
0 0.74072265625 0.62646484375 0.033203125 0.05224609375
0 0.7744140625 0.62158203125 0.033203125 0.05419921875
0 0.81787109375 0.62353515625 0.0458984375 0.05810546875
0 0.86181640625 0.62255859375 0.033203125 0.05224609375
0 0.908203125 0.62646484375 0.03466796875 0.0439453125
0 0.9619140625 0.62939453125 0.076171875 0.0458984375
0 0.5517578125 0.87109375 0.05029296875 0.083984375
0 0.61083984375 0.876953125 0.06591796875 0.076171875
0 0.6787109375 0.88818359375 0.06591796875 0.0859375
0 0.73486328125 0.89013671875 0.03662109375 0.0859375
0 0.7802734375 0.875 0.05419921875 0.09619140625
0 0.8525390625 0.88232421875 0.08544921875 0.09033203125
0 0.72119140625 0.9541015625 0.11669921875 0.05029296875
0 0.5439453125 0.9853515625 0.037109375 0.029296875
0 0.58447265625 0.9814453125 0.0439453125 0.037109375
0 0.61767578125 0.9833984375 0.0283203125 0.033203125