0 0.7451171875 0.45751953125 0.06982421875 0.02001953125
0 0.46826171875 0.68896484375 0.080078125 0.02734375
0 0.4248046875 0.8173828125 0.05322265625 0.02001953125
0 0.490234375 0.81884765625 0.0732421875 0.0224609375
0 0.5751953125 0.1474609375 0.06689453125 0.05517578125
0 0.654296875 0.14892578125 0.08154296875 0.04736328125
0 0.72607421875 0.146484375 0.044921875 0.052734375
0 0.77587890625 0.14892578125 0.0517578125 0.04736328125
0 0.5283203125 0.2099609375 0.080078125 0.06005859375
0 0.61767578125 0.208984375 0.09814453125 0.0576171875
0 0.70166015625 0.208984375 0.06982421875 0.0576171875
0 0.759765625 0.205078125 0.0400390625 0.0498046875