0 0.4716796875 0.2607421875 0.0234375 0.02197265625
0 0.51318359375 0.2568359375 0.0595703125 0.02587890625
0 0.57861328125 0.24560546875 0.0654296875 0.03125
0 0.501953125 0.302734375 0.07373046875 0.048828125
0 0.5810546875 0.29443359375 0.076171875 0.048828125
0 0.4208984375 0.35498046875 0.11669921875 0.05419921875
0 0.53759765625 0.3466796875 0.1025390625 0.0751953125
0 0.498046875 0.4375 0.28759765625 0.16259765625
0 0.638671875 0.67529296875 0.02490234375 0.01123046875
0 0.66748046875 0.67724609375 0.029296875 0.0126953125
0 0.6953125 0.67919921875 0.0263671875 0.01025390625
0 0.638671875 0.68603515625 0.02783203125 0.01123046875
0 0.666015625 0.68798828125 0.0263671875 0.01123046875
0 0.68212890625 0.68896484375 0.00830078125 0.00537109375
0 0.697265625 0.68994140625 0.02490234375 0.013671875