0 0.2724609375 0.328125 0.02734375 0.0234375
0 0.30859375 0.32958984375 0.044921875 0.02587890625
0 0.3525390625 0.33349609375 0.04296875 0.0234375
0 0.3876953125 0.33056640625 0.0234375 0.0234375
0 0.4208984375 0.33056640625 0.0390625 0.0234375
0 0.455078125 0.3330078125 0.029296875 0.0234375
0 0.26953125 0.35693359375 0.158203125 0.0390625
0 0.4052734375 0.36083984375 0.11328125 0.03125
0 0.5498046875 0.2783203125 0.16015625 0.18359375
0 0.82275390625 0.2861328125 0.3193359375 0.2060546875
0 0.5458984375 0.46044921875 0.15234375 0.1982421875
0 0.82666015625 0.482421875 0.3466796875 0.154296875
0 0.09033203125 0.87646484375 0.02978515625 0.02001953125
0 0.11767578125 0.87841796875 0.02490234375 0.021484375
0 0.09130859375 0.89404296875 0.02392578125 0.02001953125
0 0.11376953125 0.89697265625 0.0234375 0.021484375
0 0.2158203125 0.56201171875 0.02734375 0.0048828125
0 0.33251953125 0.60595703125 0.04736328125 0.0361328125
0 0.373046875 0.5869140625 0.041015625 0.0361328125
0 0.40087890625 0.68212890625 0.02099609375 0.021484375
0 0.40185546875 0.69189453125 0.021484375 0.021484375
0 0.32958984375 0.744140625 0.03662109375 0.0224609375
0 0.3583984375 0.74609375 0.021484375 0.02392578125
0 0.3271484375 0.771484375 0.07080078125 0.03515625
0 0.388671875 0.77294921875 0.05322265625 0.03515625
0 0.3330078125 0.81005859375 0.04931640625 0.04248046875
0 0.3779296875 0.81103515625 0.04833984375 0.0439453125
0 0.54443359375 0.67578125 0.1494140625 0.232421875
0 0.76123046875 0.68359375 0.2451171875 0.248046875
0 0.7548828125 0.98046875 0.05078125 0.0390625