0 0.28466796875 0.05810546875 0.0244140625 0.05615234375
0 0.30810546875 0.04736328125 0.02294921875 0.052734375
0 0.33984375 0.0361328125 0.0390625 0.0595703125
0 0.25537109375 0.1669921875 0.0234375 0.05029296875
0 0.2509765625 0.21826171875 0.0341796875 0.0537109375
0 0.27880859375 0.21435546875 0.02099609375 0.0556640625
0 0.341796875 0.189453125 0.0234375 0.0556640625
0 0.37109375 0.1806640625 0.03173828125 0.060546875
0 0.37890625 0.2412109375 0.03369140625 0.06494140625
0 0.34130859375 0.30029296875 0.02880859375 0.05517578125
0 0.3759765625 0.30078125 0.03857421875 0.0595703125
0 0.24853515625 0.32568359375 0.02978515625 0.0615234375
0 0.26806640625 0.31982421875 0.00732421875 0.04052734375
0 0.63720703125 0.48876953125 0.02880859375 0.04931640625
0 0.67724609375 0.75146484375 0.02099609375 0.01318359375