0 0.611328125 0.24658203125 0.2666015625 0.060546875
0 0.4638671875 0.2998046875 0.08984375 0.03466796875
0 0.55517578125 0.29296875 0.08447265625 0.03564453125
0 0.611328125 0.296875 0.0205078125 0.0107421875
0 0.6767578125 0.291015625 0.10009765625 0.02978515625
0 0.76611328125 0.2880859375 0.06298828125 0.02978515625
0 0.45849609375 0.34326171875 0.0654296875 0.04638671875
0 0.53759765625 0.3349609375 0.08837890625 0.04345703125
0 0.6103515625 0.32958984375 0.04638671875 0.04248046875
0 0.64501953125 0.33837890625 0.015625 0.009765625
0 0.69091796875 0.3310546875 0.0693359375 0.03564453125
0 0.765625 0.328125 0.0771484375 0.03759765625
0 0.2255859375 0.35107421875 0.06396484375 0.03076171875
0 0.24462890625 0.37060546875 0.07958984375 0.03564453125