0 0.04052734375 0.0986328125 0.0810546875 0.08203125
0 0.2021484375 0.08984375 0.21142578125 0.0947265625
0 0.0556640625 0.20751953125 0.111328125 0.0771484375
0 0.2783203125 0.2080078125 0.2822265625 0.08837890625
0 0.54638671875 0.1923828125 0.22412109375 0.08837890625
0 0.14013671875 0.27490234375 0.08740234375 0.03857421875
0 0.20849609375 0.43896484375 0.0478515625 0.0380859375
0 0.24267578125 0.43798828125 0.0185546875 0.0361328125
0 0.2744140625 0.4453125 0.04296875 0.05078125
0 0.318359375 0.4560546875 0.03662109375 0.06396484375
0 0.109375 0.451171875 0.08203125 0.0625
0 0.1630859375 0.46630859375 0.0224609375 0.04345703125
0 0.2138671875 0.4794921875 0.0791015625 0.056640625
0 0.26806640625 0.49462890625 0.02734375 0.04150390625
0 0.30908203125 0.50537109375 0.05517578125 0.0478515625
0 0.01416015625 0.42919921875 0.0283203125 0.0185546875
0 0.04296875 0.59619140625 0.0859375 0.1728515625
0 0.1171875 0.62841796875 0.0556640625 0.14990234375
0 0.177734375 0.63525390625 0.05908203125 0.142578125
0 0.23486328125 0.61865234375 0.0458984375 0.12841796875
0 0.3017578125 0.62353515625 0.0849609375 0.126953125
0 0.091796875 0.73681640625 0.18359375 0.0595703125
0 0.26904296875 0.72802734375 0.15478515625 0.04443359375
0 0.005859375 0.83349609375 0.01171875 0.0537109375
0 0.029296875 0.82568359375 0.02978515625 0.0556640625
0 0.08203125 0.814453125 0.07080078125 0.0693359375
0 0.1494140625 0.81640625 0.01318359375 0.01318359375
0 0.19580078125 0.80810546875 0.02978515625 0.04248046875
0 0.23681640625 0.79833984375 0.0498046875 0.048828125
0 0.279296875 0.7978515625 0.02685546875 0.03466796875
0 0.31396484375 0.7919921875 0.0458984375 0.05126953125
0 0.01318359375 0.89990234375 0.0263671875 0.0517578125
0 0.10107421875 0.8828125 0.13818359375 0.0673828125
0 0.18603515625 0.86767578125 0.01171875 0.0107421875
0 0.2216796875 0.85888671875 0.046875 0.04345703125
0 0.29296875 0.845703125 0.0908203125 0.0498046875
0 0.5009765625 0.55615234375 0.01171875 0.01171875
0 0.75634765625 0.490234375 0.0341796875 0.111328125
0 0.81884765625 0.50146484375 0.07666015625 0.09521484375
0 0.90234375 0.50634765625 0.08349609375 0.10498046875
0 0.9736328125 0.53173828125 0.052734375 0.0986328125
0 0.78466796875 0.583984375 0.05517578125 0.05712890625
0 0.91015625 0.60595703125 0.1796875 0.0888671875
0 0.78662109375 0.66796875 0.0947265625 0.0859375
0 0.86328125 0.6728515625 0.044921875 0.0634765625