0 0.1181640625 0.16845703125 0.07275390625 0.06640625
0 0.171875 0.1640625 0.0380859375 0.0625
0 0.1982421875 0.16845703125 0.013671875 0.01513671875
0 0.24365234375 0.1669921875 0.0732421875 0.05126953125
0 0.2900390625 0.1611328125 0.01318359375 0.0146484375
0 0.3330078125 0.15869140625 0.07177734375 0.048828125
0 0.39111328125 0.15185546875 0.04296875 0.05859375
0 0.435546875 0.14990234375 0.0517578125 0.0537109375
0 0.4951171875 0.1396484375 0.06591796875 0.06396484375
0 0.09912109375 0.22265625 0.02197265625 0.021484375
0 0.12841796875 0.21923828125 0.033203125 0.02392578125
0 0.15234375 0.21728515625 0.01611328125 0.021484375
0 0.1748046875 0.216796875 0.02392578125 0.0224609375
0 0.203125 0.212890625 0.0283203125 0.0263671875
0 0.21923828125 0.2138671875 0.0048828125 0.00830078125
0 0.2294921875 0.2109375 0.01953125 0.0224609375
0 0.251953125 0.21142578125 0.0244140625 0.02099609375
0 0.28076171875 0.20751953125 0.03173828125 0.02587890625
0 0.35107421875 0.2041015625 0.0244140625 0.02294921875
0 0.40185546875 0.19921875 0.078125 0.02587890625
0 0.4443359375 0.19677734375 0.00537109375 0.005859375