0 0.126953125 0.11328125 0.0478515625 0.0283203125
0 0.1748046875 0.11865234375 0.04296875 0.02587890625
0 0.23681640625 0.12646484375 0.07421875 0.02587890625
0 0.298828125 0.1318359375 0.044921875 0.02783203125
0 0.1328125 0.140625 0.0576171875 0.03125
0 0.19580078125 0.14697265625 0.05908203125 0.03125
0 0.2529296875 0.1513671875 0.0478515625 0.02197265625
0 0.83203125 0.1396484375 0.3359375 0.279296875
0 0.6796875 0.38232421875 0.25634765625 0.07666015625
0 0.8876953125 0.37841796875 0.14208984375 0.07177734375
0 0.0322265625 0.59521484375 0.064453125 0.0771484375
0 0.11572265625 0.58056640625 0.09521484375 0.06640625
0 0.21630859375 0.578125 0.091796875 0.07177734375
0 0.0458984375 0.71044921875 0.091796875 0.1689453125
0 0.12646484375 0.72216796875 0.07763671875 0.14697265625
0 0.2099609375 0.734375 0.0771484375 0.2138671875
0 0.2919921875 0.71435546875 0.11474609375 0.1962890625
0 0.01904296875 0.8818359375 0.0380859375 0.04296875
0 0.0517578125 0.8798828125 0.02587890625 0.03125
0 0.09765625 0.87890625 0.060546875 0.0458984375
0 0.14208984375 0.87646484375 0.02685546875 0.033203125
0 0.181640625 0.87255859375 0.04736328125 0.03662109375
0 0.95849609375 0.7109375 0.03515625 0.0244140625
0 0.99072265625 0.708984375 0.0185546875 0.03515625
0 0.98828125 0.7373046875 0.0234375 0.021484375
0 0.90625 0.72509765625 0.01171875 0.0087890625
0 0.921875 0.7255859375 0.021484375 0.01220703125