0 0.1923828125 0.05224609375 0.3125 0.1044921875
0 0.4296875 0.0537109375 0.119140625 0.107421875
0 0.02587890625 0.16748046875 0.0517578125 0.0400390625
0 0.06689453125 0.16650390625 0.029296875 0.03271484375
0 0.08544921875 0.16796875 0.015625 0.0302734375
0 0.09814453125 0.17041015625 0.013671875 0.01513671875
0 0.123046875 0.16796875 0.04052734375 0.03515625
0 0.1640625 0.17138671875 0.04052734375 0.03759765625
0 0.18994140625 0.17138671875 0.015625 0.03271484375
0 0.01416015625 0.197265625 0.0283203125 0.03515625
0 0.033203125 0.203125 0.0078125 0.01025390625
0 0.04638671875 0.20556640625 0.01953125 0.03515625
0 0.06982421875 0.20166015625 0.03466796875 0.03271484375
0 0.1044921875 0.2041015625 0.03857421875 0.03271484375
0 0.1298828125 0.20654296875 0.01171875 0.0126953125
0 0.14453125 0.20556640625 0.025390625 0.0302734375
0 0.17529296875 0.2080078125 0.04052734375 0.03515625
0 0.37109375 0.1767578125 0.07958984375 0.03271484375
0 0.4501953125 0.18505859375 0.078125 0.0302734375
0 0.34521484375 0.21435546875 0.03125 0.02783203125
0 0.41650390625 0.212890625 0.1162109375 0.0400390625
0 0.4794921875 0.21826171875 0.009765625 0.01025390625
0 0.5146484375 0.2666015625 0.05078125 0.0859375
0 0.56884765625 0.259765625 0.0576171875 0.091796875
0 0.68310546875 0.248046875 0.15869140625 0.091796875
0 0.84423828125 0.2353515625 0.15380859375 0.103515625
0 0.9638671875 0.23095703125 0.072265625 0.0947265625
0 0.5078125 0.3359375 0.037109375 0.048828125
0 0.53564453125 0.33544921875 0.02392578125 0.0498046875
0 0.58837890625 0.33349609375 0.076171875 0.06005859375
0 0.64208984375 0.33056640625 0.02880859375 0.05322265625
0 0.6923828125 0.3310546875 0.07763671875 0.0615234375
0 0.75634765625 0.328125 0.04248046875 0.0615234375
0 0.81982421875 0.32958984375 0.08251953125 0.06494140625
0 0.88818359375 0.32470703125 0.048828125 0.05517578125
0 0.95361328125 0.32373046875 0.07763671875 0.06689453125
0 0.59521484375 0.41455078125 0.09765625 0.06494140625
0 0.7958984375 0.4169921875 0.298828125 0.06689453125
0 0.0361328125 0.69970703125 0.064453125 0.0205078125