0 0.115234375 0.162109375 0.23046875 0.1484375
0 0.0205078125 0.28125 0.041015625 0.05859375
0 0.083984375 0.2763671875 0.08203125 0.060546875
0 0.1806640625 0.2822265625 0.107421875 0.060546875
0 0.0244140625 0.3515625 0.044921875 0.046875
0 0.0869140625 0.3486328125 0.076171875 0.041015625
0 0.154296875 0.345703125 0.0625 0.03515625
0 0.49755859375 0.21875 0.01513671875 0.0107421875
0 0.513671875 0.21875 0.0166015625 0.0107421875
0 0.494140625 0.2353515625 0.01513671875 0.01025390625
0 0.50927734375 0.2353515625 0.01416015625 0.01123046875
0 0.52099609375 0.234375 0.00732421875 0.0126953125
0 0.50146484375 0.251953125 0.01171875 0.01220703125
0 0.51171875 0.25 0.0087890625 0.0107421875
0 0.50537109375 0.26708984375 0.02197265625 0.017578125
0 0.5537109375 0.23193359375 0.01220703125 0.0126953125
0 0.5693359375 0.23193359375 0.01611328125 0.0126953125
0 0.5859375 0.23193359375 0.015625 0.0126953125
0 0.6025390625 0.232421875 0.0166015625 0.01171875
0 0.6171875 0.2314453125 0.0107421875 0.013671875
0 0.6318359375 0.23193359375 0.01708984375 0.0126953125
0 0.65576171875 0.232421875 0.03076171875 0.01171875
0 0.68017578125 0.232421875 0.0166015625 0.01318359375
0 0.56982421875 0.24462890625 0.025390625 0.013671875
0 0.59716796875 0.2451171875 0.02734375 0.01171875
0 0.6171875 0.24462890625 0.0107421875 0.01171875
0 0.638671875 0.2451171875 0.03076171875 0.01220703125
0 0.66015625 0.24560546875 0.0107421875 0.009765625
0 0.677734375 0.24609375 0.0234375 0.01171875
0 0.5478515625 0.2578125 0.01318359375 0.01171875
0 0.5634765625 0.25830078125 0.015625 0.01220703125
0 0.57763671875 0.25830078125 0.0107421875 0.01171875
0 0.5986328125 0.25830078125 0.02978515625 0.01171875
0 0.62109375 0.2578125 0.0126953125 0.01171875
0 0.63916015625 0.259765625 0.02197265625 0.0126953125
0 0.65966796875 0.2578125 0.015625 0.01220703125
0 0.673828125 0.2578125 0.01123046875 0.01220703125
0 0.6943359375 0.25634765625 0.029296875 0.01611328125
0 0.6201171875 0.26806640625 0.00927734375 0.005859375
0 0.626953125 0.26806640625 0.00341796875 0.00439453125
0 0.63134765625 0.2685546875 0.005859375 0.0048828125
0 0.63623046875 0.26806640625 0.005859375 0.00537109375
0 0.64208984375 0.267578125 0.00537109375 0.0048828125
0 0.646484375 0.26806640625 0.00634765625 0.005859375
0 0.65185546875 0.26806640625 0.0068359375 0.00537109375
0 0.65771484375 0.26806640625 0.00439453125 0.00439453125
0 0.66162109375 0.267578125 0.00439453125 0.0048828125
0 0.6669921875 0.267578125 0.0068359375 0.00537109375
0 0.6748046875 0.26806640625 0.009765625 0.00537109375
0 0.68359375 0.26806640625 0.00732421875 0.005859375
0 0.06494140625 0.70947265625 0.1298828125 0.0654296875
0 0.2646484375 0.70947265625 0.208984375 0.0615234375
0 0.04150390625 0.78271484375 0.0830078125 0.0283203125
0 0.12060546875 0.783203125 0.06640625 0.0283203125
0 0.177734375 0.7841796875 0.02001953125 0.02685546875
0 0.21435546875 0.77978515625 0.041015625 0.03173828125
0 0.279296875 0.77734375 0.076171875 0.03662109375
0 0.0166015625 0.85009765625 0.033203125 0.0927734375
0 0.13427734375 0.85888671875 0.1513671875 0.06982421875
0 0.30126953125 0.85595703125 0.1357421875 0.0712890625
0 0.03173828125 0.92333984375 0.0634765625 0.0302734375
0 0.11376953125 0.92333984375 0.080078125 0.03857421875
0 0.1865234375 0.9189453125 0.06005859375 0.033203125
0 0.2578125 0.919921875 0.06494140625 0.03173828125
0 0.333984375 0.92041015625 0.0703125 0.0302734375
0 0.01806640625 0.96337890625 0.0361328125 0.0263671875
0 0.24951171875 0.96142578125 0.0361328125 0.021484375
0 0.31884765625 0.958984375 0.1005859375 0.0234375
0 0.72607421875 0.4375 0.158203125 0.07470703125
0 0.72607421875 0.49755859375 0.166015625 0.06640625
0 0.65283203125 0.591796875 0.15576171875 0.06396484375
0 0.7978515625 0.583984375 0.1220703125 0.05859375
0 0.90380859375 0.58251953125 0.07421875 0.04541015625
0 0.72998046875 0.654296875 0.1337890625 0.07177734375