0 0.1171875 0.0830078125 0.234375 0.060546875
0 0.04541015625 0.1298828125 0.08447265625 0.03564453125
0 0.1015625 0.1337890625 0.0205078125 0.0107421875
0 0.1669921875 0.1279296875 0.10009765625 0.02978515625
0 0.25634765625 0.125 0.06298828125 0.02978515625
0 0.03564453125 0.17138671875 0.0712890625 0.0439453125
0 0.1005859375 0.16650390625 0.04638671875 0.04248046875
0 0.13525390625 0.17529296875 0.015625 0.009765625
0 0.18115234375 0.16796875 0.0693359375 0.03564453125
0 0.255859375 0.1650390625 0.0771484375 0.03759765625
0 0.5 0.015625 0.060546875 0.03125
0 0.56884765625 0.017578125 0.0654296875 0.03515625
0 0.6591796875 0.02685546875 0.09765625 0.0537109375
0 0.75244140625 0.02392578125 0.0830078125 0.0478515625
0 0.841796875 0.0244140625 0.083984375 0.048828125
0 0.93359375 0.02685546875 0.08984375 0.0537109375
0 0.55615234375 0.13525390625 0.1728515625 0.1064453125
0 0.73779296875 0.13232421875 0.16259765625 0.1298828125
0 0.54345703125 0.28515625 0.1474609375 0.146484375
0 0.724609375 0.28955078125 0.18603515625 0.14501953125
0 0.91455078125 0.28857421875 0.16357421875 0.12646484375
0 0.26025390625 0.6201171875 0.14111328125 0.19140625
0 0.41455078125 0.697265625 0.1103515625 0.208984375
0 0.9775390625 0.3984375 0.044921875 0.029296875