0 0.3056640625 0.0849609375 0.06640625 0.01806640625
0 0.37646484375 0.0830078125 0.06298828125 0.01806640625
0 0.31396484375 0.09912109375 0.04248046875 0.01513671875
0 0.36181640625 0.09765625 0.0458984375 0.0146484375
0 0.22314453125 0.15576171875 0.01513671875 0.00341796875
0 0.4326171875 0.25 0.00927734375 0.00244140625
0 0.40087890625 0.283203125 0.0322265625 0.00537109375
0 0.43359375 0.27978515625 0.0302734375 0.00634765625
0 0.28515625 0.28515625 0.115234375 0.01513671875
0 0.27001953125 0.294921875 0.0302734375 0.00439453125
0 0.2978515625 0.29541015625 0.02197265625 0.00439453125
0 0.6796875 0.0517578125 0.080078125 0.103515625
0 0.7841796875 0.052734375 0.119140625 0.10546875
0 0.91796875 0.05517578125 0.125 0.10888671875
0 0.7158203125 0.1982421875 0.15234375 0.162109375
0 0.1015625 0.53564453125 0.203125 0.3056640625
0 0.3212890625 0.517578125 0.255859375 0.3359375
0 0.7216796875 0.3681640625 0.1640625 0.037109375
0 0.716796875 0.43115234375 0.154296875 0.0673828125
0 0.83203125 0.42236328125 0.07177734375 0.06005859375
0 0.91259765625 0.41943359375 0.08935546875 0.0546875
0 0.65185546875 0.50634765625 0.0244140625 0.0361328125
0 0.7119140625 0.501953125 0.09814453125 0.0380859375