0 0.04736328125 0.46875 0.0947265625 0.0625
0 0.29931640625 0.474609375 0.1474609375 0.05078125
0 0.07763671875 0.30908203125 0.14599609375 0.0810546875
0 0.2275390625 0.3349609375 0.12939453125 0.06787109375
0 0.3291015625 0.33984375 0.064453125 0.05322265625
0 0.17041015625 0.00732421875 0.0830078125 0.0146484375
0 0.2509765625 0.0107421875 0.064453125 0.021484375
0 0.3125 0.015625 0.05859375 0.03125
0 0.04296875 0.0244140625 0.0859375 0.048828125
0 0.14599609375 0.03857421875 0.11083984375 0.0615234375
0 0.07373046875 0.15283203125 0.1474609375 0.0810546875
0 0.22021484375 0.17626953125 0.123046875 0.056640625
0 0.31982421875 0.1904296875 0.0615234375 0.0458984375
0 0.51171875 0.2646484375 0.03125 0.0224609375
0 0.54638671875 0.26806640625 0.03271484375 0.0263671875
0 0.58203125 0.26513671875 0.0322265625 0.02783203125
0 0.6123046875 0.2646484375 0.02294921875 0.02734375
0 0.63623046875 0.26806640625 0.01953125 0.02294921875
0 0.48486328125 0.29296875 0.0146484375 0.021484375
0 0.51708984375 0.29638671875 0.0419921875 0.02734375
0 0.56103515625 0.29833984375 0.0390625 0.0283203125
0 0.6083984375 0.29638671875 0.0517578125 0.02294921875
0 0.64892578125 0.29736328125 0.03076171875 0.02392578125
0 0.486328125 0.31884765625 0.0439453125 0.01708984375
0 0.5400390625 0.31982421875 0.05908203125 0.01708984375
0 0.59912109375 0.32177734375 0.044921875 0.0166015625
0 0.6396484375 0.322265625 0.03515625 0.0166015625
0 0.666015625 0.3232421875 0.02001953125 0.01611328125
0 0.4921875 0.35400390625 0.0517578125 0.02734375
0 0.54345703125 0.35400390625 0.04345703125 0.02783203125
0 0.57666015625 0.35791015625 0.01904296875 0.0205078125
0 0.60546875 0.35693359375 0.03173828125 0.02783203125
0 0.6279296875 0.359375 0.0087890625 0.0205078125
0 0.654296875 0.357421875 0.03857421875 0.02734375
0 0.501953125 0.380859375 0.00634765625 0.01611328125
0 0.53076171875 0.3818359375 0.0458984375 0.01708984375
0 0.5830078125 0.3828125 0.05322265625 0.017578125
0 0.6259765625 0.38330078125 0.03076171875 0.01611328125
0 0.0341796875 0.5400390625 0.041015625 0.080078125
0 0.02099609375 0.6279296875 0.0419921875 0.064453125
0 0.1875 0.61669921875 0.0693359375 0.0888671875
0 0.24169921875 0.6328125 0.03466796875 0.0888671875
0 0.26904296875 0.62841796875 0.01611328125 0.07275390625
0 0.5263671875 0.62890625 0.09375 0.072265625
0 0.69140625 0.62548828125 0.22119140625 0.07080078125
0 0.89111328125 0.62060546875 0.1533203125 0.07373046875
0 0.642578125 0.71044921875 0.19091796875 0.07470703125
0 0.802734375 0.70654296875 0.08447265625 0.07763671875
0 0.93115234375 0.71142578125 0.10986328125 0.07373046875
0 0.685546875 0.826171875 0.1103515625 0.0546875
0 0.8134765625 0.82421875 0.10595703125 0.05859375
0 0.9111328125 0.81884765625 0.060546875 0.06396484375
0 0.98388671875 0.82275390625 0.0322265625 0.0537109375