0 0.787109375 0.30078125 0.00439453125 0.0068359375
0 0.36669921875 0.35400390625 0.04248046875 0.0341796875
0 0.4208984375 0.35205078125 0.056640625 0.03564453125
0 0.4833984375 0.3447265625 0.0556640625 0.03271484375
0 0.54248046875 0.33935546875 0.0537109375 0.033203125
0 0.6015625 0.34033203125 0.0517578125 0.02685546875
0 0.6640625 0.33544921875 0.0615234375 0.0341796875
0 0.38623046875 0.39501953125 0.0888671875 0.04541015625
0 0.4716796875 0.39599609375 0.06640625 0.04638671875
0 0.568359375 0.39013671875 0.1142578125 0.05322265625
0 0.6650390625 0.3818359375 0.0673828125 0.04052734375
0 0.298828125 0.4853515625 0.03955078125 0.021484375
0 0.33447265625 0.48388671875 0.0263671875 0.0234375
0 0.29541015625 0.55615234375 0.041015625 0.02392578125
0 0.333984375 0.55419921875 0.0322265625 0.02392578125
0 0.28955078125 0.6240234375 0.03173828125 0.0205078125
0 0.32470703125 0.62548828125 0.0361328125 0.02490234375
0 0.2900390625 0.6943359375 0.0322265625 0.0224609375
0 0.31787109375 0.69384765625 0.01953125 0.02392578125
0 0.220703125 0.76318359375 0.0166015625 0.01416015625
0 0.23876953125 0.76220703125 0.01806640625 0.01513671875
0 0.26123046875 0.76220703125 0.0263671875 0.015625
0 0.28125 0.76123046875 0.0146484375 0.01416015625
0 0.4951171875 0.48486328125 0.0380859375 0.02197265625
0 0.53759765625 0.48388671875 0.0439453125 0.025390625
0 0.494140625 0.55908203125 0.0283203125 0.0205078125
0 0.53173828125 0.55908203125 0.0439453125 0.025390625
0 0.49365234375 0.62548828125 0.02001953125 0.021484375
0 0.5283203125 0.62646484375 0.04443359375 0.02685546875
0 0.515625 0.671875 0.009765625 0.017578125
0 0.517578125 0.6923828125 0.03564453125 0.02294921875
0 0.8251953125 0.75244140625 0.0380859375 0.0205078125
0 0.6796875 0.48095703125 0.02197265625 0.0224609375
0 0.71142578125 0.48193359375 0.03857421875 0.02392578125
0 0.75244140625 0.47705078125 0.0390625 0.0234375
0 0.78759765625 0.4775390625 0.0283203125 0.02490234375
0 0.81640625 0.47607421875 0.02978515625 0.02490234375
0 0.65234375 0.5498046875 0.021484375 0.0244140625
0 0.68408203125 0.55078125 0.0390625 0.0234375
0 0.72705078125 0.55029296875 0.0419921875 0.021484375
0 0.7607421875 0.5478515625 0.0244140625 0.0224609375
0 0.7841796875 0.54443359375 0.02099609375 0.0224609375
0 0.8115234375 0.54638671875 0.0302734375 0.02392578125
0 0.6259765625 0.623046875 0.02099609375 0.02099609375
0 0.658203125 0.6240234375 0.0390625 0.0263671875
0 0.6953125 0.623046875 0.03125 0.02197265625
0 0.7255859375 0.6201171875 0.02783203125 0.02099609375
0 0.7607421875 0.62060546875 0.04150390625 0.02490234375
0 0.79638671875 0.619140625 0.0283203125 0.0224609375
0 0.82568359375 0.6201171875 0.02880859375 0.02587890625
0 0.59326171875 0.69580078125 0.02001953125 0.025390625
0 0.62451171875 0.6982421875 0.0400390625 0.02392578125
0 0.66015625 0.69580078125 0.03271484375 0.02392578125
0 0.685546875 0.69482421875 0.0205078125 0.02099609375
0 0.70556640625 0.6943359375 0.0185546875 0.0234375
0 0.728515625 0.6943359375 0.0283203125 0.021484375
0 0.76416015625 0.6962890625 0.04296875 0.025390625
0 0.80029296875 0.69384765625 0.0283203125 0.0224609375