0 0.43505859375 0.3056640625 0.0068359375 0.00830078125
0 0.43505859375 0.3134765625 0.00732421875 0.00732421875
0 0.50390625 0.33984375 0.00634765625 0.0126953125
0 0.51318359375 0.33935546875 0.01171875 0.013671875
0 0.529296875 0.34033203125 0.02099609375 0.013671875
0 0.86279296875 0.3701171875 0.0771484375 0.01953125
0 0.93896484375 0.365234375 0.0751953125 0.021484375
0 0.9892578125 0.36328125 0.021484375 0.017578125
0 0.88037109375 0.3896484375 0.0947265625 0.0234375
0 0.96240234375 0.3857421875 0.06396484375 0.01953125
0 0.86083984375 0.4326171875 0.18310546875 0.0546875
0 0.97802734375 0.423828125 0.0439453125 0.064453125
0 0.7666015625 0.4921875 0.11474609375 0.048828125
0 0.8681640625 0.4951171875 0.07958984375 0.046875
0 0.93701171875 0.4833984375 0.05322265625 0.046875
0 0.982421875 0.478515625 0.03515625 0.044921875
0 0.74462890625 0.546875 0.05322265625 0.044921875
0 0.79443359375 0.5458984375 0.0419921875 0.04296875
0 0.83984375 0.5458984375 0.04833984375 0.03515625
0 0.88623046875 0.541015625 0.04833984375 0.041015625
0 0.93896484375 0.537109375 0.0576171875 0.044921875
0 0.982421875 0.5322265625 0.03515625 0.046875
0 0.06201171875 0.81884765625 0.04296875 0.07763671875
0 0.09619140625 0.84228515625 0.02880859375 0.0732421875
0 0.26416015625 0.97705078125 0.0556640625 0.0458984375
0 0.31396484375 0.97607421875 0.0439453125 0.0478515625
0 0.36181640625 0.97509765625 0.0458984375 0.0498046875
0 0.57177734375 0.6796875 0.0439453125 0.041015625
0 0.6640625 0.67626953125 0.123046875 0.0341796875
0 0.77001953125 0.67041015625 0.0634765625 0.0224609375
0 0.87646484375 0.67138671875 0.1259765625 0.0244140625
0 0.8798828125 0.740234375 0.2001953125 0.10986328125
0 0.89404296875 0.8251953125 0.0849609375 0.0400390625
0 0.80712890625 0.82958984375 0.07861328125 0.04150390625
0 0.74755859375 0.83544921875 0.0400390625 0.033203125
0 0.6982421875 0.8388671875 0.021484375 0.033203125
0 0.62890625 0.83935546875 0.1123046875 0.044921875
0 0.701171875 0.7412109375 0.125 0.12158203125
0 0.58544921875 0.75048828125 0.0712890625 0.1298828125