0 0.3896484375 0.1943359375 0.05517578125 0.05126953125
0 0.43017578125 0.19189453125 0.02392578125 0.0400390625
0 0.3056640625 0.2744140625 0.064453125 0.08349609375
0 0.3720703125 0.27099609375 0.06884765625 0.08203125
0 0.43359375 0.27294921875 0.052734375 0.0869140625
0 0.5107421875 0.1806640625 0.1015625 0.193359375
0 0.78662109375 0.173828125 0.40869140625 0.22509765625
0 0.05517578125 0.7392578125 0.1103515625 0.0859375
0 0.2216796875 0.74755859375 0.158203125 0.09423828125
0 0.40087890625 0.75537109375 0.1181640625 0.0888671875
0 0.02490234375 0.89013671875 0.0498046875 0.0517578125
0 0.00439453125 0.92578125 0.0087890625 0.021484375
0 0.0234375 0.9267578125 0.02294921875 0.02099609375
0 0.05224609375 0.927734375 0.0283203125 0.0234375
0 0.1708984375 0.90771484375 0.1142578125 0.06103515625
0 0.09033203125 0.94775390625 0.0244140625 0.0234375
0 0.1123046875 0.94970703125 0.01611328125 0.0234375
0 0.123046875 0.95166015625 0.00439453125 0.005859375
0 0.13623046875 0.94873046875 0.0205078125 0.02490234375
0 0.1484375 0.953125 0.005859375 0.005859375
0 0.16162109375 0.9501953125 0.0185546875 0.02734375
0 0.18505859375 0.95068359375 0.025390625 0.02734375
0 0.205078125 0.95166015625 0.013671875 0.02734375
0 0.21484375 0.9560546875 0.00439453125 0.0048828125
0 0.228515625 0.95361328125 0.021484375 0.02490234375
0 0.25 0.95458984375 0.01806640625 0.0234375
0 0.22412109375 0.93359375 0.009765625 0.01318359375
0 0.2451171875 0.93359375 0.033203125 0.0166015625
0 0.27001953125 0.93896484375 0.01318359375 0.0234375
0 0.56982421875 0.5078125 0.11669921875 0.09521484375
0 0.52099609375 0.6162109375 0.06591796875 0.09765625
0 0.5869140625 0.61474609375 0.0517578125 0.0791015625
0 0.6337890625 0.6005859375 0.03466796875 0.087890625