0 0.0693359375 0.09326171875 0.06396484375 0.015625
0 0.13134765625 0.09228515625 0.0595703125 0.01611328125
0 0.18701171875 0.0908203125 0.04296875 0.015625
0 0.22509765625 0.09033203125 0.03369140625 0.017578125
0 0.27783203125 0.08984375 0.06201171875 0.01611328125
0 0.07666015625 0.46875 0.0263671875 0.0078125
0 0.07470703125 0.4775390625 0.10595703125 0.01123046875
0 0.18310546875 0.47021484375 0.03955078125 0.0078125
0 0.1796875 0.47900390625 0.06787109375 0.0087890625
0 0.29541015625 0.4716796875 0.03369140625 0.0068359375
0 0.29248046875 0.47998046875 0.103515625 0.01025390625
0 0.666015625 0.37255859375 0.078125 0.08935546875
0 0.7451171875 0.37109375 0.06689453125 0.08642578125
0 0.8173828125 0.3740234375 0.07177734375 0.08642578125
0 0.90234375 0.3603515625 0.09521484375 0.0810546875
0 0.9765625 0.3681640625 0.046875 0.0859375
0 0.654296875 0.453125 0.08984375 0.072265625
0 0.73193359375 0.453125 0.0556640625 0.072265625
0 0.81884765625 0.4501953125 0.1083984375 0.078125
0 0.10791015625 0.86669921875 0.1298828125 0.13330078125
0 0.22998046875 0.82763671875 0.0908203125 0.15234375
0 0.3193359375 0.8251953125 0.08203125 0.111328125
0 0.11083984375 0.96533203125 0.0986328125 0.0693359375
0 0.9609375 0.56005859375 0.078125 0.1064453125
0 0.92138671875 0.75146484375 0.025390625 0.0390625
0 0.95068359375 0.767578125 0.033203125 0.04833984375
0 0.98486328125 0.78662109375 0.0302734375 0.0458984375
0 0.95263671875 0.931640625 0.02392578125 0.03515625
0 0.97412109375 0.94091796875 0.021484375 0.03173828125
0 0.99072265625 0.95703125 0.0185546875 0.04296875