0 0.56103515625 0.068359375 0.0830078125 0.13671875
0 0.65673828125 0.08984375 0.1025390625 0.146484375
0 0.75732421875 0.109375 0.08203125 0.11767578125
0 0.83642578125 0.1318359375 0.06298828125 0.10546875
0 0.8955078125 0.14990234375 0.05322265625 0.09814453125
0 0.9609375 0.1728515625 0.078125 0.115234375
0 0.6875 0.2255859375 0.11962890625 0.095703125
0 0.75830078125 0.2373046875 0.02685546875 0.0576171875
0 0.83203125 0.2529296875 0.1162109375 0.0791015625
0 0.91259765625 0.27099609375 0.0419921875 0.0576171875
0 0.29638671875 0.4658203125 0.0185546875 0.02685546875
0 0.61279296875 0.36474609375 0.0966796875 0.0712890625
0 0.73388671875 0.34716796875 0.13427734375 0.0712890625
0 0.87158203125 0.3349609375 0.1337890625 0.0703125
0 0.6005859375 0.47998046875 0.162109375 0.1669921875
0 0.744140625 0.45849609375 0.1552734375 0.16357421875
0 0.91796875 0.44677734375 0.1640625 0.1533203125
0 0.58447265625 0.6025390625 0.1298828125 0.068359375
0 0.71826171875 0.5908203125 0.13671875 0.07958984375