0 0.435546875 0.0224609375 0.09375 0.044921875
0 0.42919921875 0.43896484375 0.3115234375 0.0205078125
0 0.0322265625 0.15625 0.064453125 0.046875
0 0.09814453125 0.17919921875 0.06005859375 0.033203125
0 0.01611328125 0.2041015625 0.0322265625 0.029296875
0 0.06982421875 0.22314453125 0.0888671875 0.041015625
0 0.00732421875 0.23583984375 0.0146484375 0.0224609375
0 0.69580078125 0.66162109375 0.060546875 0.0947265625
0 0.77392578125 0.67333984375 0.08544921875 0.08349609375
0 0.87646484375 0.6708984375 0.10302734375 0.0849609375
0 0.79052734375 0.8671875 0.2919921875 0.265625