0 0.05712890625 0.00732421875 0.0654296875 0.0146484375
0 0.13330078125 0.0107421875 0.0810546875 0.021484375
0 0.20361328125 0.0087890625 0.0537109375 0.017578125
0 0.01220703125 0.06396484375 0.0244140625 0.0478515625
0 0.064453125 0.06640625 0.0673828125 0.05810546875
0 0.126953125 0.06005859375 0.0498046875 0.044921875
0 0.18896484375 0.0615234375 0.0673828125 0.0546875
0 0.23193359375 0.056640625 0.01220703125 0.044921875
0 0.2646484375 0.05517578125 0.04638671875 0.04833984375
0 0.32177734375 0.056640625 0.060546875 0.05810546875
0 0.01904296875 0.13671875 0.0380859375 0.0390625
0 0.0458984375 0.13427734375 0.015625 0.0322265625
0 0.07421875 0.13232421875 0.0380859375 0.02880859375
0 0.11572265625 0.130859375 0.044921875 0.0322265625
0 0.06103515625 0.32958984375 0.09326171875 0.0986328125
0 0.0595703125 0.40576171875 0.119140625 0.0927734375
0 0.4013671875 0.39208984375 0.10205078125 0.07763671875
0 0.44140625 0.453125 0.037109375 0.033203125
0 0.361328125 0.49072265625 0.03125 0.02978515625
0 0.4033203125 0.4892578125 0.0576171875 0.02685546875
0 0.44482421875 0.48193359375 0.0302734375 0.0341796875
0 0.49951171875 0.64794921875 0.0791015625 0.0478515625
0 0.60546875 0.6474609375 0.10498046875 0.0458984375