0 0.62060546875 0.08935546875 0.154296875 0.037109375
0 0.5234375 0.1435546875 0.0595703125 0.02490234375
0 0.580078125 0.14697265625 0.04931640625 0.02490234375
0 0.64501953125 0.1484375 0.080078125 0.02099609375
0 0.498046875 0.17333984375 0.07421875 0.0390625
0 0.5732421875 0.17431640625 0.06787109375 0.037109375
0 0.66259765625 0.1787109375 0.10693359375 0.0283203125
0 0.501953125 0.2255859375 0.08642578125 0.037109375
0 0.634765625 0.23291015625 0.18310546875 0.037109375
0 0.66064453125 0.322265625 0.0615234375 0.0283203125
0 0.66552734375 0.34765625 0.06396484375 0.0263671875
0 0.5361328125 0.38330078125 0.1708984375 0.18603515625
0 0.6708984375 0.42822265625 0.10302734375 0.1025390625
0 0.47216796875 0.50244140625 0.0556640625 0.03173828125
0 0.53173828125 0.5009765625 0.05126953125 0.0390625
0 0.5791015625 0.50537109375 0.0390625 0.03369140625
0 0.630859375 0.509765625 0.06396484375 0.0390625
0 0.70458984375 0.51513671875 0.080078125 0.03515625
0 0.48876953125 0.595703125 0.07177734375 0.0302734375
0 0.578125 0.60009765625 0.10302734375 0.03173828125
0 0.68115234375 0.603515625 0.0947265625 0.03173828125
0 0.5 0.63623046875 0.1318359375 0.0546875
0 0.60302734375 0.6435546875 0.0615234375 0.04443359375
0 0.69140625 0.64697265625 0.111328125 0.04052734375
0 0.478515625 0.6806640625 0.03076171875 0.01611328125
0 0.52490234375 0.6796875 0.0615234375 0.02099609375
0 0.56884765625 0.681640625 0.02685546875 0.017578125
0 0.60791015625 0.68408203125 0.0556640625 0.01611328125
0 0.66552734375 0.68505859375 0.0595703125 0.02099609375
0 0.708984375 0.68505859375 0.02685546875 0.01416015625
0 0.841796875 0.771484375 0.0205078125 0.0283203125
0 0.865234375 0.77099609375 0.03076171875 0.03369140625
0 0.89404296875 0.7744140625 0.03076171875 0.03369140625
0 0.91455078125 0.7734375 0.01416015625 0.02490234375