0 0.029296875 0.03564453125 0.01708984375 0.02490234375
0 0.0546875 0.05859375 0.01171875 0.0126953125
0 0.3935546875 0.04931640625 0.181640625 0.0986328125
0 0.212890625 0.16845703125 0.13916015625 0.11376953125
0 0.34326171875 0.32861328125 0.01708984375 0.01220703125
0 0.3427734375 0.33740234375 0.0224609375 0.01220703125
0 0.34375 0.3486328125 0.02001953125 0.0126953125
0 0.44677734375 0.29736328125 0.0322265625 0.0126953125
0 0.447265625 0.30810546875 0.0302734375 0.0126953125
0 0.44677734375 0.31982421875 0.0361328125 0.01220703125
0 0.44873046875 0.33056640625 0.01904296875 0.01220703125
0 0.3466796875 0.1416015625 0.10009765625 0.09033203125
0 0.46435546875 0.107421875 0.05029296875 0.07568359375
0 0.5908203125 0.2646484375 0.07666015625 0.275390625
0 0.6669921875 0.2744140625 0.072265625 0.30224609375
0 0.73583984375 0.28125 0.0595703125 0.22802734375
0 0.8330078125 0.267578125 0.1162109375 0.322265625
0 0.92333984375 0.2744140625 0.06103515625 0.23486328125
0 0.97998046875 0.2841796875 0.0400390625 0.26171875
0 0.56103515625 0.57080078125 0.0830078125 0.1767578125
0 0.6396484375 0.5537109375 0.0625 0.2109375
0 0.73779296875 0.58056640625 0.1240234375 0.1572265625
0 0.86279296875 0.572265625 0.1162109375 0.173828125
0 0.95849609375 0.57421875 0.0615234375 0.169921875
0 0.27685546875 0.7783203125 0.16259765625 0.1474609375
0 0.43017578125 0.77197265625 0.126953125 0.14990234375
0 0.19873046875 0.95654296875 0.1865234375 0.0869140625
0 0.38134765625 0.9541015625 0.1728515625 0.091796875
0 0.5732421875 0.7548828125 0.07958984375 0.03662109375
0 0.67626953125 0.755859375 0.1142578125 0.03857421875
0 0.7822265625 0.75048828125 0.0771484375 0.03173828125
0 0.8642578125 0.75732421875 0.07958984375 0.03173828125
0 0.97021484375 0.75537109375 0.0595703125 0.0380859375
0 0.59423828125 0.9521484375 0.08837890625 0.03076171875
0 0.67626953125 0.951171875 0.06787109375 0.03271484375
0 0.630859375 0.9853515625 0.111328125 0.029296875
0 0.779296875 0.953125 0.0771484375 0.02880859375
0 0.8671875 0.9501953125 0.0908203125 0.03076171875
0 0.78466796875 0.98486328125 0.08203125 0.02685546875
0 0.8701171875 0.986328125 0.083984375 0.02734375
0 0.9638671875 0.95703125 0.072265625 0.037109375