0 0.27294921875 0.02197265625 0.1708984375 0.0439453125
0 0.40771484375 0.02392578125 0.1025390625 0.0478515625
0 0.20947265625 0.07080078125 0.0556640625 0.03173828125
0 0.26904296875 0.0693359375 0.05126953125 0.0390625
0 0.31640625 0.07373046875 0.0390625 0.03369140625
0 0.3681640625 0.078125 0.06396484375 0.0390625
0 0.44189453125 0.08349609375 0.080078125 0.03515625
0 0.22607421875 0.1640625 0.07177734375 0.0302734375
0 0.3154296875 0.16845703125 0.10302734375 0.03173828125
0 0.41845703125 0.171875 0.0947265625 0.03173828125
0 0.2373046875 0.20458984375 0.1318359375 0.0546875
0 0.34033203125 0.2119140625 0.0615234375 0.04443359375
0 0.4287109375 0.21533203125 0.111328125 0.04052734375
0 0.2158203125 0.2490234375 0.03076171875 0.01611328125
0 0.26220703125 0.248046875 0.0615234375 0.02099609375
0 0.30615234375 0.25 0.02685546875 0.017578125
0 0.34521484375 0.25244140625 0.0556640625 0.01611328125
0 0.40283203125 0.25341796875 0.0595703125 0.02099609375
0 0.4462890625 0.25341796875 0.02685546875 0.01416015625
0 0.6669921875 0.021484375 0.21875 0.04296875
0 0.6708984375 0.07421875 0.19140625 0.08642578125
0 0.64404296875 0.14013671875 0.14453125 0.06298828125
0 0.75146484375 0.13330078125 0.064453125 0.041015625
0 0.6923828125 0.1875 0.13916015625 0.0673828125
0 0.8681640625 0.0068359375 0.09765625 0.013671875
0 0.85693359375 0.0458984375 0.07666015625 0.041015625
0 0.92919921875 0.03759765625 0.05908203125 0.046875
0 0.98095703125 0.03466796875 0.0380859375 0.0439453125
0 0.845703125 0.12353515625 0.04931640625 0.0439453125
0 0.900390625 0.12109375 0.0517578125 0.04833984375
0 0.9482421875 0.11181640625 0.03857421875 0.05859375
0 0.9853515625 0.11279296875 0.029296875 0.0556640625
0 0.37255859375 0.880859375 0.07568359375 0.19921875
0 0.35498046875 0.779296875 0.08056640625 0.029296875
0 0.15185546875 0.7646484375 0.02734375 0.01953125
0 0.18359375 0.87744140625 0.0078125 0.01123046875
0 0.1591796875 0.94140625 0.01513671875 0.01416015625
0 0.18896484375 0.94873046875 0.0078125 0.01416015625
0 0.2021484375 0.95068359375 0.0068359375 0.0126953125
0 0.1455078125 0.97216796875 0.01416015625 0.01416015625
0 0.2021484375 0.98486328125 0.01318359375 0.0166015625
0 0.955078125 0.81884765625 0.08984375 0.0380859375
0 0.94921875 0.8603515625 0.0654296875 0.03466796875
0 0.9580078125 0.8984375 0.083984375 0.033203125
0 0.947265625 0.94580078125 0.06201171875 0.04150390625
0 0.98876953125 0.94189453125 0.0224609375 0.0400390625
0 0.978515625 0.982421875 0.04296875 0.033203125