0 0.26416015625 0.001953125 0.0087890625 0.00390625
0 0.60205078125 0.47119140625 0.06494140625 0.0673828125
0 0.66650390625 0.47607421875 0.05908203125 0.0654296875
0 0.75146484375 0.47802734375 0.09716796875 0.0615234375
0 0.86572265625 0.47509765625 0.1240234375 0.0634765625
0 0.9658203125 0.46484375 0.068359375 0.08203125
0 0.412109375 0.59423828125 0.01953125 0.0107421875
0 0.423828125 0.58544921875 0.01953125 0.0283203125
0 0.4423828125 0.5615234375 0.0185546875 0.03271484375
0 0.458984375 0.53955078125 0.02880859375 0.0498046875
0 0.478515625 0.51171875 0.0244140625 0.03662109375
0 0.4990234375 0.48291015625 0.025390625 0.0439453125
0 0.5146484375 0.48779296875 0.017578125 0.02685546875
0 0.52587890625 0.5048828125 0.0185546875 0.03076171875
0 0.53759765625 0.52685546875 0.0244140625 0.04052734375
0 0.5556640625 0.5556640625 0.025390625 0.0439453125
0 0.578125 0.59033203125 0.009765625 0.0185546875
0 0.50146484375 0.5703125 0.0595703125 0.05859375
0 0.6142578125 0.7509765625 0.076171875 0.09375
0 0.7021484375 0.75830078125 0.080078125 0.0986328125
0 0.642578125 0.837890625 0.01953125 0.06103515625
0 0.6826171875 0.8427734375 0.048828125 0.0703125
0 0.4560546875 0.9130859375 0.060546875 0.0986328125
0 0.5224609375 0.919921875 0.060546875 0.08447265625
0 0.591796875 0.9296875 0.07421875 0.06591796875
0 0.5078125 0.9833984375 0.04296875 0.033203125
0 0.5625 0.9833984375 0.05078125 0.033203125
0 0.7548828125 0.9365234375 0.044921875 0.07958984375
0 0.794921875 0.93408203125 0.03515625 0.0751953125
0 0.7431640625 0.98583984375 0.044921875 0.0283203125
0 0.7998046875 0.98583984375 0.048828125 0.0283203125