0 0.15625 0.41162109375 0.1962890625 0.4306640625
0 0.44287109375 0.52734375 0.14208984375 0.13037109375
0 0.39453125 0.3251953125 0.216796875 0.20361328125
0 0.646484375 0.4189453125 0.134765625 0.236328125
0 0.83349609375 0.4765625 0.1337890625 0.224609375
0 0.966796875 0.39013671875 0.06640625 0.32080078125
0 0.810546875 0.26953125 0.037109375 0.0673828125
0 0.80810546875 0.20849609375 0.03759765625 0.05322265625
0 0.8955078125 0.27685546875 0.083984375 0.0859375
0 0.884765625 0.19189453125 0.103515625 0.07177734375
0 0.59033203125 0.26708984375 0.00537109375 0.0068359375
0 0.5810546875 0.21875 0.0244140625 0.0478515625
0 0.5830078125 0.27099609375 0.02001953125 0.0166015625
0 0.615234375 0.28515625 0.0087890625 0.0048828125
0 0.62939453125 0.2841796875 0.0087890625 0.0068359375
0 0.6435546875 0.2841796875 0.00830078125 0.0068359375
0 0.65771484375 0.283203125 0.0087890625 0.0068359375
0 0.671875 0.283203125 0.0087890625 0.00634765625
0 0.68603515625 0.28271484375 0.00830078125 0.0068359375
0 0.69970703125 0.28173828125 0.00830078125 0.0068359375
0 0.71435546875 0.28173828125 0.0087890625 0.0068359375
0 0.728515625 0.28125 0.0087890625 0.00634765625
0 0.74267578125 0.27880859375 0.00830078125 0.01025390625
0 0.61474609375 0.27197265625 0.00927734375 0.01806640625
0 0.61474609375 0.255859375 0.01025390625 0.01171875
0 0.615234375 0.24169921875 0.009765625 0.01318359375
0 0.62841796875 0.27099609375 0.0087890625 0.015625
0 0.62841796875 0.25390625 0.009765625 0.013671875
0 0.626953125 0.2392578125 0.00830078125 0.01220703125
0 0.626953125 0.22412109375 0.01025390625 0.01416015625
0 0.642578125 0.2705078125 0.0087890625 0.017578125
0 0.6416015625 0.25341796875 0.009765625 0.0126953125
0 0.64111328125 0.240234375 0.00830078125 0.00927734375
0 0.630859375 0.20654296875 0.00732421875 0.0048828125
0 0.6572265625 0.271484375 0.0078125 0.01318359375
0 0.65625 0.2529296875 0.0087890625 0.021484375
0 0.671875 0.271484375 0.0078125 0.01318359375
0 0.671875 0.25537109375 0.01318359375 0.0166015625
0 0.685546875 0.27099609375 0.00830078125 0.01318359375
0 0.68505859375 0.2568359375 0.00830078125 0.01318359375
0 0.6845703125 0.24072265625 0.00927734375 0.01513671875
0 0.69970703125 0.27001953125 0.00830078125 0.01318359375
0 0.69921875 0.255859375 0.00830078125 0.01318359375
0 0.7138671875 0.267578125 0.0087890625 0.017578125
0 0.712890625 0.2470703125 0.0087890625 0.02099609375
0 0.712890625 0.22802734375 0.01123046875 0.013671875
0 0.7421875 0.265625 0.0078125 0.0126953125
0 0.74169921875 0.2509765625 0.0078125 0.013671875
0 0.74072265625 0.23486328125 0.0087890625 0.01513671875
0 0.61083984375 0.2080078125 0.0078125 0.01611328125
0 0.60888671875 0.185546875 0.009765625 0.013671875
0 0.62353515625 0.1845703125 0.009765625 0.01416015625
0 0.638671875 0.1845703125 0.00927734375 0.013671875
0 0.65234375 0.1845703125 0.0087890625 0.013671875
0 0.6669921875 0.18359375 0.0087890625 0.013671875
0 0.68115234375 0.18212890625 0.009765625 0.017578125
0 0.69580078125 0.181640625 0.00927734375 0.01708984375
0 0.7099609375 0.18115234375 0.00927734375 0.01708984375
0 0.724609375 0.1806640625 0.0087890625 0.01708984375
0 0.73876953125 0.1787109375 0.009765625 0.01220703125
0 0.576171875 0.708984375 0.03857421875 0.017578125