0 0.150390625 0.38623046875 0.0048828125 0.01220703125
0 0.16259765625 0.38330078125 0.01904296875 0.01318359375
0 0.2060546875 0.3837890625 0.02197265625 0.02001953125
0 0.40234375 0.3076171875 0.02587890625 0.03173828125
0 0.43896484375 0.310546875 0.037109375 0.0224609375
0 0.48974609375 0.3076171875 0.05078125 0.02685546875
0 0.5400390625 0.30712890625 0.03857421875 0.02783203125
0 0.5947265625 0.30712890625 0.060546875 0.02587890625
0 0.6396484375 0.30615234375 0.01953125 0.0283203125
0 0.27099609375 0.34716796875 0.0537109375 0.03955078125
0 0.31689453125 0.349609375 0.02587890625 0.0322265625
0 0.36181640625 0.35009765625 0.052734375 0.033203125
0 0.41552734375 0.3505859375 0.04345703125 0.0322265625
0 0.462890625 0.345703125 0.041015625 0.03955078125
0 0.50341796875 0.34814453125 0.02783203125 0.03564453125
0 0.53515625 0.345703125 0.02734375 0.03857421875
0 0.58056640625 0.34619140625 0.05419921875 0.037109375
0 0.630859375 0.34326171875 0.037109375 0.0419921875
0 0.244140625 0.48876953125 0.21826171875 0.15771484375
0 0.4921875 0.45849609375 0.20654296875 0.14599609375
0 0.51611328125 0.56689453125 0.02783203125 0.02392578125
0 0.5458984375 0.5625 0.02978515625 0.02587890625
0 0.5947265625 0.5625 0.05859375 0.02587890625
0 0.6376953125 0.5615234375 0.0234375 0.025390625
0 0.69580078125 0.06689453125 0.0927734375 0.0947265625
0 0.82177734375 0.068359375 0.14306640625 0.1044921875
0 0.951171875 0.0615234375 0.09619140625 0.09130859375
0 0.70556640625 0.21142578125 0.1123046875 0.1083984375
0 0.83056640625 0.2001953125 0.11767578125 0.09814453125
0 0.9501953125 0.1962890625 0.099609375 0.09765625
0 0.00634765625 0.73046875 0.0126953125 0.03515625
0 0.0234375 0.7255859375 0.02001953125 0.0283203125
0 0.037109375 0.71875 0.00732421875 0.01171875
0 0.05224609375 0.71044921875 0.0224609375 0.03515625
0 0.0888671875 0.7001953125 0.04638671875 0.04150390625
0 0.01220703125 0.65234375 0.0244140625 0.146484375
0 0.07470703125 0.63232421875 0.1005859375 0.1064453125
0 0.16455078125 0.62646484375 0.0791015625 0.0947265625
0 0.244140625 0.603515625 0.078125 0.048828125
0 0.1015625 0.99072265625 0.009765625 0.0185546875
0 0.11328125 0.9921875 0.013671875 0.015625
0 0.1279296875 0.99365234375 0.013671875 0.0126953125
0 0.14208984375 0.99560546875 0.0185546875 0.0087890625
0 0.15966796875 0.9970703125 0.0166015625 0.005859375
0 0.9345703125 0.64990234375 0.107421875 0.05859375
0 0.91943359375 0.69677734375 0.06689453125 0.033203125