0 0.04931640625 0.12109375 0.0986328125 0.08984375
0 0.01611328125 0.33837890625 0.0322265625 0.1005859375
0 0.0556640625 0.32568359375 0.046875 0.13916015625
0 0.09619140625 0.3173828125 0.0302734375 0.125
0 0.32666015625 0.013671875 0.0595703125 0.02734375
0 0.20263671875 0.11572265625 0.0537109375 0.078125
0 0.275390625 0.12841796875 0.072265625 0.09130859375
0 0.33447265625 0.1396484375 0.0283203125 0.07421875
0 0.212890625 0.3173828125 0.056640625 0.078125
0 0.28369140625 0.3037109375 0.0595703125 0.08984375
0 0.42919921875 0.1552734375 0.0400390625 0.046875
0 0.49462890625 0.15234375 0.07861328125 0.05322265625
0 0.56298828125 0.1484375 0.04736328125 0.05517578125
0 0.625 0.1435546875 0.06884765625 0.04150390625
0 0.68212890625 0.14013671875 0.0361328125 0.04150390625
0 0.7373046875 0.1357421875 0.05615234375 0.046875
0 0.80126953125 0.13671875 0.05859375 0.044921875
0 0.865234375 0.1376953125 0.0576171875 0.0498046875
0 0.93212890625 0.1259765625 0.06640625 0.03662109375
0 0.9853515625 0.11767578125 0.029296875 0.0517578125
0 0.4365234375 0.20654296875 0.0546875 0.0517578125
0 0.48974609375 0.203125 0.03857421875 0.0517578125
0 0.5498046875 0.20263671875 0.07373046875 0.0400390625
0 0.6181640625 0.19580078125 0.052734375 0.046875
0 0.6962890625 0.1875 0.09619140625 0.05322265625
0 0.78125 0.1875 0.06396484375 0.0400390625
0 0.84375 0.18994140625 0.05126953125 0.04833984375
0 0.90478515625 0.18603515625 0.05859375 0.046875
0 0.9697265625 0.17529296875 0.060546875 0.0498046875
0 0.462890625 0.7119140625 0.107421875 0.130859375