0 0.2705078125 0.025390625 0.154296875 0.05078125
0 0.2060546875 0.2607421875 0.080078125 0.0869140625
0 0.29541015625 0.24853515625 0.0859375 0.09326171875
0 0.359375 0.2529296875 0.02587890625 0.072265625
0 0.18115234375 0.3388671875 0.02587890625 0.06884765625
0 0.22998046875 0.33544921875 0.07177734375 0.06884765625
0 0.2841796875 0.33544921875 0.0361328125 0.05126953125
0 0.31640625 0.33251953125 0.02783203125 0.05126953125
0 0.3330078125 0.33544921875 0.01416015625 0.033203125
0 0.35595703125 0.32958984375 0.0361328125 0.05126953125
0 0.1982421875 0.40625 0.06005859375 0.078125
0 0.25341796875 0.400390625 0.0458984375 0.072265625
0 0.0322265625 0.60302734375 0.064453125 0.0712890625
0 0.24560546875 0.57763671875 0.0576171875 0.056640625
0 0.6923828125 0.5546875 0.00927734375 0.00244140625
0 0.66064453125 0.587890625 0.0322265625 0.00537109375
0 0.693359375 0.58447265625 0.0302734375 0.00634765625
0 0.544921875 0.58984375 0.115234375 0.01513671875
0 0.52978515625 0.599609375 0.0302734375 0.00439453125
0 0.5576171875 0.60009765625 0.02197265625 0.00439453125