0 0.072265625 0.2294921875 0.125 0.06787109375
0 0.1982421875 0.2451171875 0.103515625 0.06787109375
0 0.0224609375 0.2734375 0.044921875 0.041015625
0 0.0576171875 0.28173828125 0.017578125 0.02587890625
0 0.123046875 0.2841796875 0.109375 0.03125
0 0.0380859375 0.34130859375 0.025390625 0.04150390625
0 0.1484375 0.3466796875 0.0234375 0.04150390625
0 0.25 0.34814453125 0.0234375 0.0390625
0 0.2236328125 0.38037109375 0.029296875 0.03125
0 0.25 0.37939453125 0.02734375 0.02880859375
0 0.27734375 0.3818359375 0.02734375 0.02880859375
0 0.96435546875 0.3486328125 0.0712890625 0.18359375
0 0.8134765625 0.51123046875 0.373046875 0.1962890625
0 0.63720703125 0.70068359375 0.17431640625 0.10546875
0 0.8125 0.705078125 0.14892578125 0.1025390625
0 0.9462890625 0.703125 0.107421875 0.111328125
0 0.73974609375 0.85595703125 0.29736328125 0.19921875
0 0.91259765625 0.8583984375 0.1748046875 0.193359375