0 0.02734375 0.11181640625 0.01904296875 0.0185546875
0 0.0517578125 0.11328125 0.02783203125 0.01611328125
0 0.0859375 0.11181640625 0.0380859375 0.0185546875
0 0.12109375 0.11083984375 0.02783203125 0.0185546875
0 0.1552734375 0.111328125 0.037109375 0.0224609375
0 0.1796875 0.11181640625 0.0087890625 0.01318359375
0 0.02978515625 0.13134765625 0.0439453125 0.01708984375
0 0.06982421875 0.13134765625 0.0322265625 0.01708984375
0 0.1005859375 0.1337890625 0.02685546875 0.01708984375
0 0.125 0.13134765625 0.01806640625 0.01708984375
0 0.15087890625 0.1298828125 0.02783203125 0.01708984375
0 0.18017578125 0.13330078125 0.02587890625 0.0185546875
0 0.02587890625 0.3017578125 0.0439453125 0.0224609375
0 0.10107421875 0.2958984375 0.09619140625 0.03466796875
0 0.18017578125 0.298828125 0.05419921875 0.029296875
0 0.24072265625 0.3017578125 0.0390625 0.0224609375
0 0.2939453125 0.302734375 0.0400390625 0.02685546875
0 0.35595703125 0.12744140625 0.19580078125 0.0546875
0 0.521484375 0.12255859375 0.09912109375 0.06396484375
0 0.64013671875 0.13818359375 0.10009765625 0.0546875
0 0.22802734375 0.20947265625 0.33203125 0.109375
0 0.52197265625 0.20849609375 0.2001953125 0.11083984375
0 0.7705078125 0.2158203125 0.23291015625 0.09619140625
0 0.66064453125 0.302734375 0.041015625 0.02392578125
0 0.7451171875 0.302734375 0.1201171875 0.02392578125
0 0.2939453125 0.419921875 0.0419921875 0.029296875
0 0.35546875 0.4208984375 0.06494140625 0.04150390625
0 0.408203125 0.4248046875 0.02978515625 0.0361328125
0 0.4560546875 0.423828125 0.0517578125 0.037109375
0 0.52294921875 0.41552734375 0.06982421875 0.046875
0 0.58203125 0.416015625 0.0419921875 0.04541015625
0 0.63623046875 0.4228515625 0.0458984375 0.04248046875
0 0.673828125 0.42333984375 0.02197265625 0.03076171875
0 0.51953125 0.50390625 0.05322265625 0.0185546875
0 0.7802734375 0.5673828125 0.0849609375 0.06005859375
0 0.72265625 0.61376953125 0.01904296875 0.01220703125
0 0.73876953125 0.61376953125 0.01806640625 0.01220703125
0 0.765625 0.61474609375 0.03515625 0.0107421875
0 0.79248046875 0.6162109375 0.01708984375 0.01318359375
0 0.7255859375 0.71923828125 0.01318359375 0.00927734375
0 0.74560546875 0.72021484375 0.02685546875 0.0107421875
0 0.76513671875 0.72021484375 0.01220703125 0.0107421875
0 0.78173828125 0.72021484375 0.01513671875 0.0107421875
0 0.7998046875 0.720703125 0.01416015625 0.01220703125
0 0.7255859375 0.73193359375 0.01318359375 0.0107421875
0 0.75537109375 0.7314453125 0.046875 0.01220703125
0 0.75244140625 0.74267578125 0.07080078125 0.0107421875