0 0.6787109375 0.19189453125 0.03271484375 0.02099609375
0 0.681640625 0.21826171875 0.0341796875 0.03173828125
0 0.53759765625 0.0107421875 0.08447265625 0.01953125
0 0.5947265625 0.009765625 0.02685546875 0.017578125
0 0.65869140625 0.0107421875 0.09423828125 0.01953125
0 0.73193359375 0.0107421875 0.04345703125 0.01953125
0 0.78662109375 0.0107421875 0.0634765625 0.01953125
0 0.5029296875 0.0322265625 0.02685546875 0.02294921875
0 0.5302734375 0.03271484375 0.02587890625 0.02099609375
0 0.5546875 0.0322265625 0.017578125 0.02294921875
0 0.58544921875 0.03271484375 0.04248046875 0.02099609375
0 0.62939453125 0.0322265625 0.04248046875 0.02294921875
0 0.6552734375 0.03466796875 0.0068359375 0.0107421875
0 0.67724609375 0.0302734375 0.044921875 0.02294921875
0 0.7177734375 0.0302734375 0.03662109375 0.02294921875
0 0.7392578125 0.03271484375 0.005859375 0.0107421875
0 0.751953125 0.029296875 0.02001953125 0.02099609375
0 0.7744140625 0.03125 0.02490234375 0.02490234375
0 0.4970703125 0.2822265625 0.015625 0.0234375
0 0.50390625 0.31103515625 0.029296875 0.0205078125
0 0.2685546875 0.71044921875 0.013671875 0.0068359375
0 0.3076171875 0.70263671875 0.05419921875 0.0224609375
0 0.3681640625 0.69677734375 0.060546875 0.03076171875
0 0.4189453125 0.69189453125 0.048828125 0.0244140625
0 0.470703125 0.68798828125 0.037109375 0.0166015625
0 0.26708984375 0.73681640625 0.0146484375 0.0068359375
0 0.30419921875 0.72998046875 0.05078125 0.02490234375
0 0.3583984375 0.72802734375 0.0517578125 0.0283203125
0 0.4150390625 0.720703125 0.048828125 0.02587890625
0 0.4677734375 0.71435546875 0.04296875 0.0244140625
0 0.2646484375 0.76416015625 0.0126953125 0.005859375
0 0.310546875 0.76025390625 0.076171875 0.02490234375
0 0.37939453125 0.751953125 0.05517578125 0.02490234375
0 0.4208984375 0.74853515625 0.0263671875 0.0224609375
0 0.462890625 0.74853515625 0.052734375 0.0244140625
0 0.26904296875 0.93408203125 0.01904296875 0.00927734375
0 0.287109375 0.93310546875 0.01904296875 0.00927734375
0 0.30712890625 0.9345703125 0.025390625 0.0087890625
0 0.3291015625 0.9345703125 0.02001953125 0.009765625
0 0.4033203125 0.896484375 0.0908203125 0.02880859375
0 0.47119140625 0.89501953125 0.0361328125 0.0302734375
0 0.42529296875 0.93212890625 0.1279296875 0.0400390625
0 0.29931640625 0.9775390625 0.0947265625 0.044921875
0 0.392578125 0.9794921875 0.10546875 0.041015625
0 0.46240234375 0.98095703125 0.0537109375 0.0380859375
0 0.7958984375 0.708984375 0.09375 0.05859375
0 0.8916015625 0.7216796875 0.08056640625 0.0498046875
0 0.96826171875 0.72216796875 0.05859375 0.06494140625
0 0.740234375 0.775390625 0.15869140625 0.05810546875
0 0.884765625 0.78369140625 0.1142578125 0.044921875
0 0.97412109375 0.78955078125 0.0517578125 0.0517578125
0 0.52392578125 0.779296875 0.05078125 0.05322265625
0 0.57666015625 0.78759765625 0.044921875 0.033203125
0 0.61279296875 0.7587890625 0.0400390625 0.06103515625
0 0.54736328125 0.89306640625 0.1103515625 0.0693359375
0 0.62890625 0.89501953125 0.044921875 0.052734375
0 0.6953125 0.88671875 0.07470703125 0.05322265625
0 0.77587890625 0.892578125 0.07958984375 0.0478515625
0 0.88427734375 0.9013671875 0.076171875 0.04296875
0 0.5419921875 0.9794921875 0.10546875 0.041015625
0 0.62451171875 0.982421875 0.0341796875 0.03515625
0 0.68701171875 0.9775390625 0.0732421875 0.044921875
0 0.771484375 0.982421875 0.068359375 0.03515625
0 0.86474609375 0.97509765625 0.1064453125 0.0498046875
0 0.951171875 0.9794921875 0.056640625 0.041015625