0 0.15576171875 0.0244140625 0.1455078125 0.048828125
0 0.021484375 0.06396484375 0.04296875 0.0830078125
0 0.134765625 0.08544921875 0.1552734375 0.06591796875
0 0.2890625 0.08935546875 0.11572265625 0.08203125
0 0.45556640625 0.1123046875 0.20751953125 0.0712890625
0 0.23583984375 0.37451171875 0.15625 0.091796875
0 0.36767578125 0.3720703125 0.1123046875 0.0859375
0 0.48876953125 0.36767578125 0.13330078125 0.07763671875
0 0.2451171875 0.46484375 0.0791015625 0.033203125
0 0.2958984375 0.46337890625 0.02685546875 0.03076171875
0 0.31591796875 0.46630859375 0.02099609375 0.02490234375
0 0.337890625 0.46484375 0.03125 0.02783203125
0 0.37744140625 0.46630859375 0.060546875 0.04150390625
0 0.4189453125 0.46240234375 0.03125 0.033203125
0 0.4521484375 0.46484375 0.03564453125 0.02783203125
0 0.48583984375 0.46484375 0.03564453125 0.02783203125
0 0.18896484375 0.517578125 0.0166015625 0.02783203125
0 0.22216796875 0.51513671875 0.0458984375 0.02783203125
0 0.2646484375 0.517578125 0.0478515625 0.02783203125
0 0.326171875 0.5205078125 0.0791015625 0.033203125
0 0.4521484375 0.517578125 0.1396484375 0.02783203125
0 0.328125 0.5732421875 0.0625 0.0390625
0 0.38134765625 0.576171875 0.05615234375 0.033203125
0 0.53564453125 0.796875 0.09814453125 0.0693359375
0 0.482421875 0.9248046875 0.12060546875 0.11376953125
0 0.56689453125 0.87451171875 0.0771484375 0.091796875
0 0.62890625 0.8466796875 0.060546875 0.091796875
0 0.98876953125 0.48583984375 0.0224609375 0.0322265625
0 0.9873046875 0.53564453125 0.025390625 0.0341796875
0 0.9892578125 0.5869140625 0.021484375 0.03515625
0 0.99169921875 0.64111328125 0.0166015625 0.0322265625
0 0.9921875 0.69287109375 0.015625 0.0322265625
0 0.9921875 0.74560546875 0.015625 0.0322265625
0 0.994140625 0.7978515625 0.01171875 0.033203125
0 0.9921875 0.85595703125 0.015625 0.0341796875
0 0.75146484375 0.38818359375 0.0224609375 0.03076171875
0 0.78271484375 0.3896484375 0.0361328125 0.0361328125
0 0.74072265625 0.42041015625 0.0205078125 0.03076171875
0 0.7607421875 0.421875 0.021484375 0.03076171875