0 0.33349609375 0.02685546875 0.1689453125 0.0537109375
0 0.5048828125 0.01123046875 0.1484375 0.0224609375
0 0.6640625 0.2958984375 0.06103515625 0.0224609375
0 0.63525390625 0.33056640625 0.0107421875 0.0380859375
0 0.654296875 0.32861328125 0.0283203125 0.03369140625
0 0.68603515625 0.32666015625 0.03125 0.03271484375
0 0.34130859375 0.505859375 0.0986328125 0.052734375
0 0.12548828125 0.78076171875 0.1513671875 0.06982421875
0 0.22998046875 0.78564453125 0.0498046875 0.06689453125
0 0.32421875 0.79150390625 0.05859375 0.0615234375
0 0.0732421875 0.86865234375 0.10107421875 0.1064453125
0 0.1787109375 0.87744140625 0.08984375 0.0966796875
0 0.26513671875 0.87890625 0.06494140625 0.08984375
0 0.35546875 0.88134765625 0.09619140625 0.09521484375
0 0.068359375 0.96240234375 0.103515625 0.0751953125
0 0.17041015625 0.97265625 0.0869140625 0.0546875
0 0.25146484375 0.97412109375 0.0634765625 0.0517578125
0 0.35107421875 0.96533203125 0.1201171875 0.0693359375
0 0.94140625 0.912109375 0.02783203125 0.03564453125
0 0.96533203125 0.91357421875 0.02001953125 0.0166015625
0 0.9873046875 0.9033203125 0.025390625 0.03515625
0 0.8603515625 0.986328125 0.01953125 0.02734375
0 0.88134765625 0.974609375 0.02490234375 0.02490234375
0 0.90087890625 0.97509765625 0.01708984375 0.01953125
0 0.9169921875 0.98291015625 0.0185546875 0.03076171875
0 0.96875 0.9892578125 0.037109375 0.021484375
0 0.994140625 0.986328125 0.01171875 0.02734375