0 0.30029296875 0.03955078125 0.0634765625 0.0791015625
0 0.32568359375 0.08544921875 0.00927734375 0.00537109375
0 0.2158203125 0.01611328125 0.0234375 0.0322265625
0 0.21728515625 0.04541015625 0.02099609375 0.02392578125
0 0.21435546875 0.0751953125 0.02197265625 0.03662109375
0 0.3330078125 0.2646484375 0.0341796875 0.09326171875
0 0.33154296875 0.3671875 0.04345703125 0.09716796875
0 0.3017578125 0.26513671875 0.0234375 0.04296875
0 0.302734375 0.3251953125 0.02294921875 0.06591796875
0 0.2998046875 0.38330078125 0.02880859375 0.04052734375
0 0.13037109375 0.02978515625 0.1142578125 0.0595703125
0 0.10302734375 0.166015625 0.109375 0.15625
0 0.123046875 0.34619140625 0.12890625 0.14990234375
0 0.54296875 0.1767578125 0.068359375 0.0419921875
0 0.59814453125 0.18505859375 0.0390625 0.0361328125
0 0.634765625 0.1962890625 0.0341796875 0.03076171875
0 0.482421875 0.21142578125 0.06982421875 0.078125
0 0.5703125 0.2353515625 0.08544921875 0.06982421875
0 0.66064453125 0.24365234375 0.08544921875 0.06982421875
0 0.6171875 0.28125 0.05615234375 0.02783203125
0 0.0107421875 0.64208984375 0.021484375 0.0166015625
0 0.03955078125 0.64453125 0.033203125 0.01904296875
0 0.08154296875 0.64306640625 0.056640625 0.01806640625
0 0.07275390625 0.6767578125 0.08447265625 0.04345703125
0 0.1455078125 0.67724609375 0.06396484375 0.04443359375
0 0.21923828125 0.67529296875 0.06787109375 0.04443359375
0 0.275390625 0.67724609375 0.041015625 0.04052734375
0 0.3359375 0.67578125 0.06640625 0.04296875
0 0.02001953125 0.7216796875 0.0400390625 0.046875
0 0.0732421875 0.720703125 0.0654296875 0.04150390625
0 0.14111328125 0.720703125 0.0654296875 0.04150390625
0 0.216796875 0.72607421875 0.08349609375 0.04248046875
0 0.28564453125 0.7197265625 0.05908203125 0.04345703125
0 0.34423828125 0.7177734375 0.0498046875 0.04296875
0 0.3623046875 0.7587890625 0.013671875 0.021484375
0 0.408203125 0.8505859375 0.078125 0.046875
0 0.4931640625 0.84716796875 0.07763671875 0.0498046875
0 0.58056640625 0.84375 0.08740234375 0.046875
0 0.66845703125 0.837890625 0.076171875 0.044921875
0 0.76708984375 0.83642578125 0.10107421875 0.04833984375
0 0.4814453125 0.92431640625 0.224609375 0.1123046875