0 0.4052734375 0.20068359375 0.0341796875 0.03857421875
0 0.078125 0.533203125 0.15625 0.05078125
0 0.220703125 0.5419921875 0.1083984375 0.04296875
0 0.31494140625 0.54052734375 0.0693359375 0.0517578125
0 0.0283203125 0.58154296875 0.056640625 0.0439453125
0 0.15234375 0.59228515625 0.19091796875 0.05322265625
0 0.3037109375 0.591796875 0.091796875 0.052734375
0 0.10009765625 0.63671875 0.146484375 0.05029296875
0 0.23779296875 0.64453125 0.1064453125 0.04052734375
0 0.69384765625 0.57421875 0.06005859375 0.05615234375
0 0.8349609375 0.56201171875 0.06396484375 0.06201171875
0 0.763671875 0.6591796875 0.033203125 0.01806640625
0 0.67431640625 0.91259765625 0.0283203125 0.02880859375
0 0.72802734375 0.908203125 0.07177734375 0.03662109375
0 0.79345703125 0.91015625 0.06005859375 0.04052734375
0 0.68896484375 0.95263671875 0.05419921875 0.03515625
0 0.73486328125 0.95751953125 0.041015625 0.04443359375
0 0.78564453125 0.94921875 0.0673828125 0.0361328125
0 0.537109375 0.8759765625 0.1416015625 0.06201171875
0 0.49609375 0.9140625 0.03662109375 0.015625
0 0.5302734375 0.912109375 0.03662109375 0.0146484375
0 0.56689453125 0.90966796875 0.03857421875 0.0146484375
0 0.59619140625 0.9091796875 0.0283203125 0.01708984375