0 0.2421875 0.1357421875 0.34765625 0.24169921875
0 0.0634765625 0.36767578125 0.126953125 0.2294921875
0 0.23828125 0.42578125 0.16845703125 0.25390625
0 0.8232421875 0.01123046875 0.353515625 0.0224609375
0 0.7421875 0.0576171875 0.03759765625 0.02392578125
0 0.53955078125 0.31201171875 0.0400390625 0.02197265625
0 0.583984375 0.31298828125 0.04296875 0.02392578125
0 0.62744140625 0.31396484375 0.03076171875 0.02197265625
0 0.66748046875 0.31689453125 0.0400390625 0.02685546875
0 0.5478515625 0.3564453125 0.1318359375 0.06884765625
0 0.67919921875 0.3583984375 0.13330078125 0.0791015625
0 0.60888671875 0.39892578125 0.04296875 0.0166015625
0 0.65625 0.3994140625 0.048828125 0.015625
0 0.70556640625 0.3994140625 0.0498046875 0.017578125
0 0.556640625 0.3984375 0.02490234375 0.017578125
0 0.578125 0.3994140625 0.01513671875 0.015625
0 0.10546875 0.69140625 0.130859375 0.09912109375
0 0.02978515625 0.77294921875 0.0595703125 0.1376953125