0 0.3759765625 0.18994140625 0.06884765625 0.08447265625
0 0.48291015625 0.20654296875 0.1337890625 0.0908203125
0 0.45654296875 0.2880859375 0.10009765625 0.056640625
0 0.58251953125 0.2744140625 0.0654296875 0.1015625
0 0.70849609375 0.28662109375 0.1640625 0.08740234375
0 0.86474609375 0.283203125 0.1259765625 0.0712890625
0 0.61767578125 0.42431640625 0.1357421875 0.1513671875
0 0.78955078125 0.43603515625 0.1865234375 0.1279296875
0 0.94384765625 0.4287109375 0.1123046875 0.109375
0 0.05078125 0.955078125 0.00732421875 0.00830078125
0 0.06201171875 0.955078125 0.01513671875 0.00830078125
0 0.04736328125 0.99169921875 0.00537109375 0.0146484375
0 0.04736328125 0.98095703125 0.00439453125 0.00830078125
0 0.0517578125 0.97265625 0.00927734375 0.015625
0 0.060546875 0.9697265625 0.0087890625 0.0087890625
0 0.0673828125 0.97607421875 0.0078125 0.0146484375
0 0.06982421875 0.9892578125 0.00439453125 0.01611328125
0 0.0654296875 0.99853515625 0.0078125 0.0029296875
0 0.31201171875 0.86962890625 0.00634765625 0.00634765625
0 0.318359375 0.86962890625 0.00634765625 0.00634765625
0 0.32421875 0.86962890625 0.0048828125 0.0068359375
0 0.330078125 0.8701171875 0.00634765625 0.0068359375
0 0.31494140625 0.87744140625 0.01025390625 0.005859375
0 0.32275390625 0.87744140625 0.00439453125 0.0068359375
0 0.32958984375 0.87744140625 0.00830078125 0.0068359375
0 0.3134765625 0.88525390625 0.00830078125 0.005859375
0 0.32275390625 0.884765625 0.00927734375 0.00634765625
0 0.3271484375 0.884765625 0.00146484375 0.00537109375
0 0.3310546875 0.884765625 0.0068359375 0.00732421875
0 0.26904296875 0.80712890625 0.01611328125 0.03125
0 0.28369140625 0.80908203125 0.01123046875 0.02685546875
0 0.2958984375 0.8076171875 0.01025390625 0.0322265625
0 0.3056640625 0.810546875 0.00634765625 0.02490234375
0 0.26806640625 0.8330078125 0.015625 0.01171875
0 0.279296875 0.83251953125 0.00634765625 0.01220703125
0 0.2880859375 0.83251953125 0.00927734375 0.01318359375
0 0.29736328125 0.83251953125 0.00927734375 0.013671875
0 0.3056640625 0.83251953125 0.00634765625 0.01513671875
0 0.02978515625 0.66650390625 0.033203125 0.0771484375
0 0.0576171875 0.67626953125 0.02001953125 0.09033203125
0 0.080078125 0.6748046875 0.0205078125 0.08251953125
0 0.1123046875 0.6767578125 0.03759765625 0.0751953125
0 0.14794921875 0.68115234375 0.029296875 0.078125
0 0.037109375 0.77294921875 0.05712890625 0.0869140625
0 0.07568359375 0.77783203125 0.017578125 0.06884765625
0 0.10986328125 0.77587890625 0.04638671875 0.09130859375
0 0.150390625 0.78076171875 0.03271484375 0.07275390625
0 0.0078125 0.8759765625 0.015625 0.080078125
0 0.03759765625 0.8779296875 0.03857421875 0.078125
0 0.07568359375 0.88232421875 0.033203125 0.08740234375
0 0.1142578125 0.87841796875 0.03662109375 0.07275390625
0 0.15478515625 0.880859375 0.0361328125 0.0791015625
0 0.89306640625 0.86328125 0.029296875 0.0302734375
0 0.9140625 0.85107421875 0.0244140625 0.02197265625
0 0.91650390625 0.859375 0.02001953125 0.0146484375
0 0.9921875 0.80517578125 0.015625 0.0302734375
0 0.96728515625 0.92724609375 0.0654296875 0.1455078125