0 0.5224609375 0.1357421875 0.1259765625 0.0927734375
0 0.6220703125 0.1513671875 0.07421875 0.09765625
0 0.45263671875 0.220703125 0.05322265625 0.05126953125
0 0.5029296875 0.23486328125 0.046875 0.05419921875
0 0.56103515625 0.2490234375 0.07275390625 0.056640625
0 0.62744140625 0.267578125 0.0634765625 0.05859375
0 0.4443359375 0.26171875 0.060546875 0.05126953125
0 0.501953125 0.2783203125 0.0517578125 0.05419921875
0 0.55517578125 0.29248046875 0.0576171875 0.056640625
0 0.61279296875 0.310546875 0.0576171875 0.05126953125
0 0.64697265625 0.32666015625 0.0244140625 0.0537109375
0 0.419921875 0.294921875 0.03662109375 0.05126953125
0 0.4755859375 0.314453125 0.07421875 0.064453125
0 0.53369140625 0.33349609375 0.04833984375 0.056640625
0 0.58544921875 0.35400390625 0.0546875 0.0615234375
0 0.63427734375 0.37060546875 0.0498046875 0.0751953125
0 0.4912109375 0.3671875 0.0576171875 0.0615234375
0 0.5537109375 0.38916015625 0.07275390625 0.07470703125
0 0.3994140625 0.37890625 0.03466796875 0.0439453125
0 0.42138671875 0.38916015625 0.01220703125 0.033203125
0 0.4375 0.3916015625 0.013671875 0.033203125
0 0.46240234375 0.404296875 0.04541015625 0.0439453125
0 0.5087890625 0.423828125 0.05029296875 0.04638671875
0 0.5498046875 0.43896484375 0.037109375 0.0419921875
0 0.57958984375 0.44677734375 0.0224609375 0.0263671875
0 0.60791015625 0.45166015625 0.0361328125 0.0166015625
0 0.4091796875 0.40966796875 0.0302734375 0.03857421875
0 0.44189453125 0.4248046875 0.0439453125 0.0439453125
0 0.4853515625 0.44189453125 0.046875 0.0361328125
0 0.52587890625 0.45068359375 0.0400390625 0.0185546875
0 0.7255859375 0.34228515625 0.1328125 0.1240234375
0 0.673828125 0.4375 0.009765625 0.009765625
0 0.2080078125 0.509765625 0.130859375 0.072265625
0 0.435546875 0.51171875 0.1015625 0.060546875
0 0.0263671875 0.6025390625 0.052734375 0.0390625
0 0.1005859375 0.6015625 0.091796875 0.041015625
0 0.2021484375 0.603515625 0.099609375 0.041015625
0 0.3896484375 0.6015625 0.208984375 0.037109375
0 0.58154296875 0.5986328125 0.1552734375 0.03515625
0 0.173828125 0.6865234375 0.1953125 0.0546875
0 0.4345703125 0.685546875 0.197265625 0.056640625
0 0.3359375 0.7861328125 0.375 0.05078125
0 0.232421875 0.8681640625 0.2578125 0.046875
0 0.01953125 0.853515625 0.02734375 0.021484375
0 0.0458984375 0.8525390625 0.029296875 0.0234375
0 0.0107421875 0.875 0.021484375 0.017578125
0 0.052734375 0.875 0.0625 0.021484375
0 0.009765625 0.9306640625 0.01953125 0.0234375
0 0.0390625 0.931640625 0.0390625 0.021484375
0 0.0810546875 0.9326171875 0.041015625 0.0234375
0 0.119140625 0.9345703125 0.03125 0.0234375
0 0.1513671875 0.9345703125 0.029296875 0.0234375
0 0.181640625 0.935546875 0.03125 0.025390625
0 0.2822265625 0.96484375 0.212890625 0.025390625
0 0.21875 0.9345703125 0.0390625 0.0234375
0 0.2607421875 0.9375 0.041015625 0.021484375
0 0.306640625 0.9384765625 0.046875 0.02734375
0 0.3427734375 0.9384765625 0.021484375 0.0234375
0 0.3720703125 0.9384765625 0.029296875 0.0234375
0 0.4033203125 0.939453125 0.025390625 0.021484375
0 0.4296875 0.94140625 0.0234375 0.025390625
0 0.458984375 0.94140625 0.03515625 0.021484375
0 0.408203125 0.8603515625 0.0546875 0.0234375
0 0.494140625 0.943359375 0.03125 0.021484375
0 0.5302734375 0.9443359375 0.037109375 0.0234375
0 0.576171875 0.9462890625 0.05078125 0.0234375
0 0.4521484375 0.861328125 0.029296875 0.021484375
0 0.4951171875 0.8603515625 0.048828125 0.01953125
0 0.548828125 0.861328125 0.0546875 0.021484375
0 0.396484375 0.880859375 0.03125 0.017578125
0 0.423828125 0.8818359375 0.01953125 0.01953125
0 0.4736328125 0.8837890625 0.076171875 0.0234375
0 0.5439453125 0.8837890625 0.056640625 0.01953125
0 0.587890625 0.884765625 0.03125 0.021484375
0 0.63232421875 0.88671875 0.0537109375 0.021484375
0 0.97021484375 0.61376953125 0.0595703125 0.1083984375
0 0.78125 0.837890625 0.1240234375 0.0888671875
0 0.8740234375 0.841796875 0.05419921875 0.0751953125
0 0.94189453125 0.82958984375 0.06201171875 0.10009765625
0 0.75927734375 0.97412109375 0.05615234375 0.04443359375
0 0.89453125 0.96826171875 0.2109375 0.0556640625