0 0.2353515625 0.1220703125 0.39453125 0.244140625
0 0.0693359375 0.587890625 0.115234375 0.11181640625
0 0.1806640625 0.5537109375 0.1123046875 0.193359375
0 0.29541015625 0.5986328125 0.12255859375 0.16015625
0 0.40234375 0.5693359375 0.103515625 0.16845703125
0 0.51953125 0.55615234375 0.15771484375 0.1982421875
0 0.08447265625 0.740234375 0.10498046875 0.07666015625
0 0.1806640625 0.7275390625 0.07763671875 0.09814453125
0 0.2451171875 0.7275390625 0.03857421875 0.09521484375
0 0.31982421875 0.72705078125 0.048828125 0.0966796875
0 0.390625 0.7275390625 0.08251953125 0.09521484375
0 0.4736328125 0.7294921875 0.07373046875 0.091796875
0 0.5556640625 0.732421875 0.07763671875 0.0849609375
0 0.05224609375 0.814453125 0.05859375 0.044921875
0 0.18310546875 0.8125 0.1875 0.04833984375
0 0.38916015625 0.81103515625 0.18017578125 0.04833984375
0 0.65478515625 0.283203125 0.0341796875 0.02734375
0 0.68798828125 0.27685546875 0.0341796875 0.0146484375
0 0.72265625 0.27685546875 0.03125 0.0146484375
0 0.669921875 0.314453125 0.080078125 0.041015625
0 0.6630859375 0.39306640625 0.0400390625 0.0576171875
0 0.6572265625 0.5498046875 0.0380859375 0.0576171875
0 0.95654296875 0.85009765625 0.015625 0.01904296875
0 0.91943359375 0.87255859375 0.03564453125 0.044921875
0 0.9599609375 0.87890625 0.03564453125 0.044921875
0 0.98876953125 0.88037109375 0.0224609375 0.04150390625