0 0.0224609375 0.142578125 0.044921875 0.095703125
0 0.1064453125 0.10986328125 0.095703125 0.08203125
0 0.21484375 0.25439453125 0.251953125 0.2021484375
0 0.0244140625 0.43017578125 0.041015625 0.0380859375
0 0.1162109375 0.40185546875 0.1533203125 0.07568359375
0 0.2109375 0.36865234375 0.04638671875 0.0400390625
0 0.255859375 0.3564453125 0.04931640625 0.0419921875
0 0.28759765625 0.3466796875 0.013671875 0.02685546875
0 0.458984375 0.0927734375 0.01953125 0.046875
0 0.4990234375 0.09814453125 0.04150390625 0.0419921875
0 0.552734375 0.09228515625 0.046875 0.05810546875
0 0.62744140625 0.09716796875 0.087890625 0.05810546875
0 0.71435546875 0.10302734375 0.06787109375 0.05615234375
0 0.79931640625 0.1142578125 0.087890625 0.05078125
0 0.8701171875 0.1123046875 0.0458984375 0.0478515625
0 0.92333984375 0.11962890625 0.052734375 0.060546875
0 0.49462890625 0.1748046875 0.0908203125 0.072265625
0 0.60205078125 0.177734375 0.09619140625 0.07177734375
0 0.72900390625 0.18994140625 0.13671875 0.09423828125
0 0.8525390625 0.18798828125 0.09130859375 0.07861328125
0 0.955078125 0.19140625 0.08984375 0.083984375
0 0.51611328125 0.2490234375 0.04345703125 0.03515625
0 0.5732421875 0.25244140625 0.06494140625 0.0419921875
0 0.63427734375 0.25 0.04931640625 0.03759765625
0 0.68505859375 0.25244140625 0.04638671875 0.0419921875
0 0.72802734375 0.2578125 0.0341796875 0.04248046875
0 0.76904296875 0.2548828125 0.04150390625 0.037109375
0 0.81005859375 0.255859375 0.03857421875 0.03955078125
0 0.85400390625 0.26025390625 0.04638671875 0.03466796875
0 0.50439453125 0.3046875 0.1103515625 0.037109375
0 0.68359375 0.31298828125 0.1416015625 0.03564453125
0 0.87841796875 0.32080078125 0.17138671875 0.04296875
0 0.51220703125 0.42138671875 0.009765625 0.0048828125
0 0.52197265625 0.42236328125 0.01025390625 0.0068359375
0 0.51318359375 0.427734375 0.0087890625 0.00830078125
0 0.5224609375 0.4287109375 0.01123046875 0.00634765625
0 0.60107421875 0.4296875 0.009765625 0.0087890625
0 0.7275390625 0.42822265625 0.0087890625 0.00537109375
0 0.736328125 0.427734375 0.00927734375 0.00439453125
0 0.72705078125 0.431640625 0.009765625 0.0048828125
0 0.73583984375 0.43212890625 0.0078125 0.005859375
0 0.02978515625 0.48486328125 0.0595703125 0.0322265625
0 0.19482421875 0.48388671875 0.14892578125 0.044921875
0 0.30859375 0.48974609375 0.06298828125 0.0361328125
0 0.39599609375 0.490234375 0.1064453125 0.033203125
0 0.02734375 0.6083984375 0.0546875 0.02734375
0 0.197265625 0.6142578125 0.14404296875 0.044921875
0 0.30859375 0.6162109375 0.06689453125 0.03369140625
0 0.3974609375 0.61767578125 0.103515625 0.0380859375
0 0.02392578125 0.7275390625 0.0478515625 0.025390625
0 0.193359375 0.72802734375 0.15185546875 0.04345703125
0 0.3076171875 0.73291015625 0.06494140625 0.03759765625
0 0.3984375 0.73193359375 0.1015625 0.0361328125
0 0.02294921875 0.85888671875 0.0458984375 0.0283203125
0 0.1923828125 0.85546875 0.15380859375 0.03955078125
0 0.30859375 0.85693359375 0.06298828125 0.03955078125
0 0.39599609375 0.85595703125 0.1064453125 0.0380859375
0 0.02490234375 0.9853515625 0.0498046875 0.029296875
0 0.18994140625 0.98046875 0.1533203125 0.0390625
0 0.30712890625 0.98095703125 0.0693359375 0.0380859375
0 0.3974609375 0.97998046875 0.103515625 0.0400390625
0 0.490234375 0.74267578125 0.04833984375 0.064453125
0 0.51318359375 0.8349609375 0.1083984375 0.06982421875
0 0.6240234375 0.744140625 0.11669921875 0.08935546875
0 0.72607421875 0.740234375 0.06982421875 0.08642578125
0 0.81982421875 0.7314453125 0.1083984375 0.0810546875
0 0.939453125 0.73388671875 0.12109375 0.0927734375
0 0.54443359375 0.7412109375 0.02978515625 0.0615234375
0 0.595703125 0.83203125 0.06005859375 0.09228515625
0 0.6708984375 0.82958984375 0.08642578125 0.0810546875
0 0.75341796875 0.82373046875 0.07177734375 0.0810546875
0 0.83349609375 0.8212890625 0.0751953125 0.08642578125
0 0.90576171875 0.82666015625 0.06689453125 0.09228515625
0 0.9736328125 0.8232421875 0.052734375 0.091796875