0 0.1435546875 0.1611328125 0.08056640625 0.14111328125
0 0.248046875 0.18212890625 0.103515625 0.0947265625
0 0.17919921875 0.31591796875 0.0263671875 0.06396484375
0 0.27734375 0.3076171875 0.044921875 0.080078125
0 0.57861328125 0.03466796875 0.05615234375 0.01123046875
0 0.58984375 0.05712890625 0.013671875 0.02880859375
0 0.6103515625 0.05810546875 0.02490234375 0.03125
0 0.63037109375 0.060546875 0.01513671875 0.03564453125
0 0.658203125 0.060546875 0.03857421875 0.03564453125
0 0.6865234375 0.06494140625 0.017578125 0.03125
0 0.54736328125 0.28271484375 0.3037109375 0.12451171875
0 0.11962890625 0.6357421875 0.0205078125 0.01171875
0 0.06787109375 0.642578125 0.0419921875 0.025390625
0 0.041015625 0.66552734375 0.0341796875 0.041015625
0 0.03271484375 0.6923828125 0.02587890625 0.01513671875
0 0.017578125 0.703125 0.02587890625 0.021484375
0 0.01220703125 0.7353515625 0.0244140625 0.0546875
0 0.0048828125 0.70849609375 0.009765625 0.0283203125
0 0.22119140625 0.8203125 0.03125 0.0283203125
0 0.19970703125 0.8369140625 0.0283203125 0.021484375
0 0.28564453125 0.6962890625 0.02392578125 0.0185546875
0 0.22021484375 0.79296875 0.04736328125 0.03955078125
0 0.26123046875 0.85546875 0.0771484375 0.068359375
0 0.228515625 0.91796875 0.02587890625 0.021484375
0 0.1884765625 0.9580078125 0.03662109375 0.04931640625
0 0.16064453125 0.93603515625 0.0439453125 0.0693359375
0 0.142578125 0.90478515625 0.02294921875 0.03076171875
0 0.12841796875 0.9453125 0.0322265625 0.05322265625
0 0.16015625 0.755859375 0.0576171875 0.046875
0 0.1318359375 0.7373046875 0.0322265625 0.03125
0 0.1328125 0.8154296875 0.04833984375 0.041015625
0 0.1005859375 0.80712890625 0.029296875 0.0234375
0 0.0908203125 0.73193359375 0.03125 0.029296875
0 0.08740234375 0.69287109375 0.02490234375 0.01904296875
0 0.0244140625 0.8642578125 0.029296875 0.02392578125
0 0.009765625 0.88134765625 0.01806640625 0.0166015625
0 0.376953125 0.86279296875 0.13671875 0.12353515625