0 0.20849609375 0.02734375 0.2001953125 0.0546875
0 0.45654296875 0.02734375 0.2333984375 0.0546875
0 0.34716796875 0.09375 0.041015625 0.02392578125
0 0.431640625 0.09375 0.1201171875 0.02392578125
0 0.0419921875 0.2119140625 0.06494140625 0.04150390625
0 0.0947265625 0.2158203125 0.02978515625 0.0361328125
0 0.142578125 0.21484375 0.0517578125 0.037109375
0 0.20947265625 0.20654296875 0.06982421875 0.046875
0 0.2685546875 0.20703125 0.0419921875 0.04541015625
0 0.32275390625 0.2138671875 0.0458984375 0.04248046875
0 0.3603515625 0.21435546875 0.02197265625 0.03076171875
0 0.2060546875 0.294921875 0.05322265625 0.0185546875
0 0.466796875 0.3583984375 0.0849609375 0.06005859375
0 0.4091796875 0.40478515625 0.01904296875 0.01220703125
0 0.42529296875 0.40478515625 0.01806640625 0.01220703125
0 0.4521484375 0.40576171875 0.03515625 0.0107421875
0 0.47900390625 0.4072265625 0.01708984375 0.01318359375
0 0.412109375 0.51025390625 0.01318359375 0.00927734375
0 0.43212890625 0.51123046875 0.02685546875 0.0107421875
0 0.45166015625 0.51123046875 0.01220703125 0.0107421875
0 0.46826171875 0.51123046875 0.01513671875 0.0107421875
0 0.486328125 0.51171875 0.01416015625 0.01220703125
0 0.412109375 0.52294921875 0.01318359375 0.0107421875
0 0.44189453125 0.5224609375 0.046875 0.01220703125
0 0.43896484375 0.53369140625 0.07080078125 0.0107421875
0 0.70556640625 0.25537109375 0.1923828125 0.1728515625
0 0.92333984375 0.2607421875 0.1533203125 0.142578125
0 0.72607421875 0.37841796875 0.1318359375 0.0576171875
0 0.81640625 0.3818359375 0.02490234375 0.02490234375
0 0.9208984375 0.3857421875 0.158203125 0.0625
0 0.70849609375 0.45947265625 0.02685546875 0.02490234375
0 0.861328125 0.4619140625 0.02490234375 0.02490234375
0 0.29248046875 0.99462890625 0.0322265625 0.0107421875
0 0.146484375 0.74169921875 0.02490234375 0.02294921875
0 0.181640625 0.740234375 0.04345703125 0.01953125
0 0.22265625 0.74267578125 0.0341796875 0.02099609375
0 0.25634765625 0.7412109375 0.02587890625 0.02099609375
0 0.28857421875 0.740234375 0.03662109375 0.01953125
0 0.3271484375 0.74267578125 0.03759765625 0.02099609375
0 0.02978515625 0.78564453125 0.0595703125 0.0478515625
0 0.09814453125 0.7841796875 0.0625 0.037109375
0 0.173828125 0.77880859375 0.08251953125 0.05126953125
0 0.2646484375 0.77978515625 0.08251953125 0.04931640625
0 0.3701171875 0.7822265625 0.11865234375 0.04052734375
0 0.45361328125 0.77978515625 0.0458984375 0.04248046875
0 0.50439453125 0.783203125 0.05419921875 0.0458984375
0 0.07568359375 0.8203125 0.0625 0.02099609375
0 0.15185546875 0.8193359375 0.08447265625 0.01953125
0 0.208984375 0.818359375 0.02685546875 0.017578125
0 0.27294921875 0.8193359375 0.09423828125 0.01953125
0 0.34619140625 0.8193359375 0.04345703125 0.01953125
0 0.40087890625 0.8193359375 0.0634765625 0.01953125
0 0.08984375 0.84130859375 0.02490234375 0.02099609375
0 0.1171875 0.8408203125 0.02685546875 0.02294921875
0 0.14453125 0.84130859375 0.02587890625 0.02099609375
0 0.1689453125 0.8408203125 0.017578125 0.02294921875
0 0.19970703125 0.84130859375 0.04248046875 0.02099609375
0 0.24365234375 0.8408203125 0.04248046875 0.02294921875
0 0.26953125 0.84326171875 0.0068359375 0.0107421875
0 0.29150390625 0.8388671875 0.044921875 0.02294921875
0 0.33203125 0.8388671875 0.03662109375 0.02294921875
0 0.353515625 0.84130859375 0.005859375 0.0107421875
0 0.3662109375 0.837890625 0.02001953125 0.02099609375
0 0.388671875 0.83984375 0.02490234375 0.02490234375
0 0.72607421875 0.681640625 0.2177734375 0.083984375
0 0.6416015625 0.78125 0.064453125 0.119140625
0 0.77587890625 0.783203125 0.19140625 0.119140625