0 0.2197265625 0.220703125 0.21435546875 0.08203125
0 0.1826171875 0.26513671875 0.13525390625 0.033203125
0 0.2919921875 0.27734375 0.08056640625 0.02685546875
0 0.06298828125 0.35986328125 0.06982421875 0.0380859375
0 0.236328125 0.37158203125 0.25048828125 0.060546875
0 0.443359375 0.39501953125 0.14501953125 0.05712890625
0 0.09619140625 0.42333984375 0.10400390625 0.08642578125
0 0.2490234375 0.4384765625 0.16357421875 0.08251953125
0 0.421875 0.45947265625 0.1552734375 0.06591796875
0 0.576171875 0.46337890625 0.11572265625 0.08203125
0 0.74267578125 0.486328125 0.20751953125 0.0712890625