0 0.5341796875 0.0615234375 0.068359375 0.02734375
0 0.60986328125 0.0576171875 0.0693359375 0.02490234375
0 0.70556640625 0.05322265625 0.10888671875 0.03173828125
0 0.80029296875 0.0458984375 0.0712890625 0.03271484375
0 0.86962890625 0.0458984375 0.0556640625 0.02490234375
0 0.56103515625 0.10400390625 0.1220703125 0.0458984375
0 0.7666015625 0.09619140625 0.265625 0.05322265625
0 0.5126953125 0.1640625 0.025390625 0.033203125
0 0.57958984375 0.162109375 0.06396484375 0.03271484375
0 0.650390625 0.16259765625 0.0673828125 0.0390625
0 0.74169921875 0.15771484375 0.06396484375 0.03369140625
0 0.83984375 0.15234375 0.119140625 0.03369140625
0 0.08837890625 0.90576171875 0.1767578125 0.1884765625
0 0.3515625 0.85888671875 0.296875 0.2353515625
0 0.9296875 0.76025390625 0.140625 0.1357421875
0 0.8291015625 0.9169921875 0.091796875 0.166015625
0 0.93603515625 0.9208984375 0.0986328125 0.158203125