0 0.0859375 0.01025390625 0.15625 0.0205078125
0 0.095703125 0.0654296875 0.0791015625 0.033203125
0 0.146484375 0.06396484375 0.02685546875 0.03076171875
0 0.16650390625 0.06689453125 0.02099609375 0.02490234375
0 0.1884765625 0.0654296875 0.03125 0.02783203125
0 0.22802734375 0.06689453125 0.060546875 0.04150390625
0 0.26953125 0.06298828125 0.03125 0.033203125
0 0.302734375 0.0654296875 0.03564453125 0.02783203125
0 0.33642578125 0.0654296875 0.03564453125 0.02783203125
0 0.03955078125 0.1181640625 0.0166015625 0.02783203125
0 0.07275390625 0.11572265625 0.0458984375 0.02783203125
0 0.115234375 0.1181640625 0.0478515625 0.02783203125
0 0.1767578125 0.12109375 0.0791015625 0.033203125
0 0.302734375 0.1181640625 0.1396484375 0.02783203125
0 0.1787109375 0.173828125 0.0625 0.0390625
0 0.23193359375 0.1767578125 0.05615234375 0.033203125
0 0.38623046875 0.3974609375 0.09814453125 0.0693359375
0 0.3330078125 0.525390625 0.12060546875 0.11376953125
0 0.41748046875 0.47509765625 0.0771484375 0.091796875
0 0.49755859375 0.447265625 0.095703125 0.091796875
0 0.66259765625 0.365234375 0.04638671875 0.08984375
0 0.73876953125 0.359375 0.09521484375 0.0703125
0 0.8115234375 0.35888671875 0.03857421875 0.07421875
0 0.9052734375 0.35205078125 0.13671875 0.08984375
0 0.69580078125 0.45068359375 0.09619140625 0.0703125
0 0.78857421875 0.4501953125 0.08544921875 0.0712890625
0 0.85888671875 0.4560546875 0.04345703125 0.08349609375
0 0.04736328125 0.923828125 0.0888671875 0.13134765625
0 0.12353515625 0.94580078125 0.0576171875 0.1083984375
0 0.7333984375 0.9150390625 0.20703125 0.169921875