0 0.3359375 0.36474609375 0.1484375 0.07275390625
0 0.4580078125 0.37353515625 0.064453125 0.06494140625
0 0.568359375 0.3828125 0.125 0.06787109375
0 0.6943359375 0.3984375 0.103515625 0.06787109375
0 0.45703125 0.42724609375 0.16796875 0.04150390625
0 0.5537109375 0.43505859375 0.017578125 0.02587890625
0 0.619140625 0.4375 0.109375 0.03125
0 0.20703125 0.48974609375 0.03515625 0.02587890625
0 0.263671875 0.48974609375 0.02734375 0.046875
0 0.357421875 0.49365234375 0.03125 0.0234375
0 0.4072265625 0.49365234375 0.029296875 0.04443359375
0 0.5341796875 0.49462890625 0.025390625 0.04150390625
0 0.64453125 0.5 0.0234375 0.04150390625
0 0.74609375 0.50146484375 0.0234375 0.0390625
0 0.7197265625 0.53369140625 0.029296875 0.03125
0 0.74609375 0.53271484375 0.02734375 0.02880859375
0 0.7734375 0.53515625 0.02734375 0.02880859375