0 0.44482421875 0.115234375 0.0634765625 0.041015625
0 0.49853515625 0.1123046875 0.0419921875 0.041015625
0 0.47216796875 0.150390625 0.04541015625 0.03369140625
0 0.509765625 0.14892578125 0.01953125 0.0361328125
0 0.5595703125 0.10546875 0.05322265625 0.08740234375
0 0.609375 0.11181640625 0.046875 0.0810546875
0 0.56884765625 0.1640625 0.02392578125 0.02978515625
0 0.58642578125 0.16259765625 0.013671875 0.0263671875
0 0.60693359375 0.1640625 0.02099609375 0.0263671875
0 0.3740234375 0.50244140625 0.1865234375 0.06884765625
0 0.61767578125 0.4033203125 0.0966796875 0.0078125
0 0.619140625 0.4375 0.06103515625 0.03369140625
0 0.6630859375 0.50634765625 0.13818359375 0.0517578125
0 0.61376953125 0.55615234375 0.05859375 0.04638671875
0 0.7001953125 0.55712890625 0.1005859375 0.0478515625
0 0.66845703125 0.609375 0.09765625 0.04931640625
0 0.66650390625 0.6611328125 0.12939453125 0.048828125
0 0.66455078125 0.70556640625 0.080078125 0.03125
0 0.62060546875 0.72705078125 0.064453125 0.04638671875
0 0.69921875 0.7275390625 0.09375 0.044921875
0 0.8798828125 0.8935546875 0.1064453125 0.0537109375
0 0.96875 0.9013671875 0.06201171875 0.04638671875
0 0.8173828125 0.9462890625 0.056640625 0.04833984375
0 0.89111328125 0.94970703125 0.08154296875 0.0478515625
0 0.96826171875 0.95654296875 0.0634765625 0.0478515625
0 0.92138671875 0.9921875 0.0537109375 0.015625
0 0.9716796875 0.9931640625 0.056640625 0.013671875