0 0.03271484375 0.03271484375 0.0556640625 0.03173828125
0 0.09228515625 0.03125 0.05126953125 0.0390625
0 0.1396484375 0.03564453125 0.0390625 0.03369140625
0 0.19140625 0.0400390625 0.06396484375 0.0390625
0 0.2568359375 0.044921875 0.064453125 0.03515625
0 0.04931640625 0.1259765625 0.07177734375 0.0302734375
0 0.138671875 0.13037109375 0.10302734375 0.03173828125
0 0.24169921875 0.1337890625 0.0947265625 0.03173828125
0 0.06298828125 0.166015625 0.1259765625 0.0546875
0 0.16357421875 0.173828125 0.0615234375 0.04443359375
0 0.24267578125 0.1767578125 0.0927734375 0.041015625
0 0.0390625 0.2109375 0.03076171875 0.01611328125
0 0.08544921875 0.2099609375 0.0615234375 0.02099609375
0 0.12939453125 0.2119140625 0.02685546875 0.017578125
0 0.16845703125 0.21435546875 0.0556640625 0.01611328125
0 0.22607421875 0.21533203125 0.0595703125 0.02099609375
0 0.26953125 0.21533203125 0.02685546875 0.01416015625
0 0.36865234375 0.01904296875 0.1591796875 0.0380859375
0 0.01171875 0.41845703125 0.0234375 0.0380859375
0 0.0244140625 0.4716796875 0.048828125 0.0625
0 0.2275390625 0.61474609375 0.0224609375 0.03955078125
0 0.3916015625 0.693359375 0.205078125 0.306640625
0 0.70703125 0.66259765625 0.431640625 0.35498046875
0 0.44677734375 0.97705078125 0.2919921875 0.0458984375