0 0.205078125 0.3349609375 0.28466796875 0.1318359375
0 0.5107421875 0.16015625 0.07568359375 0.0244140625
0 0.48583984375 0.17529296875 0.01171875 0.00830078125
0 0.4970703125 0.1748046875 0.01171875 0.009765625
0 0.50830078125 0.17431640625 0.0126953125 0.00830078125
0 0.52001953125 0.173828125 0.0107421875 0.009765625
0 0.5302734375 0.173828125 0.0107421875 0.00732421875
0 0.66455078125 0.14794921875 0.13232421875 0.05126953125
0 0.775390625 0.1376953125 0.08544921875 0.05712890625
0 0.86083984375 0.13525390625 0.080078125 0.0498046875
0 0.73828125 0.20947265625 0.3671875 0.09130859375
0 0.96142578125 0.07275390625 0.0166015625 0.01953125
0 0.97119140625 0.06396484375 0.0166015625 0.0146484375
0 0.99169921875 0.0654296875 0.0166015625 0.02734375
0 0.978515625 0.09619140625 0.04296875 0.0302734375
0 0.95751953125 0.1201171875 0.02734375 0.04638671875
0 0.9833984375 0.130859375 0.029296875 0.01953125
0 0.94970703125 0.40234375 0.0146484375 0.013671875
0 0.96142578125 0.39697265625 0.0146484375 0.01806640625
0 0.98291015625 0.3974609375 0.0263671875 0.0234375
0 0.03076171875 0.66845703125 0.0615234375 0.0263671875
0 0.09375 0.6650390625 0.06982421875 0.02490234375
0 0.17236328125 0.66650390625 0.08203125 0.03173828125
0 0.2431640625 0.6689453125 0.0595703125 0.0263671875
0 0.3203125 0.66748046875 0.099609375 0.0263671875
0 0.03564453125 0.69873046875 0.0712890625 0.0361328125
0 0.1015625 0.6982421875 0.0546875 0.04150390625
0 0.1708984375 0.7021484375 0.07958984375 0.0400390625
0 0.29541015625 0.7041015625 0.1640625 0.0400390625
0 0.0244140625 0.73486328125 0.048828125 0.0283203125
0 0.09130859375 0.73583984375 0.0595703125 0.02978515625
0 0.162109375 0.736328125 0.08203125 0.0283203125
0 0.25537109375 0.73974609375 0.07958984375 0.03466796875
0 0.32275390625 0.74072265625 0.0546875 0.033203125
0 0.37744140625 0.7421875 0.0546875 0.02978515625
0 0.412109375 0.74462890625 0.015625 0.0283203125
0 0.15869140625 0.888671875 0.21875 0.04638671875
0 0.509765625 0.52978515625 0.1796875 0.0986328125
0 0.71484375 0.537109375 0.1123046875 0.08837890625
0 0.81689453125 0.5380859375 0.083984375 0.0732421875
0 0.9306640625 0.5419921875 0.138671875 0.06494140625
0 0.796875 0.61865234375 0.021484375 0.02490234375
0 0.826171875 0.61865234375 0.03759765625 0.0283203125
0 0.86279296875 0.61767578125 0.03857421875 0.02685546875
0 0.498046875 0.76025390625 0.03857421875 0.01513671875
0 0.53662109375 0.7587890625 0.0263671875 0.0185546875
0 0.55859375 0.75732421875 0.02001953125 0.01513671875
0 0.5830078125 0.75732421875 0.03369140625 0.01513671875
0 0.67626953125 0.76708984375 0.02978515625 0.01513671875
0 0.7060546875 0.765625 0.02001953125 0.01513671875
0 0.7236328125 0.7646484375 0.01513671875 0.01318359375
0 0.74365234375 0.765625 0.02734375 0.01171875
0 0.77587890625 0.765625 0.02490234375 0.01171875