0 0.00927734375 0.03369140625 0.0185546875 0.0126953125
0 0.0087890625 0.04443359375 0.017578125 0.0126953125
0 0.01025390625 0.0556640625 0.0205078125 0.01171875
0 0.0068359375 0.06640625 0.013671875 0.01171875
0 0.107421875 0.04931640625 0.08740234375 0.060546875
0 0.13623046875 0.0712890625 0.015625 0.0107421875
0 0.20263671875 0.0068359375 0.0400390625 0.013671875
0 0.54052734375 0.00439453125 0.1826171875 0.0087890625
0 0.7578125 0.03173828125 0.05615234375 0.0380859375
0 0.58349609375 0.1728515625 0.10302734375 0.044921875
0 0.68701171875 0.1845703125 0.1025390625 0.044921875
0 0.68115234375 0.20703125 0.09375 0.02734375
0 0.54736328125 0.2861328125 0.10205078125 0.0556640625
0 0.6416015625 0.31396484375 0.162109375 0.05712890625
0 0.54052734375 0.3564453125 0.10205078125 0.0283203125
0 0.64990234375 0.3681640625 0.1162109375 0.02734375
0 0.7900390625 0.24267578125 0.01806640625 0.01611328125
0 0.8017578125 0.24609375 0.01123046875 0.01220703125
0 0.76220703125 0.369140625 0.01123046875 0.01171875
0 0.76806640625 0.37060546875 0.00537109375 0.0087890625
0 0.7568359375 0.39599609375 0.01220703125 0.01123046875
0 0.765625 0.3955078125 0.0068359375 0.0087890625
0 0.75732421875 0.40869140625 0.0234375 0.01025390625
0 0.97314453125 0.07470703125 0.0537109375 0.0341796875
0 0.9775390625 0.09423828125 0.044921875 0.0576171875
0 0.0341796875 0.4658203125 0.068359375 0.033203125
0 0.033203125 0.5166015625 0.06640625 0.04296875
0 0.0234375 0.58203125 0.04150390625 0.02783203125
0 0.01611328125 0.64794921875 0.02490234375 0.0107421875
0 0.060546875 0.6484375 0.02587890625 0.009765625
0 0.02685546875 0.81884765625 0.0537109375 0.0185546875
0 0.2861328125 0.6484375 0.09814453125 0.0283203125
0 0.28955078125 0.70458984375 0.0888671875 0.02587890625
0 0.29150390625 0.73779296875 0.08984375 0.025390625
0 0.29248046875 0.7724609375 0.08984375 0.02099609375
0 0.29345703125 0.802734375 0.06689453125 0.02685546875
0 0.2958984375 0.8369140625 0.044921875 0.025390625
0 0.2958984375 0.86962890625 0.048828125 0.02685546875
0 0.30029296875 0.90380859375 0.08447265625 0.02685546875
0 0.29931640625 0.93603515625 0.09716796875 0.03076171875
0 0.30029296875 0.974609375 0.076171875 0.03076171875
0 0.30322265625 0.99755859375 0.0751953125 0.0048828125
0 0.66015625 0.775390625 0.0166015625 0.00390625
0 0.6357421875 0.78955078125 0.01123046875 0.00537109375
0 0.64794921875 0.7900390625 0.013671875 0.00537109375
0 0.666015625 0.78955078125 0.0205078125 0.00537109375
0 0.68310546875 0.7890625 0.01513671875 0.00634765625
0 0.73828125 0.76171875 0.08203125 0.01318359375
0 0.798828125 0.76123046875 0.0341796875 0.01220703125
0 0.83837890625 0.7607421875 0.04052734375 0.0126953125
0 0.892578125 0.759765625 0.06201171875 0.0126953125
0 0.94970703125 0.75732421875 0.04541015625 0.01318359375
0 0.97412109375 0.7587890625 0.0068359375 0.00341796875
0 0.990234375 0.75732421875 0.01953125 0.0146484375
0 0.7978515625 0.7763671875 0.05517578125 0.01171875
0 0.8544921875 0.7744140625 0.05712890625 0.01416015625
0 0.908203125 0.7734375 0.04248046875 0.0126953125
0 0.94775390625 0.77294921875 0.02880859375 0.0126953125
0 0.9814453125 0.771484375 0.037109375 0.013671875
0 0.65625 0.81201171875 0.09765625 0.02490234375
0 0.74169921875 0.80908203125 0.064453125 0.02880859375
0 0.80908203125 0.8115234375 0.06005859375 0.03173828125
0 0.87451171875 0.80615234375 0.05810546875 0.03125
0 0.9326171875 0.80615234375 0.04541015625 0.03173828125
0 0.9765625 0.80615234375 0.046875 0.0322265625
0 0.91748046875 0.83935546875 0.1650390625 0.0302734375
0 0.72900390625 0.865234375 0.02490234375 0.009765625
0 0.748046875 0.865234375 0.01123046875 0.00927734375
0 0.77001953125 0.86474609375 0.02783203125 0.01220703125
0 0.79931640625 0.865234375 0.0302734375 0.01171875
0 0.822265625 0.8642578125 0.01416015625 0.01025390625
0 0.84375 0.86376953125 0.0244140625 0.00927734375
0 0.8681640625 0.8642578125 0.0234375 0.01025390625
0 0.90478515625 0.86376953125 0.04443359375 0.01025390625
0 0.9384765625 0.86328125 0.02001953125 0.0107421875
0 0.9541015625 0.86376953125 0.00927734375 0.00927734375
0 0.9814453125 0.86376953125 0.037109375 0.0107421875
0 0.79833984375 0.875 0.02880859375 0.00927734375
0 0.8623046875 0.875 0.09716796875 0.00927734375
0 0.916015625 0.8740234375 0.0068359375 0.00341796875
0 0.94189453125 0.8740234375 0.04248046875 0.00830078125
0 0.98193359375 0.8740234375 0.0361328125 0.009765625
0 0.85546875 0.927734375 0.03466796875 0.01171875
0 0.8349609375 0.98486328125 0.03515625 0.01171875
0 0.8701171875 0.986328125 0.02978515625 0.01318359375
0 0.84033203125 0.99658203125 0.0498046875 0.0068359375
0 0.8779296875 0.9970703125 0.021484375 0.005859375
0 0.98974609375 0.9853515625 0.0205078125 0.01171875
0 0.98974609375 0.9970703125 0.0205078125 0.005859375