0 0.17578125 0.060546875 0.27734375 0.0859375
0 0.01171875 0.14990234375 0.0234375 0.0576171875
0 0.08984375 0.14892578125 0.12109375 0.06005859375
0 0.24609375 0.14404296875 0.09375 0.0703125
0 0.369140625 0.150390625 0.08203125 0.05712890625
0 0.0078125 0.22265625 0.015625 0.03125
0 0.037109375 0.22314453125 0.0390625 0.03125
0 0.0966796875 0.22314453125 0.076171875 0.03125
0 0.154296875 0.22314453125 0.03515625 0.03125
0 0.2333984375 0.22216796875 0.115234375 0.03369140625
0 0.3701171875 0.220703125 0.119140625 0.03125
0 0.0166015625 0.34130859375 0.033203125 0.0751953125
0 0.1875 0.34326171875 0.2890625 0.08837890625
0 0.115234375 0.412109375 0.140625 0.06494140625
0 0.2900390625 0.42236328125 0.205078125 0.06005859375
0 0.1845703125 0.482421875 0.044921875 0.06005859375
0 0.240234375 0.48388671875 0.07421875 0.05224609375
0 0.302734375 0.490234375 0.0625 0.04443359375
0 0.376953125 0.49267578125 0.0703125 0.04931640625
0 0.4296875 0.52294921875 0.01953125 0.046875
0 0.4091796875 0.572265625 0.056640625 0.05224609375
0 0.4072265625 0.62451171875 0.072265625 0.046875
0 0.0478515625 0.4873046875 0.095703125 0.044921875
0 0.0986328125 0.486328125 0.017578125 0.04150390625
0 0.87841796875 0.14794921875 0.2431640625 0.1533203125
0 0.87646484375 0.30908203125 0.2470703125 0.1865234375
0 0.8076171875 0.4521484375 0.11376953125 0.10498046875
0 0.91015625 0.44482421875 0.0439453125 0.103515625
0 0.9775390625 0.4423828125 0.044921875 0.1015625
0 0.8408203125 0.5322265625 0.1201171875 0.06494140625
0 0.9521484375 0.5244140625 0.095703125 0.06640625
0 0.79296875 0.6044921875 0.06396484375 0.0400390625
0 0.91455078125 0.59228515625 0.1708984375 0.0498046875
0 0.8759765625 0.46875 0.02001953125 0.02490234375
0 0.01318359375 0.87060546875 0.0263671875 0.0439453125
0 0.82763671875 0.6962890625 0.1083984375 0.07421875
0 0.91796875 0.6962890625 0.076171875 0.07421875
0 0.978515625 0.7001953125 0.04296875 0.08203125
0 0.9296875 0.76171875 0.140625 0.052734375
0 0.84423828125 0.826171875 0.12109375 0.1083984375
0 0.951171875 0.83984375 0.09765625 0.109375
0 0.83984375 0.92138671875 0.072265625 0.091796875
0 0.90869140625 0.93701171875 0.072265625 0.0966796875
0 0.97216796875 0.95068359375 0.0556640625 0.0849609375