0 0.1904296875 0.1435546875 0.111328125 0.10693359375
0 0.3388671875 0.171875 0.134765625 0.10693359375
0 0.4677734375 0.20849609375 0.091796875 0.1015625
0 0.560546875 0.2353515625 0.05859375 0.08154296875
0 0.6337890625 0.24658203125 0.068359375 0.06494140625
0 0.9697265625 0.32666015625 0.021484375 0.0283203125
0 0.470703125 0.36328125 0.046875 0.03955078125
0 0.541015625 0.3662109375 0.09375 0.05615234375
0 0.5361328125 0.40576171875 0.037109375 0.03369140625
0 0.5791015625 0.41259765625 0.044921875 0.04248046875
0 0.4794921875 0.85498046875 0.080078125 0.0478515625