0 0.41015625 0.44580078125 0.0390625 0.052734375
0 0.48828125 0.45166015625 0.11767578125 0.07373046875
0 0.5732421875 0.4580078125 0.04638671875 0.052734375
0 0.41455078125 0.5 0.044921875 0.02880859375
0 0.45849609375 0.50146484375 0.04638671875 0.02880859375
0 0.49951171875 0.50439453125 0.03466796875 0.03173828125
0 0.53564453125 0.50537109375 0.0263671875 0.02734375
0 0.5673828125 0.50537109375 0.03759765625 0.02392578125
0 0.59130859375 0.509765625 0.01904296875 0.02734375
0 0.48779296875 0.5263671875 0.05224609375 0.01513671875
0 0.5986328125 0.54541015625 0.056640625 0.0107421875
0 0.49560546875 0.6484375 0.158203125 0.05712890625
0 0.63134765625 0.6533203125 0.095703125 0.04541015625
0 0.70751953125 0.6396484375 0.05078125 0.02392578125
0 0.75244140625 0.6396484375 0.0419921875 0.02392578125
0 0.70458984375 0.6650390625 0.0390625 0.01806640625
0 0.74462890625 0.6630859375 0.04345703125 0.0224609375