0 0.06396484375 0.23193359375 0.1005859375 0.1064453125
0 0.14599609375 0.248046875 0.0576171875 0.0869140625
0 0.21875 0.2626953125 0.08203125 0.119140625
0 0.31689453125 0.2744140625 0.107421875 0.13037109375
0 0.408203125 0.27294921875 0.0751953125 0.09814453125
0 0.5078125 0.275390625 0.1220703125 0.1318359375
0 0.1435546875 0.45166015625 0.17578125 0.19482421875
0 0.3212890625 0.50390625 0.1494140625 0.18359375
0 0.51611328125 0.4873046875 0.203125 0.18505859375
0 0.82080078125 0.54248046875 0.30419921875 0.18017578125
0 0.10498046875 0.7490234375 0.0302734375 0.0322265625
0 0.13232421875 0.7509765625 0.0205078125 0.03076171875
0 0.15380859375 0.748046875 0.0166015625 0.0400390625
0 0.189453125 0.7578125 0.046875 0.0400390625
0 0.23046875 0.7490234375 0.029296875 0.044921875
0 0.27978515625 0.75830078125 0.044921875 0.0322265625
0 0.326171875 0.75927734375 0.0380859375 0.0400390625
0 0.9306640625 0.79931640625 0.0234375 0.03076171875