0 0.38916015625 0.39208984375 0.14794921875 0.095703125
0 0.5244140625 0.35888671875 0.095703125 0.08203125
0 0.27392578125 0.58349609375 0.47119140625 0.2998046875
0 0.6328125 0.50341796875 0.251953125 0.2021484375
0 0.1904296875 0.76220703125 0.0576171875 0.05322265625
0 0.24365234375 0.740234375 0.06005859375 0.05322265625
0 0.2998046875 0.724609375 0.0576171875 0.04443359375
0 0.353515625 0.70458984375 0.06591796875 0.048828125
0 0.40673828125 0.693359375 0.041015625 0.04443359375
0 0.4423828125 0.68017578125 0.041015625 0.0400390625
0 0.5341796875 0.65087890625 0.1533203125 0.07568359375
0 0.62890625 0.61767578125 0.04638671875 0.0400390625
0 0.673828125 0.60546875 0.04931640625 0.0419921875
0 0.70556640625 0.595703125 0.013671875 0.02685546875
0 0.3876953125 0.74560546875 0.06298828125 0.0556640625
0 0.44775390625 0.72314453125 0.068359375 0.0556640625