0 0.06982421875 0.0732421875 0.10302734375 0.05810546875
0 0.173828125 0.06884765625 0.07958984375 0.07666015625
0 0.01025390625 0.14794921875 0.0205078125 0.0849609375
0 0.08642578125 0.15283203125 0.107421875 0.0830078125
0 0.1923828125 0.15771484375 0.08642578125 0.08251953125
0 0.0380859375 0.24169921875 0.076171875 0.0810546875
0 0.958984375 0.0517578125 0.068359375 0.0849609375
0 0.8642578125 0.048828125 0.05859375 0.0673828125
0 0.431640625 0.1279296875 0.029296875 0.0380859375
0 0.5546875 0.1279296875 0.029296875 0.0380859375
0 0.43359375 0.1982421875 0.033203125 0.0498046875
0 0.5556640625 0.19677734375 0.03515625 0.046875
0 0.61328125 0.17333984375 0.025390625 0.03515625
0 0.650390625 0.17626953125 0.037109375 0.029296875
0 0.70703125 0.17333984375 0.052734375 0.03515625
0 0.6005859375 0.22607421875 0.02734375 0.029296875
0 0.626953125 0.22314453125 0.029296875 0.03515625
0 0.669921875 0.224609375 0.056640625 0.0263671875
0 0.072265625 0.7041015625 0.14453125 0.037109375
0 0.0380859375 0.7392578125 0.076171875 0.03515625
0 0.12451171875 0.74462890625 0.0830078125 0.03369140625
0 0.01416015625 0.78076171875 0.0283203125 0.02099609375
0 0.044921875 0.77978515625 0.02734375 0.02099609375
0 0.07080078125 0.78369140625 0.0244140625 0.0234375
0 0.10400390625 0.78173828125 0.0419921875 0.02490234375
0 0.14794921875 0.77978515625 0.0478515625 0.02587890625
0 0.2587890625 0.57861328125 0.05859375 0.04052734375
0 0.326171875 0.58447265625 0.06640625 0.0322265625
0 0.22216796875 0.9052734375 0.0205078125 0.02490234375
0 0.24658203125 0.9072265625 0.0244140625 0.0234375
0 0.2763671875 0.90673828125 0.029296875 0.01708984375
0 0.3125 0.90966796875 0.03515625 0.0234375
0 0.34521484375 0.90869140625 0.0283203125 0.0224609375
0 0.4033203125 0.48291015625 0.083984375 0.0869140625
0 0.73388671875 0.615234375 0.1875 0.1025390625
0 0.6455078125 0.7470703125 0.1142578125 0.1044921875
0 0.7470703125 0.73486328125 0.10009765625 0.10986328125
0 0.8515625 0.7216796875 0.10888671875 0.12109375
0 0.3828125 0.890625 0.03564453125 0.02978515625
0 0.41357421875 0.8896484375 0.021484375 0.02783203125
0 0.435546875 0.8896484375 0.0234375 0.03173828125
0 0.46142578125 0.890625 0.0322265625 0.02978515625