0 0.45068359375 0.296875 0.0771484375 0.134765625
0 0.53173828125 0.189453125 0.0849609375 0.140625
0 0.66748046875 0.16064453125 0.1396484375 0.13818359375
0 0.81640625 0.2001953125 0.1376953125 0.14990234375
0 0.103515625 0.75634765625 0.13671875 0.1337890625
0 0.03076171875 0.9111328125 0.0615234375 0.068359375
0 0.1064453125 0.919921875 0.0654296875 0.0556640625
0 0.19287109375 0.919921875 0.08447265625 0.0517578125
0 0.0341796875 0.98876953125 0.068359375 0.0224609375
0 0.140625 0.9921875 0.115234375 0.015625
0 0.25390625 0.9912109375 0.08203125 0.017578125
0 0.3662109375 0.9912109375 0.109375 0.017578125
0 0.81884765625 0.763671875 0.0947265625 0.1484375
0 0.78564453125 0.89501953125 0.044921875 0.13818359375
0 0.82373046875 0.84375 0.05908203125 0.16357421875