0 0.17236328125 0.38818359375 0.0107421875 0.0029296875
0 0.2060546875 0.2216796875 0.00341796875 0.009765625
0 0.21337890625 0.2216796875 0.005859375 0.00927734375
0 0.2646484375 0.34814453125 0.0087890625 0.00634765625
0 0.203125 0.06689453125 0.05810546875 0.05859375
0 0.26171875 0.064453125 0.0615234375 0.0625
0 0.3369140625 0.03662109375 0.099609375 0.0732421875
0 0.29345703125 0.09130859375 0.02490234375 0.02099609375
0 0.32666015625 0.08544921875 0.04150390625 0.02392578125
0 0.361328125 0.07861328125 0.029296875 0.02392578125
0 0.408203125 0.24072265625 0.0087890625 0.0087890625
0 0.41162109375 0.25048828125 0.0078125 0.0078125
0 0.40380859375 0.3466796875 0.01123046875 0.01318359375
0 0.71044921875 0.29296875 0.0439453125 0.03662109375
0 0.7607421875 0.29443359375 0.0595703125 0.0341796875
0 0.81982421875 0.30810546875 0.0595703125 0.04345703125
0 0.23046875 0.7451171875 0.22412109375 0.134765625
0 0.140625 0.85400390625 0.138671875 0.15673828125
0 0.3037109375 0.87353515625 0.15380859375 0.15673828125