0 0.03271484375 0.03662109375 0.0654296875 0.0576171875
0 0.125 0.04833984375 0.1083984375 0.06396484375
0 0.22119140625 0.0419921875 0.07177734375 0.05712890625
0 0.28466796875 0.04638671875 0.04052734375 0.05126953125
0 0.34521484375 0.05126953125 0.06982421875 0.04443359375
0 0.02783203125 0.11865234375 0.04150390625 0.02099609375
0 0.06103515625 0.12158203125 0.02001953125 0.0263671875
0 0.09716796875 0.1220703125 0.05126953125 0.02783203125
0 0.14501953125 0.12158203125 0.04248046875 0.029296875
0 0.01806640625 0.2841796875 0.0361328125 0.0390625
0 0.005859375 0.3369140625 0.01171875 0.03125
0 0.02197265625 0.33447265625 0.0185546875 0.02783203125
0 0.04638671875 0.33447265625 0.0302734375 0.02783203125
0 0.07861328125 0.33251953125 0.0341796875 0.03466796875
0 0.0126953125 0.36962890625 0.025390625 0.0341796875
0 0.03955078125 0.3701171875 0.029296875 0.0234375
0 0.189453125 0.2861328125 0.095703125 0.0498046875
0 0.1337890625 0.33642578125 0.0341796875 0.029296875
0 0.16845703125 0.33642578125 0.033203125 0.029296875
0 0.20166015625 0.34033203125 0.0341796875 0.0224609375
0 0.23046875 0.33642578125 0.02587890625 0.03173828125
0 0.25390625 0.34130859375 0.0185546875 0.02490234375
0 0.1298828125 0.3701171875 0.02099609375 0.029296875
0 0.1552734375 0.37060546875 0.03125 0.02783203125
0 0.1875 0.3701171875 0.033203125 0.03466796875
0 0.21826171875 0.37548828125 0.02587890625 0.03466796875
0 0.24609375 0.37548828125 0.0283203125 0.0234375
0 0.31396484375 0.23388671875 0.015625 0.029296875
0 0.31201171875 0.2587890625 0.013671875 0.03173828125
0 0.3173828125 0.28173828125 0.0185546875 0.02490234375
0 0.32861328125 0.2958984375 0.02001953125 0.02490234375
0 0.3447265625 0.30078125 0.0166015625 0.01513671875
0 0.36669921875 0.2978515625 0.0146484375 0.01806640625
0 0.37646484375 0.287109375 0.017578125 0.02490234375
0 0.2998046875 0.3388671875 0.029296875 0.03076171875
0 0.33203125 0.3408203125 0.03564453125 0.0263671875
0 0.37109375 0.34130859375 0.044921875 0.03076171875
0 0.40869140625 0.34375 0.0322265625 0.0263671875
0 0.01123046875 0.4248046875 0.0224609375 0.033203125
0 0.1328125 0.43017578125 0.05126953125 0.0390625
0 0.189453125 0.42822265625 0.05810546875 0.03173828125
0 0.25537109375 0.43115234375 0.06787109375 0.03173828125
0 0.451171875 0.486328125 0.130859375 0.052734375
0 0.3466796875 0.5458984375 0.1171875 0.13818359375
0 0.60498046875 0.572265625 0.0712890625 0.154296875
0 0.84326171875 0.5791015625 0.076171875 0.0771484375
0 0.66845703125 0.7265625 0.0859375 0.0576171875
0 0.6494140625 0.77001953125 0.02783203125 0.0224609375
0 0.681640625 0.7685546875 0.0361328125 0.02587890625