0 0.14794921875 0.0078125 0.0478515625 0.015625
0 0.19091796875 0.0078125 0.0263671875 0.015625
0 0.240234375 0.0048828125 0.056640625 0.009765625
0 0.30322265625 0.0048828125 0.0556640625 0.009765625
0 0.35205078125 0.0078125 0.0283203125 0.015625
0 0.3984375 0.0078125 0.05859375 0.015625
0 0.2099609375 0.052734375 0.1455078125 0.052734375
0 0.3408203125 0.05419921875 0.11572265625 0.05029296875
0 0.232421875 0.12158203125 0.01806640625 0.009765625
0 0.25537109375 0.119140625 0.0068359375 0.005859375
0 0.2626953125 0.119140625 0.00732421875 0.005859375
0 0.26953125 0.11962890625 0.0068359375 0.00537109375
0 0.27587890625 0.119140625 0.00537109375 0.0068359375
0 0.2802734375 0.11962890625 0.00390625 0.00537109375
0 0.28369140625 0.1201171875 0.00341796875 0.005859375
0 0.28857421875 0.1201171875 0.0068359375 0.005859375
0 0.29541015625 0.119140625 0.00732421875 0.0068359375
0 0.3017578125 0.12060546875 0.005859375 0.0068359375
0 0.3076171875 0.12060546875 0.00634765625 0.005859375
0 0.2548828125 0.1240234375 0.005859375 0.0048828125
0 0.259765625 0.1240234375 0.00341796875 0.00439453125
0 0.263671875 0.12451171875 0.0048828125 0.00439453125
0 0.2705078125 0.12451171875 0.0078125 0.00439453125
0 0.27587890625 0.125 0.0048828125 0.00390625
0 0.2861328125 0.125 0.01513671875 0.00439453125
0 0.294921875 0.125 0.0029296875 0.00439453125
0 0.30126953125 0.12548828125 0.009765625 0.00439453125
0 0.30810546875 0.12548828125 0.00439453125 0.00390625
0 0.22607421875 0.134765625 0.00537109375 0.00537109375
0 0.2333984375 0.13623046875 0.00927734375 0.005859375
0 0.2421875 0.13623046875 0.00830078125 0.0048828125
0 0.23193359375 0.140625 0.00927734375 0.00537109375
0 0.2392578125 0.14111328125 0.005859375 0.00537109375
0 0.27880859375 0.1396484375 0.04150390625 0.01513671875
0 0.22802734375 0.15234375 0.00537109375 0.00439453125
0 0.23388671875 0.15234375 0.00634765625 0.005859375
0 0.24169921875 0.1533203125 0.0087890625 0.00634765625
0 0.2353515625 0.158203125 0.01904296875 0.00537109375
0 0.2783203125 0.15673828125 0.02587890625 0.0078125
0 0.158203125 0.4365234375 0.0283203125 0.01318359375
0 0.19140625 0.435546875 0.00927734375 0.0068359375
0 0.2001953125 0.435546875 0.0087890625 0.00634765625
0 0.20849609375 0.435546875 0.0087890625 0.005859375
0 0.2158203125 0.435546875 0.0068359375 0.0068359375
0 0.2216796875 0.43603515625 0.0048828125 0.00634765625
0 0.22607421875 0.43603515625 0.00390625 0.0068359375
0 0.232421875 0.43603515625 0.0078125 0.00634765625
0 0.24072265625 0.435546875 0.0087890625 0.00830078125
0 0.24853515625 0.43701171875 0.00732421875 0.00830078125
0 0.25634765625 0.4375 0.0078125 0.0068359375
0 0.18017578125 0.6552734375 0.00390625 0.0068359375
0 0.1962890625 0.65576171875 0.00537109375 0.00634765625
0 0.2021484375 0.65234375 0.00732421875 0.00390625
0 0.212890625 0.65576171875 0.00439453125 0.005859375
0 0.21923828125 0.65283203125 0.00732421875 0.00439453125
0 0.23876953125 0.65283203125 0.01123046875 0.00390625
0 0.3349609375 0.33349609375 0.01171875 0.005859375
0 0.333984375 0.3544921875 0.009765625 0.00634765625
0 0.34228515625 0.3544921875 0.00634765625 0.00537109375
0 0.3505859375 0.3544921875 0.009765625 0.00537109375
0 0.35888671875 0.35498046875 0.0068359375 0.00537109375
0 0.36767578125 0.35498046875 0.0107421875 0.00537109375
0 0.3779296875 0.35595703125 0.009765625 0.00634765625
0 0.34130859375 0.36181640625 0.02197265625 0.00830078125
0 0.3681640625 0.36279296875 0.029296875 0.0078125
0 0.33642578125 0.38037109375 0.01171875 0.00634765625
0 0.357421875 0.38134765625 0.01708984375 0.00830078125
0 0.33837890625 0.39501953125 0.01171875 0.005859375
0 0.36376953125 0.3955078125 0.00830078125 0.00439453125
0 0.35205078125 0.4599609375 0.01123046875 0.00537109375
0 0.361328125 0.458984375 0.005859375 0.00537109375
0 0.3681640625 0.45947265625 0.0078125 0.005859375
0 0.375 0.458984375 0.0068359375 0.005859375
0 0.380859375 0.458984375 0.0048828125 0.00537109375
0 0.3544921875 0.53564453125 0.0087890625 0.005859375
0 0.3642578125 0.5361328125 0.01123046875 0.00537109375
0 0.375 0.53662109375 0.005859375 0.00537109375
0 0.38134765625 0.53662109375 0.0068359375 0.005859375
0 0.3876953125 0.5361328125 0.00634765625 0.00732421875
0 0.3779296875 0.62939453125 0.0048828125 0.017578125
0 0.35888671875 0.6396484375 0.0048828125 0.0390625
0 0.57470703125 0.20263671875 0.0302734375 0.0439453125
0 0.58251953125 0.2626953125 0.0458984375 0.05859375
0 0.20263671875 0.78369140625 0.0673828125 0.0341796875
0 0.26513671875 0.78515625 0.01611328125 0.05029296875
0 0.2138671875 0.8408203125 0.04736328125 0.048828125
0 0.2138671875 0.87890625 0.04931640625 0.025390625
0 0.21630859375 0.9072265625 0.04833984375 0.025390625
0 0.39013671875 0.83544921875 0.01611328125 0.0166015625
0 0.421875 0.8369140625 0.04833984375 0.02392578125
0 0.38037109375 0.94580078125 0.01318359375 0.044921875
0 0.380859375 0.91357421875 0.01025390625 0.03076171875
0 0.39404296875 0.8896484375 0.02734375 0.03955078125
0 0.42138671875 0.88232421875 0.025390625 0.02880859375
0 0.43994140625 0.90576171875 0.02197265625 0.04296875
0 0.4453125 0.95068359375 0.01123046875 0.044921875
0 0.3876953125 0.986328125 0.017578125 0.02734375
0 0.40087890625 0.994140625 0.0146484375 0.01171875
0 0.41357421875 0.9951171875 0.0166015625 0.009765625
0 0.4345703125 0.9853515625 0.0234375 0.029296875
0 0.5556640625 0.7958984375 0.0078125 0.03125
0 0.5576171875 0.83642578125 0.00390625 0.0283203125
0 0.0380859375 0.96826171875 0.060546875 0.0634765625
0 0.20556640625 0.9638671875 0.0673828125 0.072265625