0 0.5244140625 0.24462890625 0.06884765625 0.08447265625
0 0.63427734375 0.26171875 0.13916015625 0.09033203125
0 0.60498046875 0.3427734375 0.10009765625 0.056640625
0 0.01318359375 0.5927734375 0.01806640625 0.05078125
0 0.05322265625 0.55908203125 0.01416015625 0.02294921875
0 0.0673828125 0.56201171875 0.01708984375 0.02294921875
0 0.05859375 0.61669921875 0.03515625 0.0185546875
0 0.13427734375 0.58056640625 0.02099609375 0.02587890625
0 0.171875 0.578125 0.0078125 0.0185546875
0 0.482421875 0.56982421875 0.01318359375 0.01708984375
0 0.58544921875 0.56494140625 0.01708984375 0.02001953125
0 0.82958984375 0.5576171875 0.01318359375 0.0322265625
0 0.849609375 0.56201171875 0.02490234375 0.0322265625
0 0.8740234375 0.55615234375 0.0078125 0.02001953125
0 0.82861328125 0.87646484375 0.02685546875 0.02001953125
0 0.82470703125 0.8955078125 0.033203125 0.0244140625