0 0.00244140625 0.14111328125 0.0048828125 0.0068359375
0 0.00634765625 0.142578125 0.00830078125 0.01318359375
0 0.4580078125 0.13818359375 0.00390625 0.0244140625
0 0.45166015625 0.138671875 0.01025390625 0.02587890625
0 0.45654296875 0.11279296875 0.0068359375 0.0166015625
0 0.44970703125 0.11474609375 0.0078125 0.01513671875
0 0.45703125 0.09716796875 0.005859375 0.0126953125
0 0.451171875 0.09765625 0.00830078125 0.0126953125
0 0.4462890625 0.09716796875 0.0029296875 0.01123046875
0 0.4560546875 0.08349609375 0.00634765625 0.0146484375
0 0.44970703125 0.08251953125 0.00830078125 0.015625
0 0.4443359375 0.08251953125 0.00341796875 0.01025390625
0 0.4541015625 0.0693359375 0.0068359375 0.01318359375
0 0.4462890625 0.0693359375 0.00927734375 0.0126953125
0 0.45556640625 0.30029296875 0.0087890625 0.0166015625
0 0.4560546875 0.3095703125 0.0078125 0.015625
0 0.78759765625 0.04541015625 0.056640625 0.03271484375
0 0.8330078125 0.046875 0.02880859375 0.0263671875
0 0.86279296875 0.046875 0.02734375 0.0263671875
0 0.89892578125 0.04345703125 0.0419921875 0.03271484375
0 0.9375 0.0478515625 0.03173828125 0.0283203125
0 0.96240234375 0.048828125 0.017578125 0.0263671875
0 0.81787109375 0.0771484375 0.033203125 0.0263671875
0 0.88232421875 0.078125 0.0927734375 0.0283203125
0 0.83544921875 0.1416015625 0.09423828125 0.04150390625
0 0.9150390625 0.1435546875 0.056640625 0.04150390625
0 0.77587890625 0.22412109375 0.05078125 0.03271484375
0 0.8203125 0.2255859375 0.03466796875 0.0302734375
0 0.8623046875 0.22119140625 0.04638671875 0.0302734375
0 0.90478515625 0.2265625 0.0361328125 0.03271484375
0 0.95361328125 0.2265625 0.05517578125 0.0283203125
0 0.77880859375 0.25390625 0.0419921875 0.0302734375
0 0.830078125 0.25390625 0.06103515625 0.0302734375
0 0.880859375 0.25244140625 0.04052734375 0.03271484375
0 0.9384765625 0.2568359375 0.07080078125 0.0283203125
0 0.78955078125 0.2841796875 0.04052734375 0.0302734375
0 0.84130859375 0.2841796875 0.0595703125 0.0302734375
0 0.896484375 0.28515625 0.044921875 0.03271484375
0 0.94140625 0.28515625 0.044921875 0.03271484375
0 0.80712890625 0.31884765625 0.06103515625 0.0263671875
0 0.86279296875 0.31787109375 0.044921875 0.037109375
0 0.92138671875 0.31689453125 0.072265625 0.0302734375
0 0.83837890625 0.34716796875 0.07373046875 0.0302734375
0 0.9033203125 0.3486328125 0.0537109375 0.03271484375
0 0.5361328125 0.0439453125 0.123046875 0.087890625
0 0.671875 0.73779296875 0.1767578125 0.2841796875
0 0.8408203125 0.78857421875 0.11669921875 0.2841796875
0 0.9609375 0.72705078125 0.078125 0.3251953125
0 0.54931640625 0.97021484375 0.1083984375 0.0595703125
0 0.66552734375 0.97021484375 0.1025390625 0.0595703125
0 0.78076171875 0.97509765625 0.0732421875 0.0498046875