0 0.15771484375 0.2421875 0.27392578125 0.125
0 0.44287109375 0.21826171875 0.2666015625 0.134765625
0 0.1875 0.337890625 0.119140625 0.0234375
0 0.2802734375 0.3369140625 0.072265625 0.025390625
0 0.33203125 0.3408203125 0.025390625 0.017578125
0 0.40869140625 0.33251953125 0.1142578125 0.0341796875
0 0.77197265625 0.33935546875 0.0263671875 0.0205078125
0 0.06201171875 0.67333984375 0.1240234375 0.2138671875
0 0.14599609375 0.73779296875 0.0361328125 0.05859375
0 0.283203125 0.65625 0.22216796875 0.24267578125
0 0.51513671875 0.64013671875 0.169921875 0.248046875
0 0.6796875 0.65869140625 0.099609375 0.2529296875
0 0.85986328125 0.85009765625 0.0546875 0.0224609375
0 0.9228515625 0.85400390625 0.078125 0.0244140625