0 0.36376953125 0.185546875 0.2119140625 0.306640625
0 0.59521484375 0.18017578125 0.2021484375 0.3173828125
0 0.35986328125 0.4482421875 0.1640625 0.1171875
0 0.56787109375 0.4677734375 0.23583984375 0.09326171875
0 0.333984375 0.6162109375 0.1240234375 0.07470703125
0 0.451171875 0.60009765625 0.09814453125 0.0908203125
0 0.55908203125 0.60400390625 0.10986328125 0.087890625
0 0.65380859375 0.61083984375 0.076171875 0.080078125
0 0.3759765625 0.73193359375 0.14013671875 0.0771484375
0 0.5478515625 0.7333984375 0.2041015625 0.07470703125
0 0.2919921875 0.806640625 0.06005859375 0.06689453125
0 0.34521484375 0.80810546875 0.0458984375 0.06396484375
0 0.39404296875 0.81201171875 0.0478515625 0.06689453125
0 0.44921875 0.81982421875 0.06982421875 0.05615234375
0 0.5009765625 0.81591796875 0.0380859375 0.06396484375
0 0.5419921875 0.82666015625 0.0439453125 0.0478515625
0 0.5927734375 0.8212890625 0.05810546875 0.06396484375