0 0.12646484375 0.3681640625 0.1142578125 0.04296875
0 0.208984375 0.34228515625 0.072265625 0.0947265625
0 0.2958984375 0.306640625 0.107421875 0.166015625
0 0.455078125 0.2490234375 0.2109375 0.08203125
0 0.70166015625 0.2646484375 0.18359375 0.0859375
0 0.904296875 0.27294921875 0.158203125 0.09423828125
0 0.39697265625 0.38134765625 0.0224609375 0.0166015625
0 0.42138671875 0.38134765625 0.0244140625 0.0166015625
0 0.443359375 0.38134765625 0.013671875 0.0166015625
0 0.462890625 0.38330078125 0.01953125 0.0126953125
0 0.482421875 0.38037109375 0.015625 0.0185546875
0 0.50439453125 0.3837890625 0.0283203125 0.01171875
0 0.025390625 0.44140625 0.05078125 0.103515625
0 0.53564453125 0.46923828125 0.00634765625 0.00341796875
0 0.54345703125 0.46875 0.00830078125 0.00390625
0 0.55029296875 0.46875 0.00537109375 0.00341796875
0 0.5595703125 0.46923828125 0.005859375 0.00341796875
0 0.5517578125 0.484375 0.00537109375 0.00341796875
0 0.55859375 0.48388671875 0.0078125 0.00390625
0 0.57568359375 0.68212890625 0.0234375 0.03857421875
0 0.60107421875 0.6767578125 0.0234375 0.04248046875