0 0.24853515625 0.0234375 0.2666015625 0.046875
0 0.0263671875 0.11669921875 0.052734375 0.0576171875
0 0.08642578125 0.11328125 0.07177734375 0.05419921875
0 0.13818359375 0.11181640625 0.02490234375 0.03466796875
0 0.21484375 0.1025390625 0.11474609375 0.0498046875
0 0.12939453125 0.24658203125 0.033203125 0.03173828125
0 0.19677734375 0.24560546875 0.05712890625 0.03076171875
0 0.26171875 0.24462890625 0.033203125 0.02783203125
0 0.28955078125 0.248046875 0.02197265625 0.029296875
0 0.31982421875 0.24658203125 0.0302734375 0.0263671875
0 0.35302734375 0.24560546875 0.0341796875 0.02783203125
0 0.40576171875 0.24658203125 0.06689453125 0.0263671875
0 0.46923828125 0.24951171875 0.03564453125 0.0263671875
0 0.52294921875 0.24560546875 0.06787109375 0.033203125
0 0.576171875 0.24560546875 0.0283203125 0.02783203125
0 0.912109375 0.0986328125 0.02734375 0.03955078125
0 0.93310546875 0.10400390625 0.01904296875 0.03955078125
0 0.95068359375 0.1103515625 0.02001953125 0.037109375
0 0.9697265625 0.11572265625 0.01904296875 0.04248046875
0 0.98876953125 0.11669921875 0.0224609375 0.0400390625
0 0.052734375 0.412109375 0.10546875 0.044921875
0 0.1669921875 0.40771484375 0.1015625 0.0361328125
0 0.28076171875 0.408203125 0.0771484375 0.037109375
0 0.40478515625 0.4091796875 0.1474609375 0.0390625
0 0.56787109375 0.4111328125 0.1025390625 0.04296875
0 0.11279296875 0.474609375 0.0498046875 0.03857421875
0 0.24609375 0.4755859375 0.205078125 0.0400390625
0 0.4755859375 0.4775390625 0.19921875 0.0439453125
0 0.23974609375 0.61181640625 0.0322265625 0.03076171875
0 0.279296875 0.6103515625 0.03125 0.02783203125
0 0.31005859375 0.6103515625 0.0224609375 0.02783203125
0 0.3408203125 0.61181640625 0.025390625 0.025390625
0 0.4296875 0.6103515625 0.017578125 0.02783203125
0 0.3740234375 0.61376953125 0.02734375 0.03466796875
0 0.400390625 0.611328125 0.025390625 0.0400390625
0 0.3701171875 0.6611328125 0.021484375 0.0439453125
0 0.39697265625 0.66357421875 0.0244140625 0.041015625
0 0.3671875 0.71240234375 0.025390625 0.04541015625
0 0.3974609375 0.71435546875 0.033203125 0.03857421875
0 0.3857421875 0.7646484375 0.03125 0.041015625
0 0.3671875 0.82275390625 0.0234375 0.0400390625
0 0.396484375 0.81640625 0.033203125 0.041015625
0 0.849609375 0.43798828125 0.30078125 0.0966796875
0 0.83837890625 0.6572265625 0.3232421875 0.34765625