0 0.1455078125 0.0771484375 0.091796875 0.0458984375
0 0.2509765625 0.08349609375 0.09814453125 0.05908203125
0 0.06640625 0.14453125 0.1328125 0.060546875
0 0.18896484375 0.13671875 0.087890625 0.05908203125
0 0.3193359375 0.1396484375 0.15283203125 0.05908203125
0 0.11767578125 0.2412109375 0.2353515625 0.068359375
0 0.6767578125 0.04150390625 0.1005859375 0.04833984375
0 0.59375 0.39990234375 0.068359375 0.0791015625
0 0.94189453125 0.2822265625 0.05615234375 0.03759765625
0 0.8583984375 0.3125 0.08154296875 0.0712890625
0 0.984375 0.29345703125 0.03125 0.0634765625
0 0.14990234375 0.98046875 0.01123046875 0.01611328125
0 0.13232421875 0.98876953125 0.017578125 0.02001953125
0 0.15478515625 0.78857421875 0.0244140625 0.02783203125
0 0.1767578125 0.78466796875 0.0224609375 0.0322265625
0 0.16552734375 0.8125 0.0126953125 0.02392578125
0 0.1669921875 0.8408203125 0.0126953125 0.02392578125
0 0.19287109375 0.80859375 0.02880859375 0.02783203125
0 0.1962890625 0.83544921875 0.02587890625 0.02587890625
0 0.14111328125 0.5205078125 0.05810546875 0.1240234375
0 0.1259765625 0.60888671875 0.02099609375 0.087890625
0 0.15478515625 0.62548828125 0.037109375 0.10986328125
0 0.99755859375 0.541015625 0.0048828125 0.015625
0 0.93017578125 0.556640625 0.0087890625 0.01220703125
0 0.93896484375 0.5546875 0.01123046875 0.01318359375
0 0.94384765625 0.58642578125 0.0048828125 0.01318359375
0 0.94775390625 0.59423828125 0.00634765625 0.01220703125
0 0.95068359375 0.60546875 0.00634765625 0.01318359375
0 0.92822265625 0.62939453125 0.0078125 0.0146484375
0 0.92236328125 0.62060546875 0.00537109375 0.01220703125
0 0.923828125 0.59765625 0.0068359375 0.01220703125
0 0.92724609375 0.5869140625 0.00634765625 0.01220703125
0 0.998046875 0.61865234375 0.00390625 0.0126953125
0 0.99267578125 0.60888671875 0.00537109375 0.01220703125
0 0.990234375 0.59716796875 0.00634765625 0.01318359375
0 0.99755859375 0.57373046875 0.0048828125 0.0107421875
0 0.9619140625 0.779296875 0.076171875 0.076171875
0 0.9345703125 0.845703125 0.01953125 0.02197265625
0 0.9560546875 0.84619140625 0.01806640625 0.0205078125
0 0.97998046875 0.845703125 0.01904296875 0.02197265625
0 0.99658203125 0.84423828125 0.0068359375 0.0224609375