0 0.0185546875 0.64697265625 0.037109375 0.0947265625
0 0.0673828125 0.65673828125 0.080078125 0.08203125
0 0.1611328125 0.65380859375 0.080078125 0.08837890625
0 0.2783203125 0.67724609375 0.123046875 0.123046875
0 0.4140625 0.0576171875 0.1484375 0.080078125
0 0.67919921875 0.07177734375 0.3447265625 0.0771484375
0 0.46728515625 0.1513671875 0.2548828125 0.1015625
0 0.7822265625 0.15234375 0.3642578125 0.09423828125
0 0.3720703125 0.27685546875 0.064453125 0.0966796875
0 0.55419921875 0.27587890625 0.27783203125 0.14453125
0 0.85205078125 0.263671875 0.2958984375 0.138671875
0 0.4755859375 0.44482421875 0.271484375 0.1689453125
0 0.80810546875 0.416015625 0.3837890625 0.1875
0 0.67578125 0.5576171875 0.6484375 0.08203125
0 0.11376953125 0.853515625 0.19677734375 0.19482421875