0 0.13427734375 0.1328125 0.05322265625 0.041015625
0 0.1875 0.14208984375 0.048828125 0.04638671875
0 0.0498046875 0.18798828125 0.099609375 0.1025390625
0 0.2177734375 0.22119140625 0.201171875 0.11767578125
0 0.02001953125 0.24658203125 0.03662109375 0.0341796875
0 0.2802734375 0.29638671875 0.0224609375 0.021484375
0 0.33203125 0.30517578125 0.07763671875 0.03076171875
0 0.56884765625 0.22119140625 0.1005859375 0.1689453125
0 0.453125 0.3193359375 0.0244140625 0.025390625
0 0.482421875 0.32421875 0.02685546875 0.02392578125
0 0.50634765625 0.32470703125 0.02001953125 0.03076171875
0 0.5341796875 0.33203125 0.0341796875 0.03076171875
0 0.56640625 0.33984375 0.0302734375 0.03515625
0 0.00244140625 0.552734375 0.0048828125 0.009765625
0 0.001953125 0.53955078125 0.00390625 0.0166015625
0 0.00146484375 0.5234375 0.0029296875 0.017578125
0 0.00830078125 0.51318359375 0.015625 0.033203125
0 0.00927734375 0.55810546875 0.0048828125 0.0087890625
0 0.041015625 0.55810546875 0.0078125 0.00830078125
0 0.04833984375 0.55810546875 0.00634765625 0.009765625
0 0.06298828125 0.51171875 0.0146484375 0.02880859375
0 0.07666015625 0.52880859375 0.009765625 0.01220703125
0 0.07470703125 0.51708984375 0.00732421875 0.01025390625
0 0.07177734375 0.5078125 0.0078125 0.0107421875
0 0.08154296875 0.51220703125 0.00634765625 0.01025390625
0 0.1015625 0.5380859375 0.00634765625 0.0078125
0 0.13037109375 0.50439453125 0.0087890625 0.01025390625
0 0.14697265625 0.5283203125 0.00927734375 0.01123046875
0 0.1982421875 0.5341796875 0.01318359375 0.0244140625
0 0.2060546875 0.56787109375 0.01025390625 0.01171875
0 0.2216796875 0.52099609375 0.00537109375 0.00927734375
0 0.2138671875 0.51318359375 0.0078125 0.009765625
0 0.2353515625 0.56298828125 0.005859375 0.0078125
0 0.23193359375 0.5361328125 0.00537109375 0.0146484375
0 0.03173828125 0.6064453125 0.0634765625 0.013671875
0 0.07421875 0.6064453125 0.015625 0.013671875
0 0.1259765625 0.6083984375 0.068359375 0.017578125
0 0.484375 0.6064453125 0.041015625 0.013671875
0 0.822265625 0.90625 0.11376953125 0.083984375
0 0.77978515625 0.96875 0.0341796875 0.0458984375
0 0.81396484375 0.97021484375 0.033203125 0.04248046875
0 0.841796875 0.97265625 0.02099609375 0.04443359375
0 0.8642578125 0.97314453125 0.0244140625 0.04345703125
0 0.72509765625 0.93896484375 0.0341796875 0.01611328125