0 0.04638671875 0.330078125 0.0927734375 0.115234375
0 0.134765625 0.361328125 0.07177734375 0.09375
0 0.234375 0.40576171875 0.1123046875 0.1083984375
0 0.31298828125 0.44873046875 0.0537109375 0.0869140625
0 0.0107421875 0.3857421875 0.021484375 0.091796875
0 0.08349609375 0.4189453125 0.1025390625 0.09912109375
0 0.1669921875 0.45068359375 0.0615234375 0.07666015625
0 0.24853515625 0.48828125 0.10498046875 0.0830078125
0 0.31787109375 0.521484375 0.0439453125 0.06640625
0 0.0126953125 0.49072265625 0.025390625 0.0283203125
0 0.7470703125 0.16064453125 0.16259765625 0.123046875
0 0.662109375 0.33447265625 0.03271484375 0.0458984375
0 0.69140625 0.32177734375 0.02978515625 0.0458984375
0 0.72900390625 0.3076171875 0.04541015625 0.0498046875
0 0.77294921875 0.28369140625 0.0517578125 0.060546875
0 0.81982421875 0.2626953125 0.0419921875 0.060546875
0 0.865234375 0.2490234375 0.0517578125 0.0625
0 0.62744140625 0.47119140625 0.12353515625 0.1728515625
0 0.7578125 0.44091796875 0.1376953125 0.17919921875
0 0.91552734375 0.38330078125 0.1689453125 0.2314453125
0 0.169921875 0.65771484375 0.33984375 0.1357421875
0 0.03955078125 0.68310546875 0.0791015625 0.0966796875
0 0.01171875 0.75634765625 0.0234375 0.0595703125
0 0.11083984375 0.767578125 0.11767578125 0.0517578125
0 0.21728515625 0.767578125 0.08251953125 0.0517578125
0 0.29833984375 0.779296875 0.06494140625 0.05517578125
0 0.0302734375 0.82763671875 0.060546875 0.0439453125
0 0.1171875 0.8349609375 0.09765625 0.06005859375
0 0.25634765625 0.8369140625 0.1669921875 0.044921875
0 0.04541015625 0.90185546875 0.0810546875 0.0400390625
0 0.10986328125 0.90234375 0.04248046875 0.0283203125
0 0.162109375 0.90771484375 0.0576171875 0.03173828125
0 0.2333984375 0.90771484375 0.0625 0.03173828125
0 0.275390625 0.91064453125 0.01611328125 0.02490234375
0 0.318359375 0.912109375 0.04296875 0.03515625