0 0.1904296875 0.26904296875 0.02001953125 0.02294921875
0 0.138671875 0.2724609375 0.0419921875 0.0439453125
0 0.111328125 0.30419921875 0.0341796875 0.041015625
0 0.10302734375 0.3310546875 0.02587890625 0.01513671875
0 0.087890625 0.341796875 0.02587890625 0.021484375
0 0.068359375 0.3740234375 0.0537109375 0.0546875
0 0.03857421875 0.4189453125 0.048828125 0.0458984375
0 0.013671875 0.45751953125 0.02734375 0.0244140625
0 0.1259765625 0.2509765625 0.01904296875 0.01611328125
0 0.06298828125 0.34716796875 0.03564453125 0.0283203125
0 0.03955078125 0.37255859375 0.03857421875 0.03173828125
0 0.01123046875 0.42919921875 0.0224609375 0.0576171875
0 0.0244140625 0.3369140625 0.048828125 0.083984375
0 0.291015625 0.45703125 0.03125 0.025390625
0 0.27001953125 0.46728515625 0.0283203125 0.0048828125
0 0.29052734375 0.431640625 0.04736328125 0.03955078125
0 0.23046875 0.39453125 0.0576171875 0.046875
0 0.2021484375 0.3759765625 0.0322265625 0.03125
0 0.20263671875 0.45166015625 0.0478515625 0.0361328125
0 0.1708984375 0.44580078125 0.029296875 0.0234375
0 0.1611328125 0.37060546875 0.03125 0.029296875
0 0.15771484375 0.33154296875 0.02490234375 0.01904296875
0 0.8837890625 0.017578125 0.1025390625 0.0185546875
0 0.8603515625 0.04638671875 0.080078125 0.03955078125
0 0.9296875 0.04736328125 0.04638671875 0.02880859375
0 0.85302734375 0.0771484375 0.060546875 0.01806640625
0 0.91845703125 0.07470703125 0.064453125 0.02099609375
0 0.04296875 0.833984375 0.0859375 0.0859375
0 0.11474609375 0.8271484375 0.0576171875 0.091796875
0 0.22900390625 0.8154296875 0.15869140625 0.091796875
0 0.0146484375 0.9033203125 0.029296875 0.044921875
0 0.0517578125 0.90380859375 0.041015625 0.04833984375
0 0.08154296875 0.90283203125 0.02392578125 0.0498046875
0 0.13427734375 0.90087890625 0.076171875 0.06005859375
0 0.18798828125 0.89794921875 0.02880859375 0.05322265625
0 0.23828125 0.8984375 0.07763671875 0.0615234375
0 0.30224609375 0.8955078125 0.04248046875 0.0615234375
0 0.140625 0.974609375 0.09765625 0.05078125
0 0.2607421875 0.97509765625 0.13671875 0.0498046875
0 0.59033203125 0.837890625 0.0126953125 0.1943359375
0 0.54443359375 0.771484375 0.0166015625 0.06201171875
0 0.55810546875 0.9267578125 0.00830078125 0.03076171875
0 0.36279296875 0.79052734375 0.01123046875 0.09619140625
0 0.791015625 0.84423828125 0.02587890625 0.2109375
0 0.33056640625 0.787109375 0.0029296875 0.02734375