0 0.2939453125 0.06884765625 0.076171875 0.03857421875
0 0.3525390625 0.06787109375 0.041015625 0.037109375
0 0.421875 0.0673828125 0.07421875 0.02978515625
0 0.51123046875 0.0654296875 0.07421875 0.02978515625
0 0.341796875 0.1171875 0.09375 0.037109375
0 0.412109375 0.11572265625 0.046875 0.0341796875
0 0.47119140625 0.1162109375 0.072265625 0.02978515625
0 0.330078125 0.2099609375 0.1171875 0.03857421875
0 0.4287109375 0.20458984375 0.068359375 0.0400390625
0 0.49658203125 0.2080078125 0.064453125 0.03125
0 0.3388671875 0.25830078125 0.056640625 0.037109375
0 0.3935546875 0.2568359375 0.052734375 0.0341796875
0 0.4599609375 0.25927734375 0.080078125 0.02978515625
0 0.60107421875 0.19287109375 0.05078125 0.025390625
0 0.62646484375 0.22705078125 0.0546875 0.037109375
0 0.7177734375 0.0595703125 0.076171875 0.087890625
0 0.81201171875 0.03955078125 0.1005859375 0.0791015625
0 0.68798828125 0.14306640625 0.0166015625 0.0751953125
0 0.7265625 0.1318359375 0.05322265625 0.07177734375
0 0.7734375 0.12109375 0.0341796875 0.05078125
0 0.826171875 0.1103515625 0.0654296875 0.0615234375
0 0.890625 0.09423828125 0.0625 0.06689453125
0 0.9609375 0.0810546875 0.06884765625 0.0615234375
0 0.69970703125 0.18798828125 0.03125 0.03466796875
0 0.72412109375 0.18115234375 0.0205078125 0.02685546875
0 0.7529296875 0.17431640625 0.03759765625 0.03466796875
0 0.78125 0.16796875 0.0185546875 0.02685546875
0 0.80517578125 0.1650390625 0.02978515625 0.02685546875
0 0.83740234375 0.1572265625 0.0341796875 0.0322265625
0 0.0234375 0.7451171875 0.046875 0.046875
0 0.18896484375 0.546875 0.123046875 0.13134765625
0 0.275390625 0.45947265625 0.08544921875 0.10009765625
0 0.333984375 0.3935546875 0.0634765625 0.08740234375
0 0.19482421875 0.61572265625 0.08837890625 0.1064453125
0 0.2529296875 0.5615234375 0.06787109375 0.0986328125
0 0.2109375 0.6689453125 0.0751953125 0.09375
0 0.27783203125 0.6103515625 0.0947265625 0.11083984375
0 0.326171875 0.5537109375 0.060546875 0.0888671875
0 0.36328125 0.51025390625 0.0634765625 0.09228515625
0 0.23974609375 0.7119140625 0.08740234375 0.1142578125
0 0.30517578125 0.65234375 0.078125 0.10791015625
0 0.3798828125 0.57666015625 0.03857421875 0.05615234375
0 0.3916015625 0.59521484375 0.0634765625 0.08740234375
0 0.38818359375 0.62646484375 0.03662109375 0.05322265625
0 0.4140625 0.5927734375 0.03564453125 0.0546875
0 0.4150390625 0.6318359375 0.0810546875 0.12353515625
0 0.42919921875 0.65380859375 0.05712890625 0.0888671875
0 0.2783203125 0.82275390625 0.0185546875 0.0263671875
0 0.294921875 0.8037109375 0.02099609375 0.02978515625
0 0.31396484375 0.78759765625 0.0185546875 0.0283203125
0 0.3291015625 0.77099609375 0.017578125 0.0263671875
0 0.205078125 0.79833984375 0.02197265625 0.046875
0 0.22216796875 0.8349609375 0.0185546875 0.0361328125
0 0.23583984375 0.8662109375 0.0185546875 0.0390625
0 0.2529296875 0.90771484375 0.02392578125 0.0498046875
0 0.26904296875 0.9404296875 0.0166015625 0.0341796875
0 0.28076171875 0.96728515625 0.0166015625 0.0283203125
0 0.2958984375 0.98828125 0.025390625 0.0234375
0 0.13623046875 0.6396484375 0.04052734375 0.0859375
0 0.16259765625 0.7001953125 0.02490234375 0.05322265625
0 0.18212890625 0.74365234375 0.02587890625 0.0498046875
0 0.7265625 0.439453125 0.09375 0.185546875
0 0.82421875 0.45654296875 0.0986328125 0.1884765625
0 0.71240234375 0.80419921875 0.0498046875 0.06689453125
0 0.806640625 0.81005859375 0.05859375 0.0615234375
0 0.69287109375 0.89599609375 0.0263671875 0.0966796875
0 0.74755859375 0.8974609375 0.06494140625 0.08984375
0 0.837890625 0.89990234375 0.09619140625 0.09521484375
0 0.73388671875 0.9833984375 0.0634765625 0.033203125
0 0.83349609375 0.974609375 0.1201171875 0.05078125