0 0.7158203125 0.25732421875 0.1904296875 0.10888671875
0 0.888671875 0.2783203125 0.03369140625 0.0859375
0 0.9658203125 0.2919921875 0.068359375 0.09765625
0 0.63720703125 0.34130859375 0.3525390625 0.1357421875
0 0.0634765625 0.5302734375 0.056640625 0.046875
0 0.11376953125 0.52587890625 0.0341796875 0.03515625
0 0.1533203125 0.52587890625 0.041015625 0.0322265625
0 0.1962890625 0.52587890625 0.037109375 0.03515625
0 0.24365234375 0.52587890625 0.0537109375 0.041015625
0 0.1396484375 0.630859375 0.13671875 0.15380859375
0 0.08837890625 0.74365234375 0.0947265625 0.05712890625
0 0.1611328125 0.75 0.072265625 0.064453125
0 0.23486328125 0.744140625 0.0595703125 0.0556640625
0 0.0927734375 0.81103515625 0.056640625 0.04248046875
0 0.14599609375 0.8125 0.0498046875 0.03662109375
0 0.65283203125 0.61767578125 0.14013671875 0.18408203125
0 0.55126953125 0.8408203125 0.2041015625 0.318359375