0 0.21337890625 0.232421875 0.4267578125 0.23828125
0 0.41845703125 0.08203125 0.0185546875 0.02490234375
0 0.1025390625 0.46630859375 0.205078125 0.0263671875
0 0.2939453125 0.45703125 0.169921875 0.044921875
0 0.4482421875 0.45458984375 0.140625 0.0498046875
0 0.54296875 0.07080078125 0.046875 0.0791015625
0 0.60498046875 0.06396484375 0.06689453125 0.07666015625
0 0.67578125 0.06103515625 0.07275390625 0.07861328125
0 0.5302734375 0.19482421875 0.021484375 0.0966796875
0 0.5556640625 0.1943359375 0.03466796875 0.0908203125
0 0.6162109375 0.19140625 0.09228515625 0.09716796875
0 0.11474609375 0.6728515625 0.13720703125 0.06640625
0 0.10693359375 0.6220703125 0.0224609375 0.02734375
0 0.1259765625 0.732421875 0.11474609375 0.056640625
0 0.12060546875 0.80859375 0.11474609375 0.083984375
0 0.1220703125 0.8818359375 0.1220703125 0.078125
0 0.76904296875 0.59814453125 0.07177734375 0.0478515625
0 0.77197265625 0.66796875 0.08251953125 0.0478515625
0 0.77490234375 0.7197265625 0.052734375 0.052734375
0 0.77490234375 0.779296875 0.056640625 0.05615234375
0 0.77734375 0.83642578125 0.083984375 0.05810546875
0 0.736328125 0.89697265625 0.00927734375 0.02880859375
0 0.7666015625 0.900390625 0.00830078125 0.02197265625
0 0.787109375 0.89794921875 0.02392578125 0.02734375
0 0.8115234375 0.89599609375 0.02392578125 0.02734375
0 0.7724609375 0.9013671875 0.0048828125 0.02392578125
0 0.7978515625 0.92919921875 0.0498046875 0.025390625
0 0.54345703125 0.8935546875 0.01318359375 0.0185546875
0 0.5546875 0.8935546875 0.0107421875 0.0185546875
0 0.57568359375 0.892578125 0.00732421875 0.01708984375
0 0.58544921875 0.89453125 0.0126953125 0.01708984375
0 0.55419921875 0.916015625 0.00830078125 0.01513671875
0 0.57666015625 0.916015625 0.009765625 0.01513671875
0 0.59033203125 0.916015625 0.01904296875 0.01513671875
0 0.53076171875 0.935546875 0.00439453125 0.01708984375
0 0.53076171875 0.95849609375 0.0048828125 0.01513671875
0 0.54638671875 0.9814453125 0.00732421875 0.013671875
0 0.55419921875 0.98046875 0.00830078125 0.01513671875
0 0.7666015625 0.5078125 0.0283203125 0.05126953125