0 0.26416015625 0.27001953125 0.2451171875 0.08642578125
0 0.39990234375 0.28564453125 0.02978515625 0.02001953125
0 0.43408203125 0.28125 0.03515625 0.02001953125
0 0.48095703125 0.2744140625 0.05810546875 0.0244140625
0 0.5166015625 0.27001953125 0.0166015625 0.02001953125
0 0.54150390625 0.265625 0.02978515625 0.0244140625
0 0.57763671875 0.26220703125 0.04150390625 0.0224609375
0 0.6240234375 0.2568359375 0.0517578125 0.0244140625
0 0.2373046875 0.3466796875 0.0283203125 0.03125
0 0.505859375 0.322265625 0.29150390625 0.10205078125
0 0.12353515625 0.4609375 0.06982421875 0.06884765625
0 0.2216796875 0.443359375 0.14013671875 0.07763671875
0 0.3291015625 0.43798828125 0.08154296875 0.06201171875
0 0.4150390625 0.4287109375 0.080078125 0.06689453125
0 0.50830078125 0.4208984375 0.08642578125 0.064453125
0 0.62353515625 0.40771484375 0.1201171875 0.08642578125
0 0.10400390625 0.546875 0.04833984375 0.03564453125
0 0.14404296875 0.54443359375 0.03857421875 0.03564453125
0 0.205078125 0.5419921875 0.09326171875 0.04443359375
0 0.2841796875 0.53662109375 0.078125 0.0419921875
0 0.3515625 0.53125 0.06982421875 0.0400390625
0 0.44091796875 0.5224609375 0.1015625 0.04443359375
0 0.541015625 0.5166015625 0.091796875 0.046875
0 0.1640625 0.5888671875 0.30810546875 0.048828125
0 0.41162109375 0.5712890625 0.10986328125 0.0400390625
0 0.57421875 0.55908203125 0.21826171875 0.05126953125