0 0.02685546875 0.03564453125 0.044921875 0.05810546875
0 0.09423828125 0.0673828125 0.05810546875 0.076171875
0 0.17333984375 0.1044921875 0.05810546875 0.07958984375
0 0.43017578125 0.013671875 0.1416015625 0.02734375
0 0.57666015625 0.01123046875 0.1005859375 0.0224609375
0 0.849609375 0.013671875 0.091796875 0.02734375
0 0.95458984375 0.01220703125 0.0712890625 0.0244140625
0 0.52880859375 0.0546875 0.18505859375 0.03564453125
0 0.716796875 0.056640625 0.154296875 0.03173828125
0 0.90625 0.0556640625 0.1875 0.029296875
0 0.369140625 0.0986328125 0.01953125 0.03125
0 0.41162109375 0.09814453125 0.0556640625 0.02392578125
0 0.46044921875 0.09912109375 0.03515625 0.02685546875
0 0.4912109375 0.1015625 0.01953125 0.021484375
0 0.5185546875 0.099609375 0.0263671875 0.029296875
0 0.55322265625 0.10009765625 0.03271484375 0.02490234375
0 0.59619140625 0.1015625 0.04296875 0.0224609375
0 0.642578125 0.1044921875 0.048828125 0.02685546875
0 0.69287109375 0.1044921875 0.0419921875 0.02685546875
0 0.73291015625 0.1015625 0.02734375 0.03076171875
0 0.77001953125 0.10107421875 0.03759765625 0.02685546875
0 0.81298828125 0.10009765625 0.03955078125 0.0234375
0 0.85693359375 0.1015625 0.04296875 0.021484375
0 0.97412109375 0.10400390625 0.03076171875 0.0224609375
0 0.37109375 0.20068359375 0.0234375 0.0419921875
0 0.40869140625 0.1982421875 0.03955078125 0.05078125
0 0.45849609375 0.197265625 0.05078125 0.052734375
0 0.505859375 0.20068359375 0.03857421875 0.0556640625
0 0.54296875 0.19970703125 0.02880859375 0.052734375
0 0.576171875 0.20263671875 0.03076171875 0.06005859375
0 0.392578125 0.30615234375 0.06640625 0.0830078125
0 0.46875 0.29931640625 0.04296875 0.068359375
0 0.5546875 0.2841796875 0.083984375 0.11328125
0 0.3779296875 0.376953125 0.037109375 0.041015625
0 0.48828125 0.3779296875 0.03076171875 0.015625
0 0.5322265625 0.380859375 0.0537109375 0.021484375
0 0.4462890625 0.82763671875 0.052734375 0.05322265625
0 0.50830078125 0.81103515625 0.05615234375 0.06640625
0 0.56787109375 0.81201171875 0.0517578125 0.07958984375