0 0.4052734375 0.1328125 0.0380859375 0.02880859375
0 0.08544921875 0.841796875 0.1708984375 0.20703125
0 0.2099609375 0.802734375 0.0419921875 0.10205078125
0 0.25830078125 0.81494140625 0.0517578125 0.09716796875
0 0.30615234375 0.79736328125 0.04345703125 0.10693359375
0 0.3447265625 0.79736328125 0.0302734375 0.09716796875
0 0.19580078125 0.89697265625 0.02001953125 0.06201171875
0 0.22509765625 0.8994140625 0.04833984375 0.0673828125
0 0.2685546875 0.89599609375 0.03857421875 0.06982421875
0 0.31982421875 0.8896484375 0.0703125 0.05712890625
0 0.01806640625 0.9814453125 0.0361328125 0.037109375
0 0.07568359375 0.97900390625 0.0791015625 0.0419921875
0 0.13916015625 0.97265625 0.0478515625 0.0546875
0 0.1904296875 0.9775390625 0.05078125 0.044921875
0 0.23193359375 0.9716796875 0.0302734375 0.056640625
0 0.2783203125 0.9716796875 0.05859375 0.056640625
0 0.32958984375 0.962890625 0.046875 0.064453125
0 0.97119140625 0.45361328125 0.0576171875 0.0478515625
0 0.9091796875 0.5 0.158203125 0.140625
0 0.802734375 0.54443359375 0.02734375 0.0478515625
0 0.83837890625 0.564453125 0.03759765625 0.04638671875
0 0.87158203125 0.578125 0.02685546875 0.037109375
0 0.89501953125 0.58935546875 0.0224609375 0.033203125
0 0.916015625 0.599609375 0.0185546875 0.03173828125
0 0.94775390625 0.6142578125 0.04541015625 0.05029296875
0 0.98193359375 0.62939453125 0.02001953125 0.03515625
0 0.9951171875 0.638671875 0.009765625 0.033203125
0 0.80224609375 0.708984375 0.02392578125 0.03515625
0 0.82373046875 0.71826171875 0.021484375 0.03173828125
0 0.85791015625 0.73486328125 0.05224609375 0.04248046875
0 0.89453125 0.7490234375 0.021484375 0.02978515625
0 0.919921875 0.75830078125 0.029296875 0.033203125
0 0.943359375 0.767578125 0.017578125 0.02587890625
0 0.9716796875 0.7783203125 0.04248046875 0.037109375
0 0.99658203125 0.79296875 0.0068359375 0.029296875
0 0.81884765625 0.83154296875 0.0361328125 0.0537109375
0 0.85498046875 0.841796875 0.03857421875 0.0595703125
0 0.9013671875 0.861328125 0.06396484375 0.06103515625
0 0.94677734375 0.8779296875 0.0322265625 0.05029296875
0 0.98095703125 0.88916015625 0.0380859375 0.0576171875
0 0.8642578125 0.9345703125 0.150390625 0.130859375
0 0.96923828125 0.96240234375 0.0615234375 0.0751953125