0 0.498046875 0.11962890625 0.29150390625 0.2265625
0 0.3271484375 0.3349609375 0.1748046875 0.21630859375
0 0.498046875 0.3515625 0.14990234375 0.19140625
0 0.66162109375 0.3681640625 0.16064453125 0.19970703125
0 0.35498046875 0.548828125 0.21044921875 0.23291015625
0 0.5966796875 0.58740234375 0.22314453125 0.21435546875
0 0.46875 0.802734375 0.3876953125 0.1748046875
0 0.08935546875 0.62158203125 0.1376953125 0.0625
0 0.00732421875 0.7265625 0.01025390625 0.02685546875
0 0.09375 0.7265625 0.16650390625 0.0478515625
0 0.14599609375 0.982421875 0.0498046875 0.02294921875
0 0.9521484375 0.1943359375 0.091796875 0.13525390625
0 0.9521484375 0.32958984375 0.08740234375 0.04345703125
0 0.84912109375 0.44482421875 0.02294921875 0.02099609375
0 0.875 0.4501953125 0.033203125 0.02685546875
0 0.90625 0.4521484375 0.033203125 0.02685546875
0 0.9375 0.45654296875 0.029296875 0.02685546875
0 0.85302734375 0.53857421875 0.03955078125 0.029296875
0 0.8916015625 0.54345703125 0.03759765625 0.02685546875
0 0.9501953125 0.546875 0.0751953125 0.033203125
0 0.99365234375 0.580078125 0.0126953125 0.02099609375
0 0.87060546875 0.62890625 0.0458984375 0.03125
0 0.91455078125 0.6318359375 0.04150390625 0.02490234375
0 0.94873046875 0.63525390625 0.02294921875 0.0185546875
0 0.97802734375 0.63916015625 0.03564453125 0.02294921875
0 0.86962890625 0.65673828125 0.0478515625 0.029296875
0 0.91552734375 0.6591796875 0.0439453125 0.02490234375
0 0.94873046875 0.6640625 0.02294921875 0.0185546875
0 0.97705078125 0.66650390625 0.03759765625 0.02294921875