0 0.08740234375 0.1201171875 0.05322265625 0.0439453125
0 0.11376953125 0.21435546875 0.2275390625 0.0986328125
0 0.06298828125 0.3076171875 0.1259765625 0.07421875
0 0.1982421875 0.302734375 0.11669921875 0.0654296875
0 0.04931640625 0.38427734375 0.0986328125 0.0458984375
0 0.17626953125 0.37451171875 0.0771484375 0.05078125
0 0.0439453125 0.4423828125 0.087890625 0.0390625
0 0.73388671875 0.09326171875 0.01025390625 0.0068359375
0 0.65576171875 0.00732421875 0.0283203125 0.0146484375
0 0.65673828125 0.0244140625 0.02392578125 0.01611328125
0 0.6630859375 0.048828125 0.0283203125 0.03173828125
0 0.6806640625 0.07958984375 0.0302734375 0.03076171875
0 0.73046875 0.26416015625 0.02099609375 0.04150390625
0 0.73193359375 0.29736328125 0.015625 0.01953125
0 0.734375 0.3291015625 0.0166015625 0.0400390625
0 0.73779296875 0.361328125 0.015625 0.02001953125
0 0.73974609375 0.39013671875 0.01953125 0.0341796875
0 0.69482421875 0.28466796875 0.0498046875 0.0830078125
0 0.7060546875 0.37255859375 0.048828125 0.0732421875
0 0.72314453125 0.4130859375 0.01171875 0.00732421875
0 0.96923828125 0.53173828125 0.0478515625 0.0146484375
0 0.69140625 0.0458984375 0.0361328125 0.03759765625
0 0.2333984375 0.6982421875 0.05029296875 0.03173828125
0 0.28662109375 0.6953125 0.05859375 0.033203125
0 0.349609375 0.6923828125 0.06494140625 0.033203125
0 0.4013671875 0.6923828125 0.03125 0.033203125
0 0.439453125 0.69580078125 0.04248046875 0.0263671875
0 0.4853515625 0.69580078125 0.04541015625 0.03173828125
0 0.3173828125 0.72216796875 0.03173828125 0.02001953125
0 0.3515625 0.72021484375 0.03564453125 0.0185546875
0 0.42919921875 0.72021484375 0.1181640625 0.021484375
0 0.51220703125 0.72216796875 0.0537109375 0.0224609375
0 0.73095703125 0.82861328125 0.19091796875 0.23046875
0 0.89306640625 0.8251953125 0.10498046875 0.23046875
0 0.97802734375 0.828125 0.0439453125 0.208984375