0 0.1279296875 0.01171875 0.255859375 0.0234375
0 0.37646484375 0.00634765625 0.1787109375 0.0126953125
0 0.7646484375 0.02099609375 0.0703125 0.0380859375
0 0.830078125 0.0205078125 0.04736328125 0.03662109375
0 0.759765625 0.08056640625 0.041015625 0.0400390625
0 0.84521484375 0.07568359375 0.115234375 0.03662109375
0 0.94482421875 0.06982421875 0.07373046875 0.044921875
0 0.78515625 0.1298828125 0.09521484375 0.03515625
0 0.7587890625 0.18896484375 0.04248046875 0.04345703125
0 0.81982421875 0.1806640625 0.06640625 0.0400390625
0 0.8896484375 0.18310546875 0.0712890625 0.0517578125
0 0.958984375 0.18310546875 0.0625 0.04150390625
0 0.75537109375 0.2392578125 0.0517578125 0.044921875
0 0.814453125 0.23828125 0.06103515625 0.03857421875
0 0.8896484375 0.23828125 0.08642578125 0.03857421875
0 0.96875 0.23681640625 0.0625 0.0400390625
0 0.8212890625 0.2880859375 0.07763671875 0.04833984375
0 0.90478515625 0.29248046875 0.0810546875 0.03662109375
0 0.79443359375 0.3466796875 0.06884765625 0.03857421875
0 0.892578125 0.345703125 0.0751953125 0.0498046875
0 0.79833984375 0.39794921875 0.06884765625 0.044921875
0 0.89697265625 0.4013671875 0.0712890625 0.044921875
0 0.3857421875 0.5146484375 0.0634765625 0.0546875
0 0.193359375 0.828125 0.2646484375 0.04052734375
0 0.3310546875 0.822265625 0.013671875 0.01025390625
0 0.572265625 0.837890625 0.27294921875 0.04443359375
0 0.29248046875 0.923828125 0.07470703125 0.0703125
0 0.294921875 0.9853515625 0.123046875 0.029296875
0 0.6708984375 0.93359375 0.08203125 0.0732421875
0 0.673828125 0.98974609375 0.111328125 0.0205078125
0 0.73779296875 0.515625 0.0166015625 0.087890625
0 0.74462890625 0.9033203125 0.0302734375 0.125
0 0.84130859375 0.51318359375 0.0537109375 0.08984375
0 0.9072265625 0.54345703125 0.0703125 0.10302734375
0 0.97265625 0.5673828125 0.0546875 0.091796875
0 0.85107421875 0.70166015625 0.0537109375 0.078125
0 0.923828125 0.71435546875 0.072265625 0.09130859375
0 0.98291015625 0.7255859375 0.0283203125 0.07421875
0 0.861328125 0.9033203125 0.056640625 0.078125
0 0.93212890625 0.8896484375 0.0595703125 0.08984375