0 0.39697265625 0.0556640625 0.0947265625 0.111328125
0 0.49609375 0.0546875 0.103515625 0.109375
0 0.59326171875 0.0546875 0.0830078125 0.109375
0 0.669921875 0.05810546875 0.07421875 0.1162109375
0 0.43994140625 0.15185546875 0.08251953125 0.0634765625
0 0.50732421875 0.1494140625 0.052734375 0.05517578125
0 0.56591796875 0.1494140625 0.06494140625 0.05517578125
0 0.6171875 0.15185546875 0.0400390625 0.04345703125
0 0.6630859375 0.15087890625 0.05126953125 0.0615234375
0 0.4072265625 0.234375 0.10009765625 0.0849609375
0 0.47412109375 0.24658203125 0.03125 0.02685546875
0 0.533203125 0.22998046875 0.07373046875 0.080078125
0 0.58740234375 0.2431640625 0.02490234375 0.0234375
0 0.66845703125 0.22998046875 0.1298828125 0.0732421875
0 0.3935546875 0.33251953125 0.072265625 0.0849609375
0 0.50439453125 0.32568359375 0.13623046875 0.08154296875
0 0.61865234375 0.3251953125 0.09228515625 0.06982421875
0 0.70556640625 0.32177734375 0.07373046875 0.080078125
0 0.404296875 0.419921875 0.076171875 0.0634765625
0 0.48876953125 0.4150390625 0.08251953125 0.07666015625
0 0.57861328125 0.421875 0.08984375 0.0732421875
0 0.68505859375 0.408203125 0.107421875 0.07666015625
0 0.4072265625 0.49560546875 0.08984375 0.068359375
0 0.49072265625 0.4931640625 0.06396484375 0.06689453125
0 0.5390625 0.50439453125 0.021484375 0.02490234375
0 0.5869140625 0.4931640625 0.0712890625 0.06689453125
0 0.685546875 0.49169921875 0.11376953125 0.06689453125
0 0.4248046875 0.5673828125 0.0849609375 0.05517578125
0 0.6044921875 0.5634765625 0.26123046875 0.0634765625
0 0.38671875 0.61279296875 0.03125 0.0126953125
0 0.41748046875 0.61181640625 0.0283203125 0.0146484375
0 0.44580078125 0.61181640625 0.0244140625 0.0146484375
0 0.48388671875 0.61083984375 0.0517578125 0.0166015625
0 0.51953125 0.61083984375 0.017578125 0.0166015625
0 0.56396484375 0.6103515625 0.0634765625 0.017578125
0 0.60595703125 0.609375 0.0126953125 0.01953125
0 0.61767578125 0.6162109375 0.0107421875 0.005859375
0 0.6376953125 0.6083984375 0.03125 0.021484375
0 0.67578125 0.60693359375 0.044921875 0.0244140625
0 0.72119140625 0.60693359375 0.0458984375 0.0244140625
0 0.0693359375 0.9580078125 0.01171875 0.03076171875
0 0.54248046875 0.642578125 0.4052734375 0.046875
0 0.869140625 0.6455078125 0.201171875 0.052734375
0 0.34521484375 0.6953125 0.0107421875 0.046875
0 0.37548828125 0.7001953125 0.04638671875 0.0400390625
0 0.4208984375 0.69873046875 0.03759765625 0.04345703125
0 0.443359375 0.70458984375 0.0126953125 0.01513671875
0 0.46044921875 0.69921875 0.03125 0.04150390625
0 0.49658203125 0.70703125 0.03369140625 0.0498046875
0 0.5322265625 0.70361328125 0.03515625 0.04345703125
0 0.55615234375 0.7099609375 0.00732421875 0.01318359375
0 0.5859375 0.70947265625 0.05517578125 0.044921875
0 0.6416015625 0.7099609375 0.04638671875 0.03662109375
0 0.68017578125 0.70947265625 0.0263671875 0.03857421875
0 0.69970703125 0.71435546875 0.009765625 0.01513671875
0 0.72119140625 0.7099609375 0.04248046875 0.0400390625
0 0.76708984375 0.71337890625 0.0400390625 0.033203125
0 0.81103515625 0.716796875 0.044921875 0.03662109375
0 0.9013671875 0.72119140625 0.02392578125 0.03173828125
0 0.94140625 0.72265625 0.0439453125 0.03173828125
0 0.98486328125 0.7236328125 0.0302734375 0.033203125
0 0.39404296875 0.97900390625 0.1083984375 0.0419921875