0 0.37255859375 0.57080078125 0.033203125 0.0400390625
0 0.3798828125 0.53857421875 0.02392578125 0.01806640625
0 0.380859375 0.5166015625 0.02978515625 0.01953125
0 0.38720703125 0.486328125 0.03173828125 0.03515625
0 0.39306640625 0.45361328125 0.03125 0.02734375
0 0.3994140625 0.42919921875 0.02392578125 0.017578125
0 0.40625 0.396484375 0.02734375 0.04736328125
0 0.416015625 0.359375 0.025390625 0.0224609375
0 0.41552734375 0.3310546875 0.029296875 0.029296875
0 0.419921875 0.30712890625 0.02392578125 0.01513671875
0 0.42626953125 0.28857421875 0.025390625 0.02294921875
0 0.4287109375 0.26513671875 0.0263671875 0.0224609375
0 0.43212890625 0.24462890625 0.02490234375 0.01513671875
0 0.48779296875 0.458984375 0.0966796875 0.09326171875
0 0.5029296875 0.34765625 0.09033203125 0.10693359375
0 0.58935546875 0.47314453125 0.0751953125 0.17822265625
0 0.59765625 0.314453125 0.06640625 0.12158203125
0 0.72265625 0.4677734375 0.0224609375 0.02294921875
0 0.716796875 0.4423828125 0.02392578125 0.0234375
0 0.71923828125 0.412109375 0.01806640625 0.03076171875
0 0.71826171875 0.3818359375 0.0185546875 0.02392578125
0 0.7177734375 0.345703125 0.0185546875 0.04443359375
0 0.7451171875 0.50927734375 0.02587890625 0.01904296875
0 0.74755859375 0.4931640625 0.02001953125 0.00732421875
0 0.7451171875 0.46435546875 0.0224609375 0.0419921875
0 0.744140625 0.42724609375 0.0263671875 0.02734375
0 0.74365234375 0.40087890625 0.01806640625 0.01904296875
0 0.74072265625 0.38037109375 0.02197265625 0.01513671875
0 0.74169921875 0.35107421875 0.02197265625 0.04150390625
0 0.73828125 0.3212890625 0.02099609375 0.015625
0 0.73974609375 0.30322265625 0.0263671875 0.01904296875
0 0.7763671875 0.43505859375 0.0205078125 0.02978515625
0 0.77294921875 0.38427734375 0.0205078125 0.06689453125