0 0.12841796875 0.14892578125 0.056640625 0.03271484375
0 0.173828125 0.150390625 0.02880859375 0.0263671875
0 0.20361328125 0.150390625 0.02734375 0.0263671875
0 0.23974609375 0.14697265625 0.0419921875 0.03271484375
0 0.2783203125 0.1513671875 0.03173828125 0.0283203125
0 0.30322265625 0.15234375 0.017578125 0.0263671875
0 0.15869140625 0.1806640625 0.033203125 0.0263671875
0 0.22314453125 0.181640625 0.0927734375 0.0283203125
0 0.17626953125 0.2451171875 0.09423828125 0.04150390625
0 0.255859375 0.2470703125 0.056640625 0.04150390625
0 0.11669921875 0.32763671875 0.05078125 0.03271484375
0 0.1611328125 0.3291015625 0.03466796875 0.0302734375
0 0.203125 0.32470703125 0.04638671875 0.0302734375
0 0.24560546875 0.330078125 0.0361328125 0.03271484375
0 0.29443359375 0.330078125 0.05517578125 0.0283203125
0 0.11962890625 0.357421875 0.0419921875 0.0302734375
0 0.1708984375 0.357421875 0.06103515625 0.0302734375
0 0.2216796875 0.35595703125 0.04052734375 0.03271484375
0 0.279296875 0.3603515625 0.07080078125 0.0283203125
0 0.13037109375 0.3876953125 0.04052734375 0.0302734375
0 0.18212890625 0.3876953125 0.0595703125 0.0302734375
0 0.2373046875 0.388671875 0.044921875 0.03271484375
0 0.2822265625 0.388671875 0.044921875 0.03271484375
0 0.14794921875 0.42236328125 0.06103515625 0.0263671875
0 0.20361328125 0.42138671875 0.044921875 0.037109375
0 0.26220703125 0.42041015625 0.072265625 0.0302734375
0 0.17919921875 0.45068359375 0.07373046875 0.0302734375
0 0.244140625 0.4521484375 0.0537109375 0.03271484375
0 0.45068359375 0.33349609375 0.1982421875 0.0830078125
0 0.80517578125 0.16796875 0.02880859375 0.0322265625
0 0.83203125 0.1689453125 0.02294921875 0.03076171875
0 0.8525390625 0.169921875 0.01611328125 0.03076171875
0 0.8759765625 0.1689453125 0.03076171875 0.033203125
0 0.904296875 0.1708984375 0.02490234375 0.0322265625
0 0.93408203125 0.17431640625 0.033203125 0.0361328125
0 0.96044921875 0.17138671875 0.02001953125 0.033203125
0 0.81005859375 0.20556640625 0.01904296875 0.02685546875
0 0.837890625 0.20458984375 0.03515625 0.0361328125
0 0.8681640625 0.2080078125 0.02294921875 0.0322265625
0 0.896484375 0.208984375 0.0341796875 0.03076171875
0 0.9296875 0.20947265625 0.02978515625 0.0322265625
0 0.95263671875 0.2099609375 0.01611328125 0.03076171875
0 0.806640625 0.24072265625 0.0380859375 0.0361328125
0 0.8349609375 0.2421875 0.01904296875 0.0361328125
0 0.85595703125 0.24365234375 0.02294921875 0.0361328125
0 0.88427734375 0.244140625 0.03076171875 0.03466796875
0 0.90771484375 0.24609375 0.01611328125 0.03076171875
0 0.92919921875 0.248046875 0.02490234375 0.0322265625
0 0.27978515625 0.53662109375 0.0869140625 0.0537109375
0 0.0927734375 0.80078125 0.185546875 0.15625
0 0.751953125 0.7861328125 0.00732421875 0.009765625
0 0.7587890625 0.78564453125 0.00830078125 0.00927734375