0 0.2119140625 0.025390625 0.240234375 0.05078125
0 0.0439453125 0.1328125 0.087890625 0.173828125
0 0.27294921875 0.1357421875 0.361328125 0.1767578125
0 0.26513671875 0.3544921875 0.5302734375 0.08984375
0 0.81591796875 0.03955078125 0.01806640625 0.0341796875
0 0.8466796875 0.05419921875 0.04345703125 0.09130859375
0 0.896484375 0.052734375 0.056640625 0.10009765625
0 0.9443359375 0.0595703125 0.02978515625 0.0859375
0 0.9794921875 0.056640625 0.041015625 0.091796875
0 0.814453125 0.142578125 0.01513671875 0.0400390625
0 0.84814453125 0.15966796875 0.04931640625 0.09716796875
0 0.90283203125 0.16845703125 0.0625 0.09130859375
0 0.96533203125 0.17822265625 0.0693359375 0.0830078125
0 0.81005859375 0.2568359375 0.01513671875 0.0400390625
0 0.84814453125 0.27099609375 0.05810546875 0.09716796875
0 0.8974609375 0.2841796875 0.04931640625 0.0830078125
0 0.93798828125 0.28125 0.03125 0.10009765625
0 0.96826171875 0.2939453125 0.03271484375 0.080078125
0 0.99072265625 0.3056640625 0.01513671875 0.02880859375
0 0.82080078125 0.37646484375 0.0478515625 0.0458984375
0 0.86865234375 0.37939453125 0.0458984375 0.0400390625
0 0.939453125 0.37939453125 0.087890625 0.0400390625
0 0.70263671875 0.1484375 0.056640625 0.05126953125
0 0.71240234375 0.265625 0.087890625 0.09130859375
0 0.771484375 0.26416015625 0.02978515625 0.06591796875
0 0.76611328125 0.078125 0.037109375 0.06005859375
0 0.7080078125 0.3525390625 0.04052734375 0.05419921875
0 0.12548828125 0.57763671875 0.0966796875 0.0712890625
0 0.24658203125 0.56005859375 0.13427734375 0.0712890625
0 0.384765625 0.54736328125 0.13330078125 0.0712890625
0 0.55322265625 0.52392578125 0.1923828125 0.0888671875
0 0.09716796875 0.69287109375 0.1943359375 0.1669921875
0 0.2568359375 0.67138671875 0.1552734375 0.16357421875
0 0.47705078125 0.66015625 0.2568359375 0.15380859375
0 0.009765625 0.82177734375 0.01953125 0.0556640625
0 0.0859375 0.81591796875 0.15380859375 0.068359375
0 0.23095703125 0.8037109375 0.13671875 0.07958984375
0 0.966796875 0.5986328125 0.06640625 0.19140625
0 0.9658203125 0.71435546875 0.068359375 0.1201171875
0 0.970703125 0.86669921875 0.05859375 0.1083984375
0 0.98095703125 0.9580078125 0.0380859375 0.083984375