0 0.33935546875 0.384765625 0.2578125 0.111328125
0 0.3486328125 0.47216796875 0.4375 0.0751953125
0 0.63818359375 0.0810546875 0.0166015625 0.015625
0 0.7314453125 0.08154296875 0.1513671875 0.05517578125
0 0.87841796875 0.08837890625 0.125 0.044921875
0 0.9755859375 0.09130859375 0.048828125 0.0556640625
0 0.78271484375 0.1982421875 0.3056640625 0.181640625
0 0.646484375 0.31884765625 0.033203125 0.0361328125
0 0.74169921875 0.32080078125 0.111328125 0.0400390625
0 0.8134765625 0.3232421875 0.02001953125 0.03173828125
0 0.90234375 0.3203125 0.1123046875 0.03857421875
0 0.98291015625 0.322265625 0.0341796875 0.033203125
0 0.6787109375 0.4189453125 0.09765625 0.056640625
0 0.78466796875 0.4208984375 0.08740234375 0.05322265625
0 0.8896484375 0.41943359375 0.09521484375 0.06005859375
0 0.974609375 0.42529296875 0.05078125 0.0439453125
0 0.65185546875 0.48681640625 0.0439453125 0.0458984375
0 0.72216796875 0.48681640625 0.0791015625 0.0458984375
0 0.83154296875 0.4853515625 0.1201171875 0.048828125
0 0.94482421875 0.4892578125 0.0888671875 0.041015625
0 0.017578125 0.7646484375 0.03515625 0.0234375
0 0.0703125 0.76611328125 0.06884765625 0.0283203125
0 0.12451171875 0.767578125 0.03759765625 0.02490234375
0 0.1513671875 0.77099609375 0.0087890625 0.00830078125
0 0.17041015625 0.76953125 0.0263671875 0.02490234375
0 0.19091796875 0.77099609375 0.009765625 0.00830078125
0 0.22412109375 0.77099609375 0.05126953125 0.02490234375
0 0.18798828125 0.580078125 0.10888671875 0.056640625
0 0.26904296875 0.5859375 0.05615234375 0.0517578125
0 0.33544921875 0.58544921875 0.076171875 0.05322265625
0 0.4228515625 0.5888671875 0.09619140625 0.05322265625
0 0.095703125 0.662109375 0.17236328125 0.12646484375
0 0.2734375 0.6787109375 0.1650390625 0.13671875
0 0.48486328125 0.6787109375 0.23486328125 0.12353515625
0 0.3330078125 0.77197265625 0.0361328125 0.0234375
0 0.4150390625 0.77197265625 0.12353515625 0.0234375
0 0.4833984375 0.7734375 0.009765625 0.009765625
0 0.6416015625 0.54638671875 0.0234375 0.0732421875
0 0.70263671875 0.54541015625 0.0986328125 0.0712890625
0 0.8095703125 0.53564453125 0.10546875 0.0517578125
0 0.9345703125 0.53173828125 0.130859375 0.0439453125
0 0.71875 0.65478515625 0.10400390625 0.1083984375
0 0.84912109375 0.65283203125 0.14599609375 0.1162109375
0 0.96142578125 0.64013671875 0.05419921875 0.09130859375
0 0.70361328125 0.767578125 0.1474609375 0.060546875
0 0.79296875 0.77294921875 0.04443359375 0.05810546875
0 0.88818359375 0.77587890625 0.1484375 0.06787109375
0 0.9794921875 0.7802734375 0.041015625 0.06640625
0 0.9580078125 0.896484375 0.083984375 0.0546875
0 0.8603515625 0.88525390625 0.0849609375 0.05419921875
0 0.783203125 0.88720703125 0.06689453125 0.05419921875
0 0.7109375 0.87548828125 0.0751953125 0.04638671875
0 0.65234375 0.8671875 0.044921875 0.046875