0 0.40869140625 0.15966796875 0.1279296875 0.087890625
0 0.5458984375 0.16015625 0.126953125 0.0859375
0 0.17578125 0.314453125 0.072265625 0.0703125
0 0.26123046875 0.306640625 0.0830078125 0.0859375
0 0.3515625 0.3076171875 0.083984375 0.083984375
0 0.4560546875 0.31591796875 0.11328125 0.0673828125
0 0.576171875 0.306640625 0.06640625 0.076171875
0 0.05224609375 0.3740234375 0.1044921875 0.048828125
0 0.25048828125 0.3681640625 0.2353515625 0.037109375
0 0.146484375 0.40478515625 0.080078125 0.0322265625
0 0.0361328125 0.45654296875 0.07080078125 0.0302734375
0 0.17236328125 0.4501953125 0.18212890625 0.03466796875
0 0.3388671875 0.4501953125 0.1328125 0.0322265625
0 0.20458984375 0.5146484375 0.4091796875 0.068359375
0 0.07080078125 0.59130859375 0.1416015625 0.0361328125
0 0.22705078125 0.59033203125 0.1728515625 0.03564453125
0 0.09765625 0.65234375 0.1953125 0.06640625
0 0.30224609375 0.6533203125 0.2138671875 0.06494140625
0 0.1591796875 0.72412109375 0.205078125 0.078125
0 0.1513671875 0.78076171875 0.10791015625 0.0263671875
0 0.06982421875 0.82177734375 0.1396484375 0.0537109375
0 0.25146484375 0.82470703125 0.2021484375 0.0517578125