0 0.08544921875 0.10986328125 0.1484375 0.0537109375
0 0.21923828125 0.11328125 0.0859375 0.05078125
0 0.376953125 0.1279296875 0.091796875 0.1162109375
0 0.23095703125 0.2666015625 0.40087890625 0.240234375
0 0.00732421875 0.41259765625 0.0146484375 0.0263671875
0 0.0517578125 0.41357421875 0.06884765625 0.0244140625
0 0.109375 0.4111328125 0.0390625 0.029296875
0 0.14404296875 0.4111328125 0.02587890625 0.03271484375
0 0.19091796875 0.41064453125 0.0625 0.0341796875
0 0.2568359375 0.4111328125 0.06494140625 0.03271484375
0 0.3173828125 0.40966796875 0.0537109375 0.0361328125
0 0.0126953125 0.45263671875 0.025390625 0.0244140625
0 0.0556640625 0.4462890625 0.052734375 0.03759765625
0 0.10009765625 0.45703125 0.03564453125 0.029296875
0 0.15087890625 0.4521484375 0.06103515625 0.029296875
0 0.02294921875 0.48583984375 0.033203125 0.03125
0 0.13623046875 0.486328125 0.14697265625 0.0263671875
0 0.31884765625 0.486328125 0.13720703125 0.02294921875
0 0.0810546875 0.52490234375 0.06396484375 0.021484375
0 0.138671875 0.5234375 0.0439453125 0.02783203125
0 0.18310546875 0.52001953125 0.0478515625 0.03125
0 0.228515625 0.5224609375 0.04541015625 0.0263671875
0 0.28076171875 0.52587890625 0.0537109375 0.02294921875
0 0.3212890625 0.5263671875 0.029296875 0.021484375
0 0.39892578125 0.52734375 0.1162109375 0.02294921875
0 0.01318359375 0.52587890625 0.01611328125 0.02294921875
0 0.57177734375 0.09814453125 0.03564453125 0.025390625
0 0.5712890625 0.12060546875 0.03857421875 0.02392578125
0 0.57080078125 0.23388671875 0.04345703125 0.04443359375
0 0.572265625 0.27294921875 0.03857421875 0.02294921875
0 0.57373046875 0.2998046875 0.04150390625 0.02294921875
0 0.80322265625 0.13427734375 0.0673828125 0.0341796875
0 0.86572265625 0.1357421875 0.01611328125 0.05029296875
0 0.814453125 0.19140625 0.04736328125 0.048828125
0 0.814453125 0.2294921875 0.04931640625 0.025390625
0 0.81689453125 0.2578125 0.04833984375 0.025390625
0 0.99072265625 0.18603515625 0.01611328125 0.0166015625
0 0.98095703125 0.29638671875 0.01318359375 0.044921875
0 0.9814453125 0.26416015625 0.01025390625 0.03076171875
0 0.990234375 0.23974609375 0.01953125 0.0400390625
0 0.98876953125 0.337890625 0.01708984375 0.02880859375
0 0.9970703125 0.3486328125 0.005859375 0.01953125
0 0.63916015625 0.380859375 0.06103515625 0.1875
0 0.7236328125 0.458984375 0.08349609375 0.11865234375
0 0.806640625 0.34375 0.0673828125 0.12939453125
0 0.11083984375 0.65234375 0.1513671875 0.06640625