0 0.0390625 0.177734375 0.02392578125 0.04052734375
0 0.08642578125 0.20263671875 0.044921875 0.05810546875
0 0.15380859375 0.234375 0.05810546875 0.076171875
0 0.23291015625 0.271484375 0.05810546875 0.07958984375
0 0.47607421875 0.04345703125 0.0322265625 0.0576171875
0 0.51904296875 0.0439453125 0.03076171875 0.05810546875
0 0.5771484375 0.03857421875 0.06982421875 0.068359375
0 0.6552734375 0.052734375 0.068359375 0.06982421875
0 0.720703125 0.03955078125 0.0458984375 0.0791015625
0 0.791015625 0.04248046875 0.0849609375 0.0849609375
0 0.86962890625 0.04931640625 0.056640625 0.0625
0 0.470703125 0.123046875 0.021484375 0.07421875
0 0.52001953125 0.13037109375 0.06103515625 0.0849609375
0 0.583984375 0.13134765625 0.052734375 0.08642578125
0 0.6533203125 0.125 0.06591796875 0.07177734375
0 0.72607421875 0.12744140625 0.0634765625 0.0732421875
0 0.7978515625 0.134765625 0.068359375 0.0849609375
0 0.87841796875 0.1357421875 0.07421875 0.0595703125
0 0.6826171875 0.220703125 0.015625 0.02099609375
0 0.646484375 0.216796875 0.0126953125 0.025390625
0 0.70361328125 0.2177734375 0.021484375 0.02685546875
0 0.09521484375 0.79833984375 0.0244140625 0.041015625
0 0.96826171875 0.5439453125 0.05908203125 0.0361328125
0 0.9306640625 0.60498046875 0.138671875 0.0869140625
0 0.931640625 0.68212890625 0.05322265625 0.03271484375
0 0.97998046875 0.68310546875 0.0400390625 0.0302734375
0 0.52734375 0.98828125 0.046875 0.01806640625