0 0.37939453125 0.03662109375 0.0595703125 0.0380859375
0 0.39892578125 0.0849609375 0.0205078125 0.037109375
0 0.87841796875 0.107421875 0.05419921875 0.0703125
0 0.95458984375 0.111328125 0.08935546875 0.0703125
0 0.8544921875 0.18505859375 0.064453125 0.06298828125
0 0.90966796875 0.181640625 0.04150390625 0.06298828125
0 0.96630859375 0.18505859375 0.0673828125 0.0556640625
0 0.89111328125 0.25732421875 0.04150390625 0.0517578125
0 0.9306640625 0.26123046875 0.02490234375 0.0517578125
0 0.9638671875 0.26318359375 0.03759765625 0.04833984375
0 0.85546875 0.32763671875 0.033203125 0.05908203125
0 0.89208984375 0.33349609375 0.03125 0.0556640625
0 0.93359375 0.33154296875 0.0439453125 0.05908203125
0 0.02490234375 0.6181640625 0.0498046875 0.072265625
0 0.09130859375 0.60498046875 0.0703125 0.0712890625
0 0.0703125 0.6865234375 0.10400390625 0.0771484375