0 0.396484375 0.16064453125 0.1142578125 0.07568359375
0 0.54296875 0.16796875 0.1357421875 0.07568359375
0 0.78173828125 0.17919921875 0.2939453125 0.08740234375
0 0.56591796875 0.24365234375 0.14453125 0.07177734375
0 0.70458984375 0.24365234375 0.11572265625 0.0537109375
0 0.5537109375 0.32666015625 0.0498046875 0.03662109375
0 0.595703125 0.3330078125 0.0263671875 0.0361328125
0 0.6259765625 0.32958984375 0.0283203125 0.03466796875
0 0.66748046875 0.333984375 0.0478515625 0.0302734375
0 0.7109375 0.333984375 0.03173828125 0.0341796875
0 0.560546875 0.36669921875 0.06396484375 0.0234375
0 0.63427734375 0.3701171875 0.0703125 0.02294921875
0 0.70166015625 0.373046875 0.0498046875 0.021484375
0 0.44873046875 0.41748046875 0.0244140625 0.00732421875
0 0.43798828125 0.4267578125 0.02392578125 0.00830078125
0 0.4560546875 0.42724609375 0.0146484375 0.00830078125
0 0.466796875 0.42724609375 0.0107421875 0.0078125
0 0.47705078125 0.4287109375 0.01416015625 0.0087890625
0 0.5322265625 0.4072265625 0.01220703125 0.01318359375
0 0.54541015625 0.4072265625 0.015625 0.0126953125
0 0.5673828125 0.4091796875 0.02880859375 0.0107421875
0 0.58935546875 0.4091796875 0.0146484375 0.01220703125
0 0.6005859375 0.41015625 0.0068359375 0.009765625
0 0.6083984375 0.40869140625 0.0087890625 0.01416015625
0 0.61962890625 0.40966796875 0.01513671875 0.01318359375
0 0.63330078125 0.41162109375 0.01171875 0.0146484375
0 0.6435546875 0.41064453125 0.0087890625 0.0126953125
0 0.6572265625 0.4111328125 0.01904296875 0.0126953125
0 0.6728515625 0.41064453125 0.0107421875 0.01416015625
0 0.68212890625 0.412109375 0.0087890625 0.01123046875
0 0.69140625 0.41357421875 0.0107421875 0.0146484375
0 0.7001953125 0.412109375 0.0078125 0.013671875
0 0.71142578125 0.41357421875 0.01416015625 0.0126953125
0 0.724609375 0.41357421875 0.01171875 0.0126953125
0 0.734375 0.41357421875 0.0068359375 0.01220703125
0 0.7431640625 0.41455078125 0.0107421875 0.01318359375
0 0.75341796875 0.4140625 0.01025390625 0.013671875
0 0.76611328125 0.41552734375 0.0146484375 0.01123046875
0 0.77685546875 0.4150390625 0.00830078125 0.0126953125
0 0.7861328125 0.41650390625 0.01171875 0.01220703125
0 0.5107421875 0.4228515625 0.025390625 0.01123046875
0 0.5400390625 0.4248046875 0.0341796875 0.01318359375
0 0.5830078125 0.42578125 0.05224609375 0.01513671875
0 0.634765625 0.427734375 0.0498046875 0.01318359375
0 0.6640625 0.4287109375 0.0087890625 0.013671875
0 0.6748046875 0.427734375 0.0107421875 0.013671875
0 0.6865234375 0.427734375 0.01171875 0.01318359375
0 0.697265625 0.43017578125 0.0087890625 0.01220703125
0 0.7080078125 0.42822265625 0.0107421875 0.01318359375
0 0.72021484375 0.42822265625 0.01416015625 0.0146484375
0 0.73388671875 0.4296875 0.01123046875 0.0126953125
0 0.744140625 0.4306640625 0.0087890625 0.01416015625
0 0.75390625 0.4306640625 0.01123046875 0.01318359375
0 0.7646484375 0.4326171875 0.01025390625 0.01318359375
0 0.77294921875 0.43115234375 0.0068359375 0.013671875
0 0.7822265625 0.431640625 0.0107421875 0.01318359375
0 0.79150390625 0.431640625 0.00732421875 0.0126953125
0 0.80078125 0.43212890625 0.0107421875 0.013671875
0 0.8125 0.431640625 0.0126953125 0.0146484375
0 0.541015625 0.43994140625 0.01513671875 0.01416015625
0 0.55810546875 0.43994140625 0.017578125 0.01318359375
0 0.5732421875 0.439453125 0.0107421875 0.0146484375
0 0.5849609375 0.43994140625 0.01220703125 0.01416015625
0 0.6005859375 0.44091796875 0.01708984375 0.013671875
0 0.6142578125 0.4423828125 0.00927734375 0.0107421875
0 0.6240234375 0.44287109375 0.00927734375 0.01123046875
0 0.63427734375 0.44189453125 0.01171875 0.01416015625
0 0.6455078125 0.443359375 0.01025390625 0.0107421875
0 0.65673828125 0.44287109375 0.01220703125 0.01318359375
0 0.6669921875 0.4443359375 0.00732421875 0.01416015625
0 0.6787109375 0.443359375 0.0146484375 0.015625
0 0.6904296875 0.4443359375 0.01025390625 0.013671875
0 0.70361328125 0.44482421875 0.01611328125 0.0126953125
0 0.7177734375 0.44482421875 0.01123046875 0.01318359375
0 0.73291015625 0.44580078125 0.01806640625 0.01416015625
0 0.75 0.4462890625 0.0166015625 0.013671875
0 0.77197265625 0.4482421875 0.0263671875 0.01123046875
0 0.572265625 0.455078125 0.0146484375 0.01513671875
0 0.5859375 0.45458984375 0.01220703125 0.01318359375
0 0.5966796875 0.45556640625 0.0068359375 0.01513671875
0 0.607421875 0.45654296875 0.01416015625 0.01416015625
0 0.62109375 0.455078125 0.01220703125 0.01416015625
0 0.63330078125 0.45703125 0.01171875 0.01318359375
0 0.642578125 0.45556640625 0.00830078125 0.0146484375
0 0.6533203125 0.4580078125 0.013671875 0.0146484375
0 0.6689453125 0.458984375 0.0166015625 0.01318359375
0 0.69677734375 0.4599609375 0.03759765625 0.013671875
0 0.73486328125 0.4599609375 0.03857421875 0.013671875
0 0.19580078125 0.56103515625 0.017578125 0.01318359375
0 0.21484375 0.5615234375 0.02099609375 0.013671875
0 0.23193359375 0.56201171875 0.01318359375 0.013671875
0 0.19287109375 0.57470703125 0.0126953125 0.0126953125
0 0.201171875 0.57568359375 0.00732421875 0.013671875
0 0.2080078125 0.57568359375 0.00634765625 0.0107421875
0 0.21484375 0.5771484375 0.0087890625 0.01220703125
0 0.22265625 0.57666015625 0.0068359375 0.009765625
0 0.2314453125 0.576171875 0.0107421875 0.0126953125
0 0.00341796875 0.7138671875 0.00634765625 0.017578125
0 0.0068359375 0.73193359375 0.0126953125 0.0224609375
0 0.3251953125 0.7802734375 0.015625 0.01220703125
0 0.56640625 0.6875 0.0166015625 0.00732421875
0 0.7158203125 0.75732421875 0.0205078125 0.01318359375
0 0.77099609375 0.7001953125 0.03271484375 0.0498046875
0 0.80908203125 0.69775390625 0.03076171875 0.0537109375
0 0.7900390625 0.72509765625 0.0263671875 0.01611328125
0 0.7841796875 0.740234375 0.02587890625 0.01513671875
0 0.8046875 0.74072265625 0.01416015625 0.015625
0 0.8740234375 0.677734375 0.01953125 0.03857421875
0 0.88720703125 0.66357421875 0.0146484375 0.0146484375
0 0.90185546875 0.662109375 0.0146484375 0.01416015625
0 0.91455078125 0.66650390625 0.01318359375 0.01611328125
0 0.923828125 0.68310546875 0.01611328125 0.02783203125
0 0.89013671875 0.68701171875 0.0126953125 0.01513671875
0 0.9052734375 0.68896484375 0.015625 0.01611328125
0 0.7841796875 0.53466796875 0.00537109375 0.00537109375
0 0.79248046875 0.53564453125 0.0107421875 0.00537109375
0 0.8037109375 0.53662109375 0.0107421875 0.00634765625
0 0.8125 0.5361328125 0.0068359375 0.005859375
0 0.7919921875 0.54052734375 0.0146484375 0.0048828125
0 0.80419921875 0.541015625 0.0068359375 0.00341796875
0 0.81103515625 0.541015625 0.0029296875 0.0029296875
0 0.7880859375 0.5439453125 0.005859375 0.0029296875
0 0.79541015625 0.5439453125 0.0068359375 0.00439453125
0 0.8056640625 0.54443359375 0.01318359375 0.005859375