0 0.3740234375 0.453125 0.056640625 0.046875
0 0.42431640625 0.44873046875 0.0341796875 0.03515625
0 0.4638671875 0.44873046875 0.041015625 0.0322265625
0 0.5068359375 0.44873046875 0.037109375 0.03515625
0 0.55419921875 0.44873046875 0.0537109375 0.041015625
0 0.4501953125 0.5537109375 0.13671875 0.15380859375
0 0.39892578125 0.66650390625 0.0947265625 0.05712890625
0 0.4716796875 0.6728515625 0.072265625 0.064453125
0 0.54541015625 0.6669921875 0.0595703125 0.0556640625
0 0.4033203125 0.73388671875 0.056640625 0.04248046875
0 0.45654296875 0.7353515625 0.0498046875 0.03662109375