0 0.18212890625 0.01611328125 0.1357421875 0.0322265625
0 0.412109375 0.021484375 0.296875 0.04296875
0 0.67138671875 0.0244140625 0.1962890625 0.048828125
0 0.40087890625 0.1240234375 0.27587890625 0.138671875
0 0.62109375 0.1416015625 0.13525390625 0.10986328125
0 0.24560546875 0.2666015625 0.2177734375 0.12939453125
0 0.466796875 0.2763671875 0.21142578125 0.1181640625
0 0.93408203125 0.03125 0.1318359375 0.0625
0 0.8828125 0.17431640625 0.0302734375 0.07373046875
0 0.93994140625 0.16748046875 0.0341796875 0.0654296875
0 0.7900390625 0.34375 0.041015625 0.115234375
0 0.90283203125 0.3447265625 0.1396484375 0.12890625
0 0.1240234375 0.4931640625 0.140625 0.16796875
0 0.21630859375 0.53466796875 0.0361328125 0.05859375
0 0.35302734375 0.49169921875 0.2216796875 0.1650390625
0 0.5849609375 0.48486328125 0.169921875 0.1513671875
0 0.77783203125 0.447265625 0.0166015625 0.0390625
0 0.80712890625 0.4482421875 0.046875 0.03759765625
0 0.88525390625 0.5341796875 0.2294921875 0.125
0 0.78173828125 0.64306640625 0.0244140625 0.0341796875
0 0.8369140625 0.6435546875 0.0908203125 0.03759765625
0 0.82373046875 0.7373046875 0.07958984375 0.04052734375
0 0.896484375 0.7412109375 0.078125 0.0361328125