0 0.04736328125 0.20751953125 0.0947265625 0.2841796875
0 0.17578125 0.25830078125 0.11669921875 0.2841796875
0 0.345703125 0.197265625 0.1767578125 0.32470703125
0 0.55224609375 0.22998046875 0.1953125 0.279296875
0 0.02587890625 0.4599609375 0.0517578125 0.099609375
0 0.11572265625 0.46484375 0.0732421875 0.08984375
0 0.23828125 0.48291015625 0.1484375 0.0537109375
0 0.41162109375 0.4599609375 0.1220703125 0.099609375
0 0.50390625 0.48779296875 0.04296875 0.0439453125
0 0.583984375 0.47265625 0.09375 0.07421875
0 0.826171875 0.3662109375 0.0126953125 0.01806640625
0 0.97998046875 0.45703125 0.01123046875 0.01611328125
0 0.96240234375 0.46533203125 0.017578125 0.02001953125
0 0.98486328125 0.26513671875 0.0244140625 0.02783203125
0 0.99755859375 0.26123046875 0.0048828125 0.0322265625
0 0.99462890625 0.28857421875 0.0107421875 0.0244140625
0 0.9951171875 0.31689453125 0.009765625 0.0244140625
0 0.970703125 0.029296875 0.05859375 0.05859375
0 0.9560546875 0.08544921875 0.02099609375 0.087890625
0 0.98291015625 0.1015625 0.0341796875 0.109375
0 0.39404296875 0.69140625 0.36669921875 0.19482421875
0 0.37841796875 0.83740234375 0.32177734375 0.19140625
0 0.3720703125 0.95947265625 0.373046875 0.0810546875
0 0.955078125 0.52099609375 0.08984375 0.0224609375