0 0.04345703125 0.02783203125 0.0869140625 0.0556640625
0 0.1220703125 0.02783203125 0.0625 0.0556640625
0 0.18896484375 0.033203125 0.0654296875 0.06640625
0 0.267578125 0.033203125 0.09375 0.06640625
0 0.36572265625 0.02734375 0.0927734375 0.0546875
0 0.45654296875 0.02734375 0.0849609375 0.0546875
0 0.5390625 0.0263671875 0.080078125 0.052734375
0 0.0556640625 0.10205078125 0.111328125 0.0693359375
0 0.18310546875 0.10009765625 0.13623046875 0.07080078125
0 0.3125 0.09716796875 0.11572265625 0.06787109375
0 0.44287109375 0.095703125 0.13623046875 0.06787109375
0 0.5458984375 0.0947265625 0.06640625 0.06640625
0 0.29443359375 0.17626953125 0.05810546875 0.03759765625
0 0.35888671875 0.18017578125 0.06689453125 0.04150390625
0 0.4228515625 0.1787109375 0.05712890625 0.04443359375
0 0.466796875 0.173828125 0.02587890625 0.03466796875
0 0.515625 0.17578125 0.0654296875 0.04150390625
0 0.5634765625 0.1708984375 0.0283203125 0.03466796875
0 0.6435546875 0.21240234375 0.12890625 0.1044921875
0 0.86572265625 0.22509765625 0.2685546875 0.0888671875
0 0.59814453125 0.29541015625 0.0380859375 0.0712890625
0 0.65771484375 0.30419921875 0.0537109375 0.05859375
0 0.75439453125 0.3115234375 0.1103515625 0.07373046875
0 0.87158203125 0.30419921875 0.08935546875 0.05859375
0 0.96435546875 0.31201171875 0.0712890625 0.0654296875
0 0.60791015625 0.384765625 0.0576171875 0.056640625
0 0.705078125 0.38671875 0.12353515625 0.05712890625
0 0.82763671875 0.38330078125 0.10400390625 0.06689453125
0 0.935546875 0.3916015625 0.08935546875 0.05078125
0 0.650390625 0.49658203125 0.142578125 0.0849609375
0 0.87744140625 0.48388671875 0.2451171875 0.1103515625
0 0.22314453125 0.60400390625 0.076171875 0.041015625
0 0.296875 0.60693359375 0.06005859375 0.03515625
0 0.23828125 0.64501953125 0.03662109375 0.03662109375
0 0.2763671875 0.65380859375 0.0458984375 0.0546875
0 0.240234375 0.68896484375 0.02099609375 0.02392578125
0 0.26953125 0.6904296875 0.03564453125 0.02099609375
0 0.224609375 0.74072265625 0.07275390625 0.06884765625
0 0.29443359375 0.73486328125 0.091796875 0.06201171875
0 0.25732421875 0.78271484375 0.02734375 0.02001953125
0 0.2568359375 0.8232421875 0.10107421875 0.04052734375
0 0.26025390625 0.90087890625 0.0908203125 0.03564453125
0 0.4326171875 0.62744140625 0.05419921875 0.033203125
0 0.4951171875 0.6259765625 0.06689453125 0.02978515625
0 0.5478515625 0.6259765625 0.033203125 0.03271484375
0 0.41943359375 0.6533203125 0.0263671875 0.01806640625
0 0.45849609375 0.65478515625 0.046875 0.01953125
0 0.4990234375 0.6572265625 0.03173828125 0.01806640625
0 0.5361328125 0.65673828125 0.03759765625 0.01953125
0 0.4404296875 0.69091796875 0.04150390625 0.03515625
0 0.4931640625 0.689453125 0.05712890625 0.03564453125
0 0.4130859375 0.72900390625 0.0224609375 0.0234375
0 0.443359375 0.7294921875 0.033203125 0.02197265625
0 0.4775390625 0.7294921875 0.029296875 0.02587890625
0 0.505859375 0.72998046875 0.02392578125 0.0234375
0 0.46484375 0.7783203125 0.126953125 0.0703125
0 0.4521484375 0.83203125 0.10107421875 0.044921875
0 0.533203125 0.83203125 0.04736328125 0.04638671875
0 0.4130859375 0.86279296875 0.02294921875 0.02001953125
0 0.4443359375 0.86376953125 0.037109375 0.02099609375
0 0.75048828125 0.91259765625 0.0283203125 0.02099609375
0 0.73974609375 0.93896484375 0.02685546875 0.01513671875
0 0.76611328125 0.93896484375 0.0283203125 0.01513671875
0 0.70703125 0.9921875 0.0859375 0.015625
0 0.80126953125 0.9921875 0.0947265625 0.015625