0 0.04443359375 0.20361328125 0.0888671875 0.0615234375
0 0.2587890625 0.0830078125 0.23828125 0.16455078125
0 0.23974609375 0.205078125 0.080078125 0.0478515625
0 0.32275390625 0.20263671875 0.080078125 0.0478515625
0 0.38330078125 0.20361328125 0.0322265625 0.0400390625
0 0.21435546875 0.24365234375 0.04345703125 0.029296875
0 0.2568359375 0.2421875 0.04833984375 0.03173828125
0 0.3037109375 0.2421875 0.04150390625 0.0263671875
0 0.35302734375 0.2421875 0.056640625 0.0263671875
0 0.38916015625 0.2412109375 0.0205078125 0.029296875
0 0.4482421875 0.03955078125 0.083984375 0.0791015625
0 0.52294921875 0.04443359375 0.0654296875 0.0888671875
0 0.41162109375 0.15625 0.0244140625 0.1171875
0 0.45947265625 0.15673828125 0.06982421875 0.09375
0 0.5322265625 0.16015625 0.06787109375 0.10595703125
0 0.43896484375 0.29150390625 0.0791015625 0.0966796875
0 0.5322265625 0.298828125 0.10400390625 0.11181640625
0 0.41943359375 0.43603515625 0.0400390625 0.1201171875
0 0.46826171875 0.4365234375 0.0517578125 0.10888671875
0 0.5263671875 0.42138671875 0.06396484375 0.10888671875
0 0.974609375 0.2685546875 0.02783203125 0.033203125
0 0.9931640625 0.27001953125 0.013671875 0.0302734375
0 0.97900390625 0.31982421875 0.0419921875 0.0517578125
0 0.0615234375 0.75 0.123046875 0.25
0 0.26220703125 0.8154296875 0.2177734375 0.2470703125
0 0.7900390625 0.72412109375 0.1162109375 0.1748046875
0 0.92041015625 0.70556640625 0.1181640625 0.15625
0 0.8544921875 0.8818359375 0.25 0.1474609375