0 0.15771484375 0.13134765625 0.3154296875 0.2626953125
0 0.42529296875 0.24365234375 0.1689453125 0.2587890625
0 0.46337890625 0.412109375 0.0927734375 0.158203125
0 0.61865234375 0.205078125 0.142578125 0.0751953125
0 0.73583984375 0.36767578125 0.447265625 0.16015625
0 0.52294921875 0.47021484375 0.0263671875 0.0673828125
0 0.62060546875 0.48486328125 0.14892578125 0.0615234375
0 0.7666015625 0.48828125 0.11865234375 0.068359375
0 0.8828125 0.50244140625 0.0810546875 0.056640625
0 0.984375 0.5068359375 0.03125 0.052734375
0 0.88232421875 0.5517578125 0.0810546875 0.015625
0 0.5673828125 0.5361328125 0.109375 0.046875
0 0.66943359375 0.54052734375 0.0673828125 0.0380859375
0 0.076171875 0.99560546875 0.072265625 0.0087890625
0 0.15771484375 0.99072265625 0.0771484375 0.0185546875
0 0.658203125 0.662109375 0.12255859375 0.16552734375
0 0.64697265625 0.7138671875 0.0849609375 0.04638671875
0 0.86474609375 0.64990234375 0.2705078125 0.1806640625
0 0.6357421875 0.8525390625 0.1025390625 0.115234375
0 0.74951171875 0.85400390625 0.14013671875 0.10400390625
0 0.8583984375 0.87158203125 0.1025390625 0.10791015625
0 0.9560546875 0.84814453125 0.087890625 0.1083984375