0 0.64794921875 0.09765625 0.1376953125 0.1953125
0 0.7939453125 0.09765625 0.119140625 0.1953125
0 0.9296875 0.1015625 0.140625 0.203125
0 0.73876953125 0.3203125 0.17138671875 0.17919921875
0 0.89013671875 0.3125 0.10693359375 0.11669921875
0 0.97802734375 0.29638671875 0.0439453125 0.1318359375
0 0.85693359375 0.45458984375 0.02294921875 0.09716796875
0 0.001953125 0.63818359375 0.00390625 0.0166015625
0 0.0146484375 0.64453125 0.021484375 0.015625
0 0.00927734375 0.65478515625 0.0185546875 0.0166015625
0 0.27490234375 0.96044921875 0.05712890625 0.02685546875
0 0.32080078125 0.96533203125 0.02978515625 0.0263671875
0 0.3564453125 0.96875 0.03369140625 0.0234375
0 0.384765625 0.9677734375 0.02099609375 0.02490234375
0 0.41455078125 0.9697265625 0.03369140625 0.025390625
0 0.44580078125 0.974609375 0.02978515625 0.02490234375
0 0.486328125 0.9755859375 0.0458984375 0.0263671875
0 0.5419921875 0.978515625 0.06591796875 0.0234375
0 0.64501953125 0.53759765625 0.1201171875 0.0361328125
0 0.59375 0.6220703125 0.029296875 0.046875
0 0.6416015625 0.6640625 0.125 0.05078125