0 0.4404296875 0.09375 0.091796875 0.0458984375
0 0.5458984375 0.10009765625 0.09814453125 0.05908203125
0 0.35986328125 0.16162109375 0.13623046875 0.06005859375
0 0.48388671875 0.1533203125 0.087890625 0.05908203125
0 0.6142578125 0.15625 0.15283203125 0.05908203125
0 0.40966796875 0.25830078125 0.2421875 0.06884765625
0 0.98388671875 0.43603515625 0.0322265625 0.0849609375
0 0.1142578125 0.6025390625 0.228515625 0.166015625
0 0.439453125 0.63232421875 0.3515625 0.2255859375
0 0.20068359375 0.77490234375 0.28662109375 0.18359375
0 0.4189453125 0.8017578125 0.11328125 0.15380859375
0 0.58642578125 0.82080078125 0.20849609375 0.14501953125
0 0.0634765625 0.93505859375 0.091796875 0.0830078125
0 0.47509765625 0.95849609375 0.0751953125 0.07080078125
0 0.5400390625 0.9599609375 0.07177734375 0.06787109375
0 0.60595703125 0.962890625 0.06005859375 0.06787109375
0 0.673828125 0.96728515625 0.080078125 0.0654296875
0 0.7734375 0.69677734375 0.107421875 0.1376953125
0 0.90576171875 0.70751953125 0.13232421875 0.11181640625
0 0.74365234375 0.84912109375 0.0478515625 0.1005859375
0 0.81005859375 0.82958984375 0.06884765625 0.1064453125
0 0.89697265625 0.84130859375 0.09228515625 0.08984375
0 0.7392578125 0.9501953125 0.0390625 0.091796875
0 0.81689453125 0.94873046875 0.08251953125 0.068359375
0 0.90576171875 0.9462890625 0.0673828125 0.06689453125