0 0.2412109375 0.17626953125 0.17578125 0.1318359375
0 0.408203125 0.20166015625 0.115234375 0.12646484375
0 0.5771484375 0.17333984375 0.173828125 0.1474609375
0 0.78369140625 0.18603515625 0.1923828125 0.12744140625
0 0.11767578125 0.31494140625 0.1083984375 0.09033203125
0 0.2333984375 0.31201171875 0.1015625 0.07861328125
0 0.34716796875 0.31298828125 0.0771484375 0.07861328125
0 0.47119140625 0.32177734375 0.1474609375 0.06396484375
0 0.6435546875 0.314453125 0.12109375 0.08642578125
0 0.7353515625 0.3330078125 0.04296875 0.07568359375
0 0.81494140625 0.3203125 0.0927734375 0.0771484375
0 0.9140625 0.31787109375 0.0859375 0.087890625
0 0.17919921875 0.3994140625 0.0498046875 0.03857421875
0 0.3125 0.400390625 0.205078125 0.0400390625
0 0.5419921875 0.40234375 0.19921875 0.0439453125
0 0.77001953125 0.40576171875 0.2060546875 0.0400390625
0 0.30615234375 0.53662109375 0.0322265625 0.03076171875
0 0.345703125 0.53515625 0.03125 0.02783203125
0 0.37646484375 0.53515625 0.0224609375 0.02783203125
0 0.4072265625 0.53662109375 0.025390625 0.025390625
0 0.49609375 0.53515625 0.017578125 0.02783203125
0 0.4404296875 0.53857421875 0.02734375 0.03466796875
0 0.466796875 0.5361328125 0.025390625 0.0400390625
0 0.4365234375 0.5859375 0.021484375 0.0439453125
0 0.46337890625 0.58837890625 0.0244140625 0.041015625
0 0.43359375 0.63720703125 0.025390625 0.04541015625
0 0.4638671875 0.63916015625 0.033203125 0.03857421875
0 0.4521484375 0.689453125 0.03125 0.041015625
0 0.43359375 0.74755859375 0.0234375 0.0400390625
0 0.462890625 0.7412109375 0.033203125 0.041015625
0 0.82568359375 0.80322265625 0.0341796875 0.0107421875
0 0.95703125 0.4912109375 0.015625 0.033203125
0 0.95751953125 0.53662109375 0.0283203125 0.03857421875
0 0.958984375 0.58837890625 0.03125 0.04638671875
0 0.9599609375 0.6318359375 0.01953125 0.04248046875
0 0.96044921875 0.662109375 0.0166015625 0.01318359375
0 0.98583984375 0.54052734375 0.0068359375 0.01708984375