0 0.03662109375 0.0068359375 0.0341796875 0.013671875
0 0.08056640625 0.0068359375 0.0380859375 0.013671875
0 0.28466796875 0.26513671875 0.01025390625 0.0107421875
0 0.29541015625 0.2646484375 0.01123046875 0.01171875
0 0.791015625 0.13671875 0.02734375 0.0185546875
0 0.81005859375 0.1376953125 0.009765625 0.02001953125
0 0.01611328125 0.6005859375 0.0322265625 0.099609375
0 0.02734375 0.7470703125 0.037109375 0.04150390625
0 0.80126953125 0.73876953125 0.080078125 0.02734375
0 0.7578125 0.8671875 0.05322265625 0.02001953125
0 0.8232421875 0.86865234375 0.0732421875 0.0224609375