0 0.26708984375 0.2900390625 0.27392578125 0.125
0 0.55224609375 0.26611328125 0.2666015625 0.134765625
0 0.29736328125 0.4033203125 0.11962890625 0.05712890625
0 0.39013671875 0.3994140625 0.07177734375 0.05419921875
0 0.44189453125 0.39794921875 0.02490234375 0.03466796875
0 0.5185546875 0.388671875 0.11474609375 0.0498046875
0 0.1474609375 0.53466796875 0.13037109375 0.02490234375
0 0.43310546875 0.53271484375 0.033203125 0.03173828125
0 0.50048828125 0.53173828125 0.05712890625 0.03076171875
0 0.5654296875 0.53076171875 0.033203125 0.02783203125
0 0.59326171875 0.5341796875 0.02197265625 0.029296875
0 0.62353515625 0.53271484375 0.0302734375 0.0263671875
0 0.65673828125 0.53173828125 0.0341796875 0.02783203125
0 0.70947265625 0.53271484375 0.06689453125 0.0263671875
0 0.77294921875 0.53564453125 0.03564453125 0.0263671875
0 0.82666015625 0.53173828125 0.06787109375 0.033203125
0 0.8798828125 0.53173828125 0.0283203125 0.02783203125