0 0.27490234375 0.03076171875 0.234375 0.02783203125
0 0.27587890625 0.0771484375 0.16748046875 0.0322265625
0 0.54443359375 0.1396484375 0.05322265625 0.03955078125
0 0.84375 0.32421875 0.05859375 0.068359375
0 0.89111328125 0.32666015625 0.0244140625 0.05029296875
0 0.93359375 0.318359375 0.04736328125 0.05712890625
0 0.7939453125 0.4384765625 0.14990234375 0.123046875
0 0.93701171875 0.44140625 0.1259765625 0.12109375
0 0.78125 0.52001953125 0.048828125 0.0185546875
0 0.83203125 0.5146484375 0.052734375 0.029296875
0 0.8916015625 0.51708984375 0.064453125 0.0244140625
0 0.96337890625 0.515625 0.0732421875 0.02734375
0 0.66552734375 0.59521484375 0.0771484375 0.07861328125
0 0.78955078125 0.60400390625 0.1474609375 0.06396484375
0 0.95068359375 0.59619140625 0.0986328125 0.0869140625
0 0.66162109375 0.68212890625 0.1435546875 0.0400390625
0 0.8603515625 0.6845703125 0.19921875 0.0439453125
0 0.62451171875 0.81884765625 0.0322265625 0.03076171875
0 0.6640625 0.8173828125 0.03125 0.02783203125
0 0.69482421875 0.8173828125 0.0224609375 0.02783203125
0 0.7255859375 0.81884765625 0.025390625 0.025390625
0 0.814453125 0.8173828125 0.017578125 0.02783203125
0 0.7587890625 0.82080078125 0.02734375 0.03466796875
0 0.78515625 0.818359375 0.025390625 0.0400390625
0 0.7548828125 0.8681640625 0.021484375 0.0439453125
0 0.78173828125 0.87060546875 0.0244140625 0.041015625
0 0.751953125 0.91943359375 0.025390625 0.04541015625
0 0.7822265625 0.92138671875 0.033203125 0.03857421875
0 0.7705078125 0.9716796875 0.03125 0.041015625