0 0.345703125 0.11376953125 0.0625 0.10400390625
0 0.421875 0.1103515625 0.0859375 0.09716796875
0 0.5087890625 0.1083984375 0.076171875 0.1005859375
0 0.572265625 0.103515625 0.0546875 0.10400390625
0 0.33056640625 0.2294921875 0.0615234375 0.09375
0 0.3994140625 0.24560546875 0.083984375 0.1181640625
0 0.482421875 0.24755859375 0.08203125 0.11474609375
0 0.5517578125 0.228515625 0.044921875 0.09716796875
0 0.5908203125 0.2265625 0.025390625 0.09375
0 0.322265625 0.35693359375 0.0234375 0.02783203125
0 0.3427734375 0.35693359375 0.017578125 0.02783203125
0 0.3720703125 0.35693359375 0.037109375 0.03466796875
0 0.4033203125 0.35693359375 0.021484375 0.02783203125
0 0.4306640625 0.3583984375 0.033203125 0.03125
0 0.4873046875 0.35693359375 0.021484375 0.02783203125
0 0.52734375 0.35498046875 0.05859375 0.0244140625
0 0.02685546875 0.7587890625 0.0537109375 0.134765625
0 0.1552734375 0.73828125 0.134765625 0.16650390625
0 0.27587890625 0.72314453125 0.0478515625 0.1591796875
0 0.62890625 0.90576171875 0.12109375 0.05810546875
0 0.7333984375 0.8994140625 0.0625 0.044921875
0 0.8046875 0.8818359375 0.0673828125 0.0634765625
0 0.91015625 0.87353515625 0.13134765625 0.06689453125
0 0.39111328125 0.97802734375 0.1181640625 0.0439453125
0 0.5166015625 0.96826171875 0.109375 0.0634765625
0 0.6064453125 0.96728515625 0.048828125 0.0654296875
0 0.6923828125 0.96240234375 0.095703125 0.0751953125
0 0.84130859375 0.95751953125 0.1904296875 0.0849609375