0 0.373046875 0.052734375 0.24609375 0.10546875
0 0.359375 0.1943359375 0.01123046875 0.01318359375
0 0.4130859375 0.1953125 0.02783203125 0.0146484375
0 0.43896484375 0.19580078125 0.021484375 0.01318359375
0 0.55517578125 0.17333984375 0.0107421875 0.0537109375
0 0.765625 0.16748046875 0.18212890625 0.14013671875
0 0.0419921875 0.49267578125 0.083984375 0.1044921875
0 0.15673828125 0.5048828125 0.15234375 0.11181640625
0 0.337890625 0.46337890625 0.205078125 0.1181640625
0 0.49755859375 0.46240234375 0.1044921875 0.0966796875
0 0.01611328125 0.72216796875 0.0322265625 0.1533203125
0 0.0546875 0.68994140625 0.03857421875 0.07177734375
0 0.119140625 0.603515625 0.08740234375 0.0849609375
0 0.23046875 0.595703125 0.10498046875 0.08349609375
0 0.38134765625 0.59326171875 0.1064453125 0.06494140625
0 0.49853515625 0.5888671875 0.1025390625 0.0859375
0 0.1240234375 0.69091796875 0.09521484375 0.0732421875
0 0.25 0.6923828125 0.12646484375 0.0634765625
0 0.4013671875 0.6875 0.0810546875 0.08984375
0 0.5029296875 0.6884765625 0.09375 0.078125
0 0.1025390625 0.78759765625 0.06103515625 0.0732421875
0 0.1748046875 0.78515625 0.076171875 0.068359375
0 0.24169921875 0.779296875 0.052734375 0.07666015625
0 0.30615234375 0.791015625 0.06884765625 0.080078125
0 0.37841796875 0.7783203125 0.06884765625 0.07177734375
0 0.4560546875 0.78076171875 0.076171875 0.06689453125
0 0.55712890625 0.46044921875 0.0146484375 0.0068359375
0 0.56396484375 0.28271484375 0.0283203125 0.0419921875
0 0.779296875 0.28515625 0.07470703125 0.0361328125
0 0.83349609375 0.28857421875 0.02197265625 0.02783203125
0 0.88525390625 0.2841796875 0.07568359375 0.0380859375
0 0.95458984375 0.2880859375 0.05126953125 0.0302734375
0 0.86572265625 0.32373046875 0.099609375 0.03125
0 0.95751953125 0.33935546875 0.0556640625 0.02587890625
0 0.58984375 0.38330078125 0.080078125 0.0224609375
0 0.572265625 0.46044921875 0.01220703125 0.00537109375
0 0.556640625 0.4677734375 0.01220703125 0.00634765625
0 0.56640625 0.466796875 0.0078125 0.0068359375
0 0.57666015625 0.466796875 0.01123046875 0.0078125
0 0.6142578125 0.47119140625 0.01513671875 0.0078125
0 0.626953125 0.47216796875 0.00927734375 0.0048828125
0 0.654296875 0.4853515625 0.0205078125 0.0068359375
0 0.72412109375 0.4443359375 0.03466796875 0.0126953125
0 0.7666015625 0.4814453125 0.02001953125 0.0068359375
0 0.783203125 0.455078125 0.033203125 0.021484375
0 0.7939453125 0.48486328125 0.00732421875 0.005859375
0 0.92041015625 0.5341796875 0.009765625 0.0068359375
0 0.744140625 0.6220703125 0.04931640625 0.0205078125
0 0.8017578125 0.65625 0.0703125 0.03515625
0 0.74560546875 0.68212890625 0.04541015625 0.02001953125
0 0.78759765625 0.685546875 0.0390625 0.021484375
0 0.8134765625 0.68896484375 0.0087890625 0.0087890625
0 0.8330078125 0.68896484375 0.03076171875 0.0185546875