0 0.32763671875 0.07177734375 0.07275390625 0.05322265625
0 0.16259765625 0.119140625 0.08203125 0.05712890625
0 0.25830078125 0.12841796875 0.10009765625 0.05126953125
0 0.34521484375 0.134765625 0.0693359375 0.046875
0 0.14697265625 0.251953125 0.02685546875 0.0126953125
0 0.1748046875 0.25244140625 0.02783203125 0.01123046875
0 0.21044921875 0.25244140625 0.044921875 0.009765625
0 0.2421875 0.25244140625 0.02392578125 0.01123046875
0 0.005859375 0.24853515625 0.01171875 0.0087890625
0 0.3974609375 0.0029296875 0.03515625 0.005859375
0 0.82568359375 0.048828125 0.0283203125 0.025390625
0 0.869140625 0.046875 0.0546875 0.02490234375
0 0.91259765625 0.04638671875 0.02978515625 0.02197265625
0 0.9462890625 0.04443359375 0.03466796875 0.0263671875
0 0.98291015625 0.04248046875 0.0341796875 0.0244140625
0 0.82568359375 0.0751953125 0.02734375 0.02294921875
0 0.85888671875 0.0712890625 0.0244140625 0.02099609375
0 0.89453125 0.0732421875 0.0439453125 0.0244140625
0 0.94921875 0.0712890625 0.06201171875 0.02490234375
0 0.8310546875 0.09912109375 0.03759765625 0.021484375
0 0.87353515625 0.0986328125 0.0439453125 0.02392578125
0 0.92138671875 0.09765625 0.0400390625 0.02197265625
0 0.97119140625 0.09423828125 0.0576171875 0.0224609375
0 0.8310546875 0.12451171875 0.0341796875 0.0224609375
0 0.86767578125 0.12451171875 0.03125 0.0234375
0 0.7265625 0.23828125 0.03662109375 0.02685546875
0 0.76220703125 0.234375 0.03076171875 0.03173828125
0 0.80029296875 0.2353515625 0.044921875 0.02685546875
0 0.8466796875 0.23583984375 0.0439453125 0.03271484375
0 0.70068359375 0.26904296875 0.05859375 0.0341796875
0 0.755859375 0.2744140625 0.04736328125 0.03125
0 0.791015625 0.2734375 0.01806640625 0.02490234375
0 0.8251953125 0.2734375 0.048828125 0.03125
0 0.8779296875 0.27685546875 0.0546875 0.03369140625
0 0.76025390625 0.3095703125 0.04296875 0.0341796875
0 0.01171875 0.53271484375 0.0234375 0.0458984375
0 0.05810546875 0.55419921875 0.080078125 0.07861328125
0 0.0400390625 0.5927734375 0.0615234375 0.0576171875
0 0.0732421875 0.60791015625 0.0205078125 0.03076171875
0 0.015625 0.650390625 0.03125 0.04296875
0 0.00732421875 0.6796875 0.0146484375 0.0390625
0 0.44091796875 0.56494140625 0.1220703125 0.1103515625
0 0.56396484375 0.5908203125 0.06005859375 0.0732421875
0 0.6650390625 0.58740234375 0.12744140625 0.09326171875
0 0.390625 0.67041015625 0.021484375 0.1162109375
0 0.44140625 0.681640625 0.06494140625 0.11181640625
0 0.5224609375 0.6875 0.08984375 0.11669921875
0 0.583984375 0.69677734375 0.03271484375 0.091796875
0 0.666015625 0.693359375 0.12255859375 0.12841796875
0 0.40283203125 0.80859375 0.0458984375 0.158203125
0 0.49853515625 0.84521484375 0.1123046875 0.13818359375
0 0.64453125 0.8408203125 0.15625 0.1201171875
0 0.400390625 0.92626953125 0.041015625 0.0556640625
0 0.47119140625 0.92431640625 0.08984375 0.06689453125
0 0.48095703125 0.9794921875 0.1650390625 0.041015625