0 0.48193359375 0.24267578125 0.056640625 0.03271484375
0 0.52734375 0.244140625 0.02880859375 0.0263671875
0 0.55712890625 0.244140625 0.02734375 0.0263671875
0 0.59326171875 0.24072265625 0.0419921875 0.03271484375
0 0.6318359375 0.2451171875 0.03173828125 0.0283203125
0 0.65673828125 0.24609375 0.017578125 0.0263671875
0 0.51220703125 0.2744140625 0.033203125 0.0263671875
0 0.57666015625 0.275390625 0.0927734375 0.0283203125
0 0.52978515625 0.3388671875 0.09423828125 0.04150390625
0 0.609375 0.3408203125 0.056640625 0.04150390625
0 0.47021484375 0.42138671875 0.05078125 0.03271484375
0 0.5146484375 0.4228515625 0.03466796875 0.0302734375
0 0.556640625 0.41845703125 0.04638671875 0.0302734375
0 0.59912109375 0.423828125 0.0361328125 0.03271484375
0 0.64794921875 0.423828125 0.05517578125 0.0283203125
0 0.47314453125 0.451171875 0.0419921875 0.0302734375
0 0.5244140625 0.451171875 0.06103515625 0.0302734375
0 0.5751953125 0.44970703125 0.04052734375 0.03271484375
0 0.6328125 0.4541015625 0.07080078125 0.0283203125
0 0.48388671875 0.4814453125 0.04052734375 0.0302734375
0 0.53564453125 0.4814453125 0.0595703125 0.0302734375
0 0.5908203125 0.482421875 0.044921875 0.03271484375
0 0.6357421875 0.482421875 0.044921875 0.03271484375
0 0.50146484375 0.51611328125 0.06103515625 0.0263671875
0 0.55712890625 0.51513671875 0.044921875 0.037109375
0 0.61572265625 0.51416015625 0.072265625 0.0302734375
0 0.53271484375 0.54443359375 0.07373046875 0.0302734375
0 0.59765625 0.5458984375 0.0537109375 0.03271484375
0 0.84326171875 0.42724609375 0.275390625 0.0830078125
0 0.23095703125 0.1611328125 0.123046875 0.24853515625