0 0.228515625 0.15087890625 0.35546875 0.3017578125
0 0.1201171875 0.40576171875 0.10546875 0.0478515625
0 0.34521484375 0.404296875 0.3095703125 0.05078125
0 0.556640625 0.13916015625 0.11328125 0.1044921875
0 0.76513671875 0.05908203125 0.07373046875 0.08984375
0 0.85107421875 0.04443359375 0.0888671875 0.0888671875
0 0.94384765625 0.025390625 0.0849609375 0.05078125
0 0.677734375 0.31494140625 0.05859375 0.06982421875
0 0.39501953125 0.76123046875 0.14013671875 0.18408203125
0 0.208984375 0.91259765625 0.373046875 0.1748046875
0 0.5732421875 0.43408203125 0.0234375 0.0087890625
0 0.609375 0.43408203125 0.044921875 0.0087890625
0 0.65234375 0.4375 0.037109375 0.015625
0 0.517578125 0.47412109375 0.02685546875 0.044921875
0 0.546875 0.46875 0.03076171875 0.04736328125
0 0.5703125 0.47119140625 0.0224609375 0.0458984375
0 0.6015625 0.47265625 0.04052734375 0.0517578125
0 0.6318359375 0.4775390625 0.021484375 0.0517578125
0 0.66015625 0.47412109375 0.029296875 0.04833984375
0 0.54150390625 0.52783203125 0.02197265625 0.04736328125
0 0.55908203125 0.52880859375 0.01513671875 0.04248046875
0 0.59033203125 0.53369140625 0.04052734375 0.052734375
0 0.505859375 0.63427734375 0.01171875 0.0693359375
0 0.5302734375 0.62548828125 0.03955078125 0.07080078125
0 0.56494140625 0.62353515625 0.03369140625 0.0673828125
0 0.62939453125 0.6318359375 0.0888671875 0.0576171875
0 0.50390625 0.7080078125 0.0078125 0.0625
0 0.53125 0.71044921875 0.03955078125 0.04931640625
0 0.5673828125 0.70263671875 0.03125 0.0673828125
0 0.5908203125 0.71630859375 0.01171875 0.05419921875
0 0.62158203125 0.7080078125 0.048828125 0.07421875
0 0.51904296875 0.787109375 0.03173828125 0.06396484375
0 0.544921875 0.791015625 0.02197265625 0.05908203125
0 0.5712890625 0.78515625 0.03369140625 0.07421875
0 0.5947265625 0.79443359375 0.01171875 0.0556640625
0 0.6240234375 0.791015625 0.04638671875 0.0693359375