0 0.15185546875 0.052734375 0.2685546875 0.0986328125
0 0.09228515625 0.1455078125 0.1845703125 0.07421875
0 0.2568359375 0.140625 0.11669921875 0.0654296875
0 0.0986328125 0.22265625 0.11865234375 0.0458984375
0 0.23486328125 0.21240234375 0.0771484375 0.05078125
0 0.076171875 0.28076171875 0.140625 0.0390625
0 0.61181640625 0.01220703125 0.1025390625 0.0244140625
0 0.86279296875 0.013671875 0.1376953125 0.02734375
0 0.60302734375 0.0595703125 0.08740234375 0.05322265625
0 0.71240234375 0.06103515625 0.1103515625 0.05615234375
0 0.86328125 0.06396484375 0.13330078125 0.0439453125
0 0.611328125 0.1171875 0.1123046875 0.05615234375
0 0.73095703125 0.11328125 0.10205078125 0.0517578125
0 0.8623046875 0.12255859375 0.1396484375 0.0419921875
0 0.58837890625 0.17578125 0.125 0.06103515625
0 0.67578125 0.18115234375 0.033203125 0.046875
0 0.74462890625 0.17724609375 0.08349609375 0.06396484375
0 0.83740234375 0.1806640625 0.0771484375 0.06103515625
0 0.3994140625 0.57958984375 0.0390625 0.0205078125
0 0.07763671875 0.57373046875 0.1044921875 0.0087890625
0 0.138671875 0.57470703125 0.015625 0.0107421875
0 0.181640625 0.576171875 0.041015625 0.013671875
0 0.23486328125 0.5771484375 0.0615234375 0.015625