0 0.1171875 0.0380859375 0.19921875 0.0439453125
0 0.32568359375 0.04150390625 0.1669921875 0.0400390625
0 0.0712890625 0.1708984375 0.017578125 0.02783203125
0 0.015625 0.17431640625 0.02734375 0.03466796875
0 0.0419921875 0.171875 0.025390625 0.0400390625
0 0.01171875 0.2216796875 0.021484375 0.0439453125
0 0.03857421875 0.22412109375 0.0244140625 0.041015625
0 0.0107421875 0.2724609375 0.021484375 0.044921875
0 0.0390625 0.27490234375 0.033203125 0.03857421875
0 0.02734375 0.3251953125 0.03125 0.041015625
0 0.01025390625 0.38330078125 0.0205078125 0.0400390625
0 0.0380859375 0.376953125 0.033203125 0.041015625
0 0.396484375 0.43896484375 0.025390625 0.0107421875
0 0.1708984375 0.4697265625 0.083984375 0.041015625
0 0.26220703125 0.46728515625 0.1259765625 0.0361328125
0 0.17626953125 0.5517578125 0.12890625 0.11181640625
0 0.31787109375 0.548828125 0.1826171875 0.103515625
0 0.1708984375 0.69482421875 0.13232421875 0.11181640625
0 0.28564453125 0.681640625 0.13232421875 0.12158203125
0 0.07275390625 0.8076171875 0.1064453125 0.1201171875
0 0.15771484375 0.806640625 0.10888671875 0.1083984375
0 0.9462890625 0.6572265625 0.06494140625 0.04833984375
0 0.98681640625 0.6552734375 0.0263671875 0.06640625
0 0.93505859375 0.716796875 0.052734375 0.0556640625
0 0.97900390625 0.72021484375 0.0419921875 0.0556640625