0 0.513671875 0.3525390625 0.03759765625 0.0185546875
0 0.54833984375 0.3544921875 0.02197265625 0.0224609375
0 0.5859375 0.353515625 0.046875 0.0234375
0 0.927734375 0.0966796875 0.14453125 0.19140625
0 0.8564453125 0.26904296875 0.14111328125 0.0830078125
0 0.958984375 0.2978515625 0.0771484375 0.06689453125
0 0.236328125 0.69091796875 0.03662109375 0.0234375
0 0.26611328125 0.6826171875 0.0283203125 0.0185546875
0 0.287109375 0.6767578125 0.02099609375 0.01708984375
0 0.30810546875 0.67236328125 0.0244140625 0.01953125
0 0.33154296875 0.66455078125 0.0263671875 0.01953125
0 0.3623046875 0.65771484375 0.04150390625 0.02197265625
0 0.39306640625 0.64892578125 0.0302734375 0.02001953125
0 0.4208984375 0.64208984375 0.02880859375 0.017578125
0 0.34765625 0.822265625 0.013671875 0.01171875
0 0.3564453125 0.8154296875 0.0107421875 0.0087890625
0 0.36328125 0.81201171875 0.0078125 0.00732421875
0 0.36962890625 0.810546875 0.0078125 0.00732421875
0 0.3779296875 0.80908203125 0.01025390625 0.00634765625
0 0.388671875 0.81005859375 0.013671875 0.00732421875
0 0.361328125 0.8203125 0.01904296875 0.0126953125
0 0.376953125 0.81640625 0.01708984375 0.0078125
0 0.32421875 0.91455078125 0.07470703125 0.04736328125
0 0.3818359375 0.89794921875 0.05322265625 0.04345703125
0 0.7138671875 0.68017578125 0.0390625 0.052734375
0 0.7919921875 0.68603515625 0.11767578125 0.07373046875
0 0.876953125 0.6923828125 0.04638671875 0.052734375
0 0.71826171875 0.734375 0.044921875 0.02880859375
0 0.76220703125 0.73583984375 0.04638671875 0.02880859375
0 0.80322265625 0.73876953125 0.03466796875 0.03173828125
0 0.83935546875 0.73974609375 0.0263671875 0.02734375
0 0.87109375 0.73974609375 0.03759765625 0.02392578125
0 0.89501953125 0.744140625 0.01904296875 0.02734375
0 0.79150390625 0.7607421875 0.05224609375 0.01513671875
0 0.90234375 0.77978515625 0.056640625 0.0107421875
0 0.79931640625 0.8828125 0.158203125 0.05712890625
0 0.93505859375 0.8876953125 0.095703125 0.04541015625
0 0.99267578125 0.87353515625 0.0146484375 0.0244140625
0 0.994140625 0.89892578125 0.01171875 0.0185546875