0 0.04443359375 0.40966796875 0.0791015625 0.1015625
0 0.14453125 0.4150390625 0.10546875 0.0908203125
0 0.25439453125 0.41259765625 0.09521484375 0.0986328125
0 0.33837890625 0.4111328125 0.05224609375 0.1015625
0 0.630859375 0.2861328125 0.03369140625 0.0859375
0 0.74853515625 0.30029296875 0.1484375 0.09765625
0 0.798828125 0.41552734375 0.326171875 0.1474609375
0 0.01025390625 0.5966796875 0.0205078125 0.0234375
0 0.005859375 0.61376953125 0.01171875 0.0166015625
0 0.02685546875 0.619140625 0.029296875 0.0185546875
0 0.330078125 0.62255859375 0.107421875 0.05859375
0 0.31494140625 0.66943359375 0.06689453125 0.033203125
0 0.75048828125 0.8515625 0.1875 0.1025390625
0 0.66162109375 0.96533203125 0.1142578125 0.0693359375
0 0.76318359375 0.9580078125 0.1005859375 0.083984375
0 0.86767578125 0.94873046875 0.1083984375 0.1025390625