0 0.15380859375 0.2119140625 0.09716796875 0.08154296875
0 0.25830078125 0.2431640625 0.09423828125 0.08984375
0 0.357421875 0.26171875 0.07080078125 0.0869140625
0 0.42431640625 0.27880859375 0.04248046875 0.07080078125
0 0.50341796875 0.29931640625 0.05517578125 0.0693359375
0 0.55615234375 0.3212890625 0.0546875 0.08203125
0 0.6337890625 0.330078125 0.05517578125 0.0634765625
0 0.6923828125 0.341796875 0.0478515625 0.06494140625
0 0.7548828125 0.35888671875 0.04248046875 0.0537109375
0 0.791015625 0.36767578125 0.02685546875 0.0439453125
0 0.8193359375 0.375 0.0263671875 0.048828125
0 0.78857421875 0.30078125 0.00732421875 0.00927734375
0 0.8056640625 0.2880859375 0.00537109375 0.00830078125
0 0.84033203125 0.2822265625 0.01025390625 0.00927734375
0 0.28515625 0.4384765625 0.0234375 0.0224609375
0 0.28173828125 0.453125 0.01220703125 0.01171875
0 0.291015625 0.4541015625 0.0068359375 0.009765625
0 0.17431640625 0.5244140625 0.00927734375 0.01171875
0 0.18994140625 0.52197265625 0.01953125 0.02197265625
0 0.2060546875 0.52197265625 0.02099609375 0.02197265625
0 0.2216796875 0.5244140625 0.0107421875 0.00927734375
0 0.2333984375 0.525390625 0.01220703125 0.00927734375
0 0.2451171875 0.525390625 0.01123046875 0.01123046875
0 0.2568359375 0.52685546875 0.01123046875 0.00830078125
0 0.27685546875 0.51953125 0.01416015625 0.01171875
0 0.28955078125 0.51953125 0.01123046875 0.0087890625
0 0.30419921875 0.6025390625 0.00634765625 0.00732421875
0 0.30810546875 0.603515625 0.00830078125 0.01318359375
0 0.76171875 0.599609375 0.0068359375 0.02392578125
0 0.75341796875 0.599609375 0.01025390625 0.02587890625
0 0.75927734375 0.57421875 0.0087890625 0.0166015625
0 0.75146484375 0.57568359375 0.0078125 0.01513671875
0 0.759765625 0.55859375 0.00634765625 0.01318359375
0 0.7529296875 0.55859375 0.00830078125 0.0126953125
0 0.748046875 0.55810546875 0.0029296875 0.01123046875
0 0.7578125 0.54443359375 0.00634765625 0.0146484375
0 0.75146484375 0.54345703125 0.00830078125 0.015625
0 0.74609375 0.54345703125 0.00341796875 0.01025390625
0 0.755859375 0.5302734375 0.0068359375 0.01318359375
0 0.748046875 0.5302734375 0.00927734375 0.0126953125
0 0.75830078125 0.76123046875 0.0107421875 0.0166015625
0 0.75927734375 0.7705078125 0.01025390625 0.015625
0 0.8310546875 0.63525390625 0.00830078125 0.01025390625
0 0.84130859375 0.63525390625 0.0078125 0.01025390625
0 0.8310546875 0.66064453125 0.00927734375 0.01123046875
0 0.84033203125 0.66015625 0.01025390625 0.01123046875
0 0.83251953125 0.68505859375 0.00244140625 0.009765625
0 0.8369140625 0.6845703125 0.005859375 0.01025390625
0 0.8447265625 0.68359375 0.0048828125 0.01123046875
0 0.8623046875 0.626953125 0.00732421875 0.01171875
0 0.86865234375 0.62548828125 0.00732421875 0.01025390625
0 0.86328125 0.650390625 0.00634765625 0.01123046875
0 0.869140625 0.64892578125 0.00830078125 0.01171875
0 0.8642578125 0.6748046875 0.00439453125 0.01025390625
0 0.86865234375 0.6728515625 0.00439453125 0.01220703125
0 0.873046875 0.6728515625 0.00634765625 0.01123046875
0 0.86669921875 0.69970703125 0.00830078125 0.01171875
0 0.87548828125 0.720703125 0.0048828125 0.009765625
0 0.93994140625 0.462890625 0.00341796875 0.01220703125