0 0.02783203125 0.3603515625 0.0556640625 0.138671875
0 0.12646484375 0.32958984375 0.1142578125 0.14208984375
0 0.2490234375 0.3134765625 0.107421875 0.15380859375
0 0.060546875 0.6025390625 0.12109375 0.06640625
0 0.57861328125 0.27587890625 0.12060546875 0.06005859375
0 0.5322265625 0.359375 0.064453125 0.099609375
0 0.6318359375 0.3642578125 0.1259765625 0.111328125
0 0.732421875 0.31103515625 0.0087890625 0.02197265625
0 0.75634765625 0.3095703125 0.03955078125 0.02197265625
0 0.9169921875 0.3125 0.02734375 0.01904296875
0 0.20068359375 0.92626953125 0.1162109375 0.1474609375
0 0.33154296875 0.92138671875 0.1181640625 0.15625
0 0.541015625 0.9814453125 0.06640625 0.037109375
0 0.6220703125 0.984375 0.025390625 0.03125
0 0.765625 0.9482421875 0.1328125 0.103515625
0 0.8818359375 0.92626953125 0.091796875 0.0859375
0 0.9599609375 0.978515625 0.080078125 0.04296875