0 0.37841796875 0.41259765625 0.08447265625 0.0595703125
0 0.47802734375 0.42919921875 0.115234375 0.052734375
0 0.583984375 0.43310546875 0.0859375 0.05859375
0 0.44189453125 0.478515625 0.10107421875 0.060546875
0 0.53515625 0.486328125 0.0732421875 0.0576171875
0 0.384765625 0.52880859375 0.0537109375 0.0498046875
0 0.45947265625 0.533203125 0.08349609375 0.05078125
0 0.55712890625 0.54443359375 0.09375 0.04443359375
0 0.41162109375 0.58544921875 0.08740234375 0.0556640625
0 0.52734375 0.59765625 0.1318359375 0.05078125
0 0.43603515625 0.65576171875 0.08203125 0.0537109375
0 0.52490234375 0.65380859375 0.08349609375 0.0517578125
0 0.37451171875 0.703125 0.0537109375 0.0556640625
0 0.4453125 0.70849609375 0.06787109375 0.0517578125
0 0.5517578125 0.71240234375 0.126953125 0.0595703125
0 0.80712890625 0.9619140625 0.30126953125 0.05859375