0 0.884765625 0.0078125 0.05078125 0.015625
0 0.943359375 0.0087890625 0.0546875 0.017578125
0 0.64111328125 0.099609375 0.01025390625 0.00732421875
0 0.646484375 0.099609375 0.0029296875 0.00634765625
0 0.4306640625 0.2001953125 0.0087890625 0.00439453125
0 0.03466796875 0.93798828125 0.0693359375 0.1240234375
0 0.14013671875 0.9404296875 0.11474609375 0.11767578125
0 0.25146484375 0.9443359375 0.0751953125 0.111328125
0 0.720703125 0.47998046875 0.07763671875 0.04345703125
0 0.8369140625 0.48193359375 0.15673828125 0.0634765625
0 0.83056640625 0.5263671875 0.06201171875 0.0322265625
0 0.89892578125 0.533203125 0.06787109375 0.041015625
0 0.734375 0.666015625 0.0390625 0.017578125
0 0.30419921875 0.49609375 0.0302734375 0.017578125