0 0.033203125 0.0244140625 0.06640625 0.044921875
0 0.02783203125 0.078125 0.0556640625 0.05078125
0 0.0146484375 0.13427734375 0.029296875 0.0517578125
0 0.0390625 0.19287109375 0.078125 0.0595703125
0 0.48974609375 0.07421875 0.1201171875 0.1484375
0 0.66552734375 0.0712890625 0.2041015625 0.142578125
0 0.85009765625 0.0771484375 0.1455078125 0.154296875
0 0.474609375 0.24462890625 0.07275390625 0.134765625
0 0.546875 0.26416015625 0.07666015625 0.10693359375
0 0.61279296875 0.25 0.05908203125 0.134765625
0 0.78955078125 0.26953125 0.05126953125 0.140625
0 0.845703125 0.26123046875 0.06494140625 0.134765625
0 0.01806640625 0.59912109375 0.03466796875 0.017578125
0 0.05615234375 0.5966796875 0.03662109375 0.01513671875
0 0.01513671875 0.6533203125 0.0302734375 0.017578125
0 0.05224609375 0.6513671875 0.03857421875 0.0166015625
0 0.01318359375 0.6953125 0.0263671875 0.01953125
0 0.04833984375 0.69287109375 0.0400390625 0.0166015625
0 0.15283203125 0.62548828125 0.068359375 0.017578125
0 0.15673828125 0.64453125 0.0537109375 0.02197265625
0 0.15966796875 0.66650390625 0.05224609375 0.02294921875
0 0.16015625 0.68798828125 0.0869140625 0.02734375
0 0.74169921875 0.48583984375 0.0556640625 0.0517578125
0 0.7919921875 0.48388671875 0.04443359375 0.0517578125
0 0.83984375 0.48291015625 0.0458984375 0.0537109375
0 0.7138671875 0.55908203125 0.0341796875 0.06005859375
0 0.76318359375 0.5546875 0.05859375 0.04296875
0 0.83984375 0.55029296875 0.08837890625 0.0517578125
0 0.7138671875 0.6181640625 0.04296875 0.04931640625
0 0.7587890625 0.6171875 0.04150390625 0.0517578125
0 0.79736328125 0.6201171875 0.02978515625 0.041015625
0 0.84912109375 0.6171875 0.06982421875 0.0517578125