0 0.34375 0.0146484375 0.1171875 0.029296875
0 0.4619140625 0.02880859375 0.095703125 0.0576171875
0 0.77392578125 0.0458984375 0.1650390625 0.091796875
0 0.9306640625 0.0498046875 0.134765625 0.099609375
0 0.8232421875 0.30419921875 0.09716796875 0.07568359375
0 0.06640625 0.57177734375 0.115234375 0.1044921875
0 0.2060546875 0.5791015625 0.142578125 0.119140625
0 0.36572265625 0.56298828125 0.1533203125 0.0869140625
0 0.263671875 0.99462890625 0.021484375 0.0107421875
0 0.2880859375 0.99560546875 0.029296875 0.0087890625
0 0.42236328125 0.595703125 0.0849609375 0.15234375
0 0.4873046875 0.5927734375 0.044921875 0.146484375
0 0.43408203125 0.71142578125 0.095703125 0.07958984375
0 0.4541015625 0.8017578125 0.111328125 0.13671875
0 0.46630859375 0.93212890625 0.0869140625 0.1357421875
0 0.775390625 0.94580078125 0.1005859375 0.04833984375