0 0.34130859375 0.23681640625 0.11865234375 0.06201171875
0 0.48974609375 0.24267578125 0.1484375 0.0537109375
0 0.62353515625 0.24609375 0.0859375 0.05078125
0 0.1630859375 0.2412109375 0.1005859375 0.12255859375
0 0.78125 0.2607421875 0.091796875 0.1162109375
0 0.2578125 0.39453125 0.29541015625 0.24365234375
0 0.63525390625 0.3994140625 0.40087890625 0.240234375
0 0.3154296875 0.54736328125 0.05517578125 0.029296875
0 0.357421875 0.544921875 0.02099609375 0.0244140625
0 0.39501953125 0.5458984375 0.0478515625 0.0263671875
0 0.4560546875 0.54638671875 0.06884765625 0.0244140625
0 0.513671875 0.5439453125 0.0390625 0.029296875
0 0.54833984375 0.5439453125 0.02587890625 0.03271484375
0 0.59521484375 0.54345703125 0.0625 0.0341796875
0 0.6611328125 0.5439453125 0.06494140625 0.03271484375
0 0.7216796875 0.54248046875 0.0537109375 0.0361328125
0 0.40185546875 0.5859375 0.05615234375 0.0244140625
0 0.4599609375 0.5791015625 0.052734375 0.03759765625
0 0.50439453125 0.58984375 0.03564453125 0.029296875
0 0.55517578125 0.5849609375 0.06103515625 0.029296875
0 0.2587890625 0.61669921875 0.048828125 0.0341796875
0 0.31689453125 0.6201171875 0.0673828125 0.02783203125
0 0.3798828125 0.62255859375 0.0537109375 0.03271484375
0 0.42724609375 0.61865234375 0.033203125 0.03125
0 0.54052734375 0.619140625 0.14697265625 0.0263671875
0 0.72314453125 0.619140625 0.13720703125 0.02294921875
0 0.10107421875 0.65869140625 0.033203125 0.02294921875
0 0.14208984375 0.65869140625 0.0390625 0.02294921875
0 0.18896484375 0.65673828125 0.0537109375 0.0390625
0 0.23095703125 0.65869140625 0.02587890625 0.03271484375
0 0.26171875 0.65869140625 0.02587890625 0.02294921875
0 0.28857421875 0.65283203125 0.0283203125 0.03125
0 0.33740234375 0.65771484375 0.06494140625 0.021484375
0 0.3876953125 0.6552734375 0.03076171875 0.0263671875
0 0.4853515625 0.65771484375 0.06396484375 0.021484375
0 0.54296875 0.65625 0.0439453125 0.02783203125
0 0.58740234375 0.65283203125 0.0478515625 0.03125
0 0.6328125 0.6552734375 0.04541015625 0.0263671875
0 0.68505859375 0.65869140625 0.0537109375 0.02294921875
0 0.7255859375 0.6591796875 0.029296875 0.021484375
0 0.80322265625 0.66015625 0.1162109375 0.02294921875
0 0.41748046875 0.65869140625 0.01611328125 0.02294921875