0 0.08642578125 0.1181640625 0.1728515625 0.236328125
0 0.3759765625 0.125 0.40625 0.25
0 0.173828125 0.3759765625 0.34765625 0.125
0 0.48876953125 0.3720703125 0.1806640625 0.12109375
0 0.94189453125 0.00634765625 0.0185546875 0.0126953125
0 0.95849609375 0.00537109375 0.0126953125 0.0107421875
0 0.98291015625 0.00439453125 0.0341796875 0.0087890625
0 0.9716796875 0.037109375 0.03125 0.0146484375
0 0.97119140625 0.04931640625 0.0322265625 0.01904296875
0 0.80419921875 0.138671875 0.0244140625 0.03076171875
0 0.83251953125 0.13720703125 0.0380859375 0.01611328125
0 0.96044921875 0.08544921875 0.0791015625 0.0439453125
0 0.84228515625 0.1953125 0.0732421875 0.041015625
0 0.89892578125 0.1923828125 0.0361328125 0.0322265625
0 0.82470703125 0.25146484375 0.0185546875 0.02490234375
0 0.84765625 0.25244140625 0.029296875 0.0205078125
0 0.88916015625 0.2509765625 0.0322265625 0.0234375
0 0.97412109375 0.14306640625 0.0400390625 0.02783203125
0 0.99853515625 0.1396484375 0.0029296875 0.01953125
0 0.58349609375 0.37255859375 0.0087890625 0.0458984375
0 0.59326171875 0.33642578125 0.0283203125 0.04833984375
0 0.3671875 0.5166015625 0.095703125 0.013671875
0 0.3662109375 0.5556640625 0.10205078125 0.0517578125
0 0.5634765625 0.56396484375 0.03125 0.0400390625
0 0.35693359375 0.6162109375 0.08740234375 0.05322265625
0 0.46630859375 0.61767578125 0.1103515625 0.05615234375
0 0.564453125 0.62060546875 0.029296875 0.0439453125
0 0.365234375 0.673828125 0.1123046875 0.05615234375
0 0.48486328125 0.669921875 0.10205078125 0.0517578125
0 0.5625 0.67919921875 0.033203125 0.0419921875
0 0.34228515625 0.732421875 0.125 0.06103515625
0 0.4296875 0.73779296875 0.033203125 0.046875
0 0.49853515625 0.73388671875 0.08349609375 0.06396484375
0 0.56591796875 0.73681640625 0.0263671875 0.0615234375
0 0.61767578125 0.91162109375 0.0341796875 0.03564453125
0 0.65478515625 0.91455078125 0.03466796875 0.03857421875
0 0.69384765625 0.91845703125 0.03515625 0.03515625
0 0.74365234375 0.91552734375 0.0615234375 0.0302734375
0 0.79638671875 0.91259765625 0.0380859375 0.03564453125
0 0.826171875 0.912109375 0.01513671875 0.0361328125
0 0.68017578125 0.97509765625 0.1337890625 0.0498046875
0 0.78271484375 0.96923828125 0.0576171875 0.0615234375
0 0.62060546875 0.5927734375 0.0830078125 0.12109375
0 0.72900390625 0.5869140625 0.1162109375 0.154296875
0 0.89990234375 0.57958984375 0.2001953125 0.1396484375
0 0.58447265625 0.771484375 0.0107421875 0.033203125
0 0.61376953125 0.76904296875 0.0263671875 0.03759765625
0 0.642578125 0.77197265625 0.02978515625 0.041015625
0 0.8056640625 0.76708984375 0.04443359375 0.04345703125
0 0.86376953125 0.76806640625 0.06298828125 0.0361328125