0 0.47119140625 0.53955078125 0.1142578125 0.16259765625
0 0.55419921875 0.48193359375 0.07177734375 0.150390625
0 0.6494140625 0.423828125 0.1240234375 0.17626953125
0 0.7978515625 0.337890625 0.1708984375 0.1953125
0 0.53564453125 0.63037109375 0.0732421875 0.119140625
0 0.4755859375 0.79541015625 0.10107421875 0.17138671875
0 0.58349609375 0.73828125 0.08642578125 0.17529296875
0 0.9208984375 0.66455078125 0.03662109375 0.08251953125
0 0.9736328125 0.6494140625 0.052734375 0.07763671875
0 0.96728515625 0.81494140625 0.06494140625 0.16748046875
0 0.92041015625 0.97265625 0.0390625 0.044921875