0 0.091796875 0.009765625 0.091796875 0.01953125
0 0.0341796875 0.06396484375 0.068359375 0.1083984375
0 0.1396484375 0.08544921875 0.10205078125 0.09619140625
0 0.3916015625 0.1875 0.078125 0.10205078125
0 0.322265625 0.3193359375 0.06005859375 0.10791015625
0 0.38232421875 0.291015625 0.06005859375 0.123046875
0 0.44677734375 0.263671875 0.0654296875 0.146484375
0 0.73583984375 0.27978515625 0.09326171875 0.06005859375
0 0.8310546875 0.29296875 0.08056640625 0.0498046875
0 0.90771484375 0.29345703125 0.05859375 0.06494140625
0 0.6796875 0.3466796875 0.15869140625 0.05810546875
0 0.82421875 0.35498046875 0.1142578125 0.044921875
0 0.94384765625 0.36083984375 0.1123046875 0.0517578125
0 0.51611328125 0.35888671875 0.044921875 0.033203125
0 0.55224609375 0.330078125 0.0400390625 0.06103515625
0 0.5107421875 0.46435546875 0.0625 0.0693359375
0 0.568359375 0.46630859375 0.044921875 0.052734375
0 0.634765625 0.4580078125 0.07470703125 0.05322265625
0 0.71533203125 0.4638671875 0.07958984375 0.0478515625
0 0.82373046875 0.47265625 0.076171875 0.04296875
0 0.529296875 0.544921875 0.095703125 0.08984375
0 0.67822265625 0.5400390625 0.1904296875 0.080078125
0 0.89599609375 0.5322265625 0.2080078125 0.064453125
0 0.505859375 0.6435546875 0.0439453125 0.0400390625
0 0.5546875 0.64306640625 0.0537109375 0.03515625
0 0.615234375 0.64111328125 0.06005859375 0.03173828125
0 0.67578125 0.6337890625 0.0537109375 0.0400390625
0 0.73583984375 0.6328125 0.05615234375 0.03515625
0 0.79833984375 0.62939453125 0.05859375 0.03515625
0 0.876953125 0.62548828125 0.05615234375 0.046875
0 0.94873046875 0.6220703125 0.08251953125 0.0400390625