0 0.015625 0.271484375 0.03125 0.037109375
0 0.05615234375 0.2734375 0.0390625 0.04052734375
0 0.10498046875 0.26806640625 0.05810546875 0.048828125
0 0.15673828125 0.2705078125 0.037109375 0.0439453125
0 0.21533203125 0.27294921875 0.06591796875 0.0439453125
0 0.28857421875 0.271484375 0.07373046875 0.048828125
0 0.3671875 0.2734375 0.06884765625 0.05224609375
0 0.43603515625 0.27587890625 0.05419921875 0.0498046875
0 0.50927734375 0.28466796875 0.0810546875 0.0380859375
0 0.22509765625 0.373046875 0.23876953125 0.09130859375
0 0.22412109375 0.43701171875 0.234375 0.02783203125
0 0.22509765625 0.4833984375 0.16748046875 0.0322265625
0 0.77783203125 0.32568359375 0.0224609375 0.0244140625
0 0.7783203125 0.30859375 0.03125 0.0322265625
0 0.033203125 0.86669921875 0.06640625 0.0927734375
0 0.02734375 0.92919921875 0.0546875 0.0380859375
0 0.95703125 0.54833984375 0.0859375 0.0576171875
0 0.9560546875 0.6484375 0.087890625 0.06640625