0 0.34375 0.2509765625 0.02392578125 0.0390625
0 0.3603515625 0.2216796875 0.0380859375 0.03662109375
0 0.40283203125 0.21044921875 0.044921875 0.02587890625
0 0.431640625 0.22607421875 0.02685546875 0.03173828125
0 0.892578125 0.34619140625 0.083984375 0.15185546875
0 0.96875 0.34033203125 0.0625 0.1650390625
0 0.88720703125 0.466796875 0.06591796875 0.07080078125
0 0.96337890625 0.466796875 0.07177734375 0.076171875
0 0.10009765625 0.666015625 0.2001953125 0.052734375
0 0.27099609375 0.892578125 0.3583984375 0.1513671875
0 0.74072265625 0.70166015625 0.0751953125 0.1240234375
0 0.83203125 0.70263671875 0.09130859375 0.12255859375
0 0.623046875 0.82861328125 0.01708984375 0.03173828125
0 0.642578125 0.82763671875 0.0244140625 0.0380859375