0 0.27294921875 0.02392578125 0.2119140625 0.0478515625
0 0.03759765625 0.126953125 0.0751953125 0.123046875
0 0.15283203125 0.12353515625 0.138671875 0.12158203125
0 0.265625 0.11083984375 0.06884765625 0.10009765625
0 0.34423828125 0.109375 0.06884765625 0.10009765625
0 0.0400390625 0.22900390625 0.080078125 0.0869140625
0 0.16748046875 0.2236328125 0.13232421875 0.08154296875
0 0.31005859375 0.2119140625 0.1376953125 0.091796875
0 0.00927734375 0.32470703125 0.0185546875 0.0888671875
0 0.0693359375 0.3203125 0.0986328125 0.08837890625
0 0.1630859375 0.31787109375 0.0810546875 0.09326171875
0 0.314453125 0.31005859375 0.15869140625 0.09814453125
0 0.2197265625 0.32861328125 0.02490234375 0.0517578125
0 0.01025390625 0.4228515625 0.0205078125 0.095703125
0 0.056640625 0.4287109375 0.06396484375 0.068359375
0 0.13232421875 0.4208984375 0.07763671875 0.10009765625
0 0.21484375 0.40771484375 0.08251953125 0.080078125
0 0.3349609375 0.404296875 0.1123046875 0.0966796875
0 0.36962890625 0.4716796875 0.0498046875 0.03515625
0 0.29248046875 0.47265625 0.1025390625 0.033203125
0 0.08642578125 0.47802734375 0.0556640625 0.0224609375
0 0.68505859375 0.0107421875 0.0400390625 0.021484375
0 0.74609375 0.01611328125 0.068359375 0.0322265625
0 0.8076171875 0.02001953125 0.060546875 0.0400390625
0 0.716796875 0.08837890625 0.0810546875 0.095703125
0 0.79345703125 0.09814453125 0.06884765625 0.08544921875
0 0.10009765625 0.681640625 0.2001953125 0.25
0 0.29296875 0.728515625 0.17333984375 0.17919921875
0 0.203125 0.87255859375 0.03857421875 0.02734375
0 0.23486328125 0.8779296875 0.02880859375 0.02734375
0 0.2744140625 0.88330078125 0.046875 0.02734375
0 0.42578125 0.75927734375 0.017578125 0.01953125
0 0.48583984375 0.7392578125 0.04150390625 0.0263671875
0 0.55615234375 0.7099609375 0.02001953125 0.01806640625
0 0.58349609375 0.7041015625 0.03125 0.0224609375
0 0.7451171875 0.58984375 0.060546875 0.05810546875
0 0.8173828125 0.5634765625 0.08251953125 0.06689453125
0 0.67138671875 0.6826171875 0.107421875 0.095703125
0 0.85986328125 0.626953125 0.267578125 0.154296875
0 0.87646484375 0.703125 0.0439453125 0.029296875
0 0.94921875 0.68310546875 0.1015625 0.0556640625