0 0.4072265625 0.435546875 0.0302734375 0.0361328125
0 0.38232421875 0.34375 0.03857421875 0.0556640625
0 0.44384765625 0.2861328125 0.0283203125 0.029296875
0 0.5078125 0.2802734375 0.08837890625 0.041015625
0 0.48291015625 0.341796875 0.1064453125 0.0546875
0 0.44384765625 0.390625 0.0283203125 0.0234375
0 0.48291015625 0.388671875 0.0546875 0.0234375
0 0.03857421875 0.6591796875 0.0771484375 0.189453125
0 0.1318359375 0.70263671875 0.1171875 0.0693359375
0 0.2783203125 0.68603515625 0.0732421875 0.0693359375
0 0.34716796875 0.68603515625 0.06396484375 0.091796875
0 0.40576171875 0.6591796875 0.0478515625 0.09375