0 0.48876953125 0.36962890625 0.0849609375 0.0595703125
0 0.59130859375 0.38037109375 0.1123046875 0.0380859375
0 0.36865234375 0.40966796875 0.0263671875 0.0205078125
0 0.3515625 0.40966796875 0.017578125 0.0205078125
0 0.33251953125 0.41015625 0.0185546875 0.021484375
0 0.42236328125 0.42041015625 0.0458984375 0.0419921875
0 0.54443359375 0.427734375 0.0556640625 0.056640625
0 0.5947265625 0.42333984375 0.041015625 0.0478515625
0 0.64697265625 0.4267578125 0.0615234375 0.0546875
0 0.70947265625 0.42724609375 0.0615234375 0.0556640625
0 0.44677734375 0.466796875 0.09423828125 0.0283203125
0 0.51513671875 0.46923828125 0.0341796875 0.0263671875
0 0.568359375 0.47021484375 0.06103515625 0.02490234375
0 0.634765625 0.47509765625 0.06396484375 0.0283203125
0 0.69384765625 0.77587890625 0.02587890625 0.02001953125
0 0.72216796875 0.77490234375 0.02880859375 0.021484375
0 0.70263671875 0.81640625 0.02880859375 0.01806640625
0 0.7236328125 0.8154296875 0.01123046875 0.02001953125
0 0.7421875 0.8154296875 0.02685546875 0.02001953125
0 0.7646484375 0.81640625 0.01708984375 0.021484375
0 0.69580078125 0.83935546875 0.01806640625 0.021484375
0 0.72314453125 0.837890625 0.0341796875 0.021484375
0 0.7568359375 0.8369140625 0.0322265625 0.02001953125
0 0.6494140625 0.81884765625 0.0087890625 0.0166015625
0 0.650390625 0.8427734375 0.01123046875 0.01806640625
0 0.94482421875 0.81201171875 0.01220703125 0.0166015625
0 0.9609375 0.810546875 0.02587890625 0.0166015625
0 0.97998046875 0.80859375 0.01611328125 0.0166015625
0 0.99267578125 0.8056640625 0.0146484375 0.017578125
0 0.94970703125 0.826171875 0.01416015625 0.01806640625
0 0.9619140625 0.826171875 0.01416015625 0.01513671875
0 0.97509765625 0.826171875 0.01416015625 0.01513671875