0 0.3056640625 0.0107421875 0.208984375 0.021484375
0 0.1083984375 0.18212890625 0.216796875 0.3076171875
0 0.34033203125 0.1708984375 0.2177734375 0.224609375
0 0.04052734375 0.37744140625 0.0810546875 0.0517578125
0 0.12158203125 0.3896484375 0.06494140625 0.05517578125
0 0.20166015625 0.3828125 0.07763671875 0.0517578125
0 0.2919921875 0.38720703125 0.0849609375 0.0498046875
0 0.373046875 0.39697265625 0.06494140625 0.05322265625
0 0.43115234375 0.3896484375 0.0361328125 0.052734375
0 0.0908203125 0.447265625 0.181640625 0.044921875
0 0.24365234375 0.451171875 0.1064453125 0.04150390625
0 0.3603515625 0.4580078125 0.0673828125 0.05810546875
0 0.42626953125 0.44970703125 0.0458984375 0.0615234375
0 0.0068359375 0.517578125 0.013671875 0.03125
0 0.056640625 0.51806640625 0.0625 0.03173828125
0 0.0986328125 0.52099609375 0.01611328125 0.02490234375
0 0.16015625 0.52294921875 0.07861328125 0.03515625
0 0.20849609375 0.52197265625 0.01611328125 0.02685546875
0 0.24951171875 0.52294921875 0.03515625 0.0283203125
0 0.29345703125 0.5244140625 0.048828125 0.0283203125
0 0.3466796875 0.52783203125 0.0498046875 0.03173828125
0 0.4091796875 0.53125 0.0498046875 0.03173828125
0 0.4423828125 0.5283203125 0.013671875 0.029296875
0 0.9072265625 0.00830078125 0.021484375 0.0166015625
0 0.8828125 0.0478515625 0.01806640625 0.021484375
0 0.9228515625 0.05419921875 0.048828125 0.0244140625
0 0.89306640625 0.10693359375 0.03857421875 0.04541015625
0 0.9306640625 0.11279296875 0.03662109375 0.05126953125
0 0.88671875 0.17138671875 0.04443359375 0.060546875
0 0.92138671875 0.1728515625 0.02734375 0.060546875
0 0.94677734375 0.18115234375 0.021484375 0.0380859375
0 0.1962890625 0.8525390625 0.234375 0.294921875
0 0.37646484375 0.8349609375 0.1455078125 0.330078125
0 0.587890625 0.80517578125 0.05859375 0.07568359375
0 0.6572265625 0.8076171875 0.083984375 0.07568359375
0 0.732421875 0.8115234375 0.0703125 0.06787109375
0 0.859375 0.806640625 0.11328125 0.07861328125
0 0.9599609375 0.80615234375 0.080078125 0.0791015625
0 0.6416015625 0.90087890625 0.103515625 0.09423828125
0 0.7587890625 0.90869140625 0.126953125 0.083984375
0 0.9150390625 0.91845703125 0.169921875 0.0732421875
0 0.615234375 0.98046875 0.109375 0.0390625
0 0.740234375 0.984375 0.140625 0.03125