0 0.0068359375 0.2626953125 0.013671875 0.109375
0 0.0537109375 0.2724609375 0.076171875 0.09521484375
0 0.11669921875 0.2724609375 0.052734375 0.09814453125
0 0.19677734375 0.28076171875 0.10498046875 0.091796875
0 0.26904296875 0.2822265625 0.03515625 0.08837890625
0 0.31787109375 0.29150390625 0.05517578125 0.1064453125
0 0.38037109375 0.28125 0.06494140625 0.10009765625
0 0.43212890625 0.2958984375 0.0341796875 0.076171875
0 0.056640625 0.39990234375 0.0498046875 0.06689453125
0 0.11767578125 0.419921875 0.06494140625 0.06982421875
0 0.17529296875 0.4130859375 0.04248046875 0.05322265625
0 0.2333984375 0.41748046875 0.06396484375 0.08154296875
0 0.27978515625 0.40869140625 0.02392578125 0.06494140625
0 0.3193359375 0.41162109375 0.04736328125 0.06689453125
0 0.3662109375 0.41064453125 0.041015625 0.068359375
0 0.0205078125 0.51025390625 0.041015625 0.0654296875
0 0.0703125 0.51953125 0.05517578125 0.08349609375
0 0.134765625 0.521484375 0.06640625 0.08984375
0 0.181640625 0.515625 0.0224609375 0.068359375
0 0.2265625 0.5224609375 0.0576171875 0.08154296875
0 0.28662109375 0.52783203125 0.0576171875 0.08642578125
0 0.3408203125 0.521484375 0.041015625 0.06982421875
0 0.38720703125 0.52880859375 0.0439453125 0.0751953125
0 0.72509765625 0.02978515625 0.0390625 0.01953125
0 0.783203125 0.02587890625 0.08642578125 0.02099609375