0 0.9267578125 0.259765625 0.068359375 0.0849609375
0 0.83203125 0.2568359375 0.05859375 0.0673828125
0 0.2626953125 0.3359375 0.029296875 0.0380859375
0 0.2626953125 0.40625 0.033203125 0.0498046875
0 0.3994140625 0.3359375 0.029296875 0.0380859375
0 0.5224609375 0.3359375 0.029296875 0.0380859375
0 0.4013671875 0.40625 0.033203125 0.0498046875
0 0.5234375 0.40478515625 0.03515625 0.046875
0 0.5810546875 0.38134765625 0.025390625 0.03515625
0 0.6181640625 0.38427734375 0.037109375 0.029296875
0 0.6748046875 0.38134765625 0.052734375 0.03515625
0 0.568359375 0.43408203125 0.02734375 0.029296875
0 0.5947265625 0.43115234375 0.029296875 0.03515625
0 0.6376953125 0.4326171875 0.056640625 0.0263671875