0 0.033203125 0.2841796875 0.06640625 0.078125
0 0.1240234375 0.26513671875 0.10546875 0.07763671875
0 0.29345703125 0.24658203125 0.21923828125 0.0986328125
0 0.04248046875 0.39697265625 0.0849609375 0.1083984375
0 0.16357421875 0.39501953125 0.14599609375 0.1162109375
0 0.27587890625 0.38232421875 0.05419921875 0.09130859375
0 0.48583984375 0.38525390625 0.25439453125 0.1513671875
0 0.0458984375 0.509765625 0.091796875 0.060546875
0 0.107421875 0.51513671875 0.04443359375 0.05810546875
0 0.20263671875 0.51806640625 0.1484375 0.06787109375
0 0.314453125 0.52294921875 0.08056640625 0.06591796875
0 0.47216796875 0.52978515625 0.23486328125 0.07177734375
0 0.5302734375 0.66650390625 0.134765625 0.06201171875
0 0.4228515625 0.65380859375 0.0693359375 0.05615234375
0 0.35546875 0.64501953125 0.0625 0.05810546875
0 0.275390625 0.63916015625 0.0888671875 0.05419921875
0 0.1748046875 0.62744140625 0.0849609375 0.05419921875
0 0.09765625 0.62939453125 0.06689453125 0.05419921875
0 0.03125 0.6171875 0.0625 0.046875
0 0.72021484375 0.38916015625 0.1220703125 0.0595703125
0 0.73779296875 0.44921875 0.1328125 0.06298828125
0 0.03759765625 0.8037109375 0.0361328125 0.0078125
0 0.0703125 0.80859375 0.0390625 0.017578125
0 0.109375 0.806640625 0.048828125 0.013671875
0 0.15087890625 0.80859375 0.0400390625 0.017578125
0 0.01513671875 0.83349609375 0.0302734375 0.0439453125
0 0.0390625 0.8359375 0.03125 0.03564453125
0 0.0810546875 0.8369140625 0.05615234375 0.03759765625
0 0.96484375 0.9580078125 0.0703125 0.021484375