0 0.0966796875 0.0693359375 0.05126953125 0.044921875
0 0.14794921875 0.0654296875 0.048828125 0.0400390625
0 0.21337890625 0.06787109375 0.072265625 0.03173828125
0 0.2900390625 0.0654296875 0.06982421875 0.0400390625
0 0.353515625 0.0654296875 0.04736328125 0.0400390625
0 0.396484375 0.06494140625 0.025390625 0.0400390625
0 0.09619140625 0.115234375 0.06494140625 0.04345703125
0 0.16650390625 0.11181640625 0.06640625 0.0498046875
0 0.2578125 0.1171875 0.10888671875 0.04345703125
0 0.35986328125 0.11865234375 0.0849609375 0.04345703125
0 0.09130859375 0.16796875 0.0673828125 0.044921875
0 0.1591796875 0.16455078125 0.0712890625 0.04833984375
0 0.21484375 0.1689453125 0.04736328125 0.03662109375
0 0.27978515625 0.1689453125 0.07763671875 0.033203125
0 0.359375 0.1689453125 0.0810546875 0.0498046875
0 0.177734375 0.22265625 0.076171875 0.03857421875
0 0.2578125 0.2255859375 0.07861328125 0.04345703125
0 0.33544921875 0.22119140625 0.06884765625 0.03515625
0 0.3896484375 0.216796875 0.0390625 0.04296875
0 0.37890625 0.26953125 0.060546875 0.044921875
0 0.13330078125 0.544921875 0.091796875 0.064453125
0 0.2197265625 0.544921875 0.076171875 0.04833984375
0 0.2880859375 0.54296875 0.052734375 0.05224609375
0 0.333984375 0.5390625 0.03515625 0.05224609375
0 0.3701171875 0.53466796875 0.033203125 0.068359375
0 0.39794921875 0.53662109375 0.0224609375 0.0556640625
0 0.11865234375 0.6474609375 0.0546875 0.068359375
0 0.1787109375 0.6455078125 0.060546875 0.064453125
0 0.23046875 0.6552734375 0.03515625 0.068359375
0 0.2734375 0.63720703125 0.046875 0.072265625
0 0.3125 0.63720703125 0.03125 0.072265625
0 0.345703125 0.6494140625 0.03125 0.080078125
0 0.375 0.63720703125 0.02734375 0.072265625
0 0.39990234375 0.640625 0.0185546875 0.064453125
0 0.5166015625 0.49658203125 0.21484375 0.2138671875
0 0.765625 0.51953125 0.25341796875 0.1630859375