0 0.0869140625 0.20263671875 0.173828125 0.1181640625
0 0.32421875 0.236328125 0.291015625 0.158203125
0 0.07666015625 0.3173828125 0.1533203125 0.103515625
0 0.2236328125 0.3447265625 0.11669921875 0.083984375
0 0.38232421875 0.37060546875 0.1748046875 0.1240234375
0 0.23974609375 0.44482421875 0.2216796875 0.10107421875
0 0.5361328125 0.44482421875 0.1328125 0.1435546875
0 0.62353515625 0.466796875 0.0341796875 0.03125
0 0.69140625 0.45263671875 0.10205078125 0.14013671875
0 0.8466796875 0.4638671875 0.18798828125 0.12841796875
0 0.52880859375 0.587890625 0.1181640625 0.0625
0 0.65185546875 0.58935546875 0.1279296875 0.0595703125
0 0.72998046875 0.61181640625 0.0205078125 0.0146484375
0 0.80224609375 0.59326171875 0.1318359375 0.0517578125
0 0.51904296875 0.6640625 0.0908203125 0.08984375
0 0.48193359375 0.86865234375 0.0244140625 0.0595703125
0 0.53173828125 0.8603515625 0.080078125 0.048828125