0 0.09375 0.3779296875 0.09521484375 0.20458984375
0 0.06005859375 0.53662109375 0.044921875 0.13818359375
0 0.09814453125 0.4853515625 0.05908203125 0.16357421875
0 0.46630859375 0.4267578125 0.1689453125 0.22509765625
0 0.3125 0.4638671875 0.09375 0.2021484375
0 0.89453125 0.05810546875 0.2109375 0.0908203125
0 0.89501953125 0.1220703125 0.2099609375 0.02734375
0 0.90869140625 0.1689453125 0.16748046875 0.0322265625
0 0.12744140625 0.6357421875 0.1748046875 0.052734375
0 0.0927734375 0.7451171875 0.185546875 0.1484375
0 0.26513671875 0.7333984375 0.14501953125 0.16845703125
0 0.43994140625 0.70751953125 0.1748046875 0.13671875
0 0.060546875 0.923828125 0.12109375 0.15234375
0 0.19970703125 0.93115234375 0.1474609375 0.1376953125
0 0.35986328125 0.9208984375 0.15771484375 0.1533203125
0 0.54248046875 0.87890625 0.1748046875 0.1796875
0 0.65087890625 0.63427734375 0.029296875 0.02978515625
0 0.681640625 0.6357421875 0.0283203125 0.0322265625
0 0.7158203125 0.63427734375 0.03857421875 0.03466796875
0 0.75439453125 0.63134765625 0.03662109375 0.03076171875
0 0.7998046875 0.63134765625 0.0478515625 0.03076171875
0 0.8515625 0.6337890625 0.05126953125 0.0283203125
0 0.67724609375 0.67724609375 0.076171875 0.0361328125
0 0.74072265625 0.67578125 0.03857421875 0.0361328125
0 0.8056640625 0.6796875 0.08642578125 0.04345703125
0 0.68408203125 0.71923828125 0.0751953125 0.03857421875
0 0.75634765625 0.71728515625 0.05712890625 0.037109375
0 0.84716796875 0.72119140625 0.11572265625 0.0419921875
0 0.7626953125 0.869140625 0.1220703125 0.0361328125