0 0.466796875 0.32568359375 0.21826171875 0.21728515625
0 0.6728515625 0.39794921875 0.1630859375 0.19482421875
0 0.845703125 0.46484375 0.1748046875 0.16943359375
0 0.40380859375 0.45703125 0.09619140625 0.12158203125
0 0.501953125 0.49365234375 0.09228515625 0.11181640625
0 0.60302734375 0.51904296875 0.11376953125 0.10546875
0 0.6875 0.53857421875 0.05908203125 0.08642578125
0 0.74853515625 0.54931640625 0.07470703125 0.07666015625
0 0.8134765625 0.5576171875 0.06689453125 0.09912109375
0 0.8564453125 0.5830078125 0.02734375 0.060546875
0 0.88916015625 0.58154296875 0.05712890625 0.07666015625
0 0.92919921875 0.59423828125 0.04345703125 0.0576171875
0 0.38525390625 0.6279296875 0.04736328125 0.05419921875
0 0.42529296875 0.6328125 0.033203125 0.0576171875
0 0.4697265625 0.63720703125 0.05908203125 0.060546875
0 0.5244140625 0.64697265625 0.05126953125 0.05419921875
0 0.41455078125 0.83056640625 0.11376953125 0.044921875
0 0.5029296875 0.8369140625 0.05908203125 0.03173828125