0 0.3115234375 0.048828125 0.197265625 0.09765625
0 0.5322265625 0.07568359375 0.234375 0.1513671875
0 0.29443359375 0.1533203125 0.19189453125 0.103515625
0 0.4599609375 0.1806640625 0.11669921875 0.083984375
0 0.59033203125 0.20654296875 0.1181640625 0.1240234375
0 0.47607421875 0.28076171875 0.2216796875 0.10107421875
0 0.3173828125 0.4111328125 0.1796875 0.04296875
0 0.26025390625 0.48291015625 0.14892578125 0.09716796875
0 0.39794921875 0.49658203125 0.10009765625 0.0751953125
0 0.52734375 0.505859375 0.10205078125 0.06787109375
0 0.626953125 0.501953125 0.044921875 0.06640625
0 0.26611328125 0.6005859375 0.142578125 0.08349609375
0 0.390625 0.603515625 0.08349609375 0.08349609375
0 0.6240234375 0.6171875 0.05078125 0.06640625
0 0.25341796875 0.71044921875 0.08740234375 0.06103515625
0 0.33203125 0.71240234375 0.0595703125 0.0654296875
0 0.40576171875 0.70654296875 0.080078125 0.052734375
0 0.482421875 0.70654296875 0.060546875 0.04736328125
0 0.56103515625 0.708984375 0.08642578125 0.0556640625
0 0.62939453125 0.7119140625 0.0400390625 0.0625
0 0.30615234375 0.77978515625 0.0595703125 0.0498046875
0 0.37353515625 0.77978515625 0.0634765625 0.04736328125
0 0.43310546875 0.77978515625 0.048828125 0.06103515625
0 0.48046875 0.779296875 0.03955078125 0.048828125
0 0.52587890625 0.77734375 0.04248046875 0.0498046875
0 0.58251953125 0.7763671875 0.0625 0.048828125
0 0.0234375 0.56689453125 0.0341796875 0.03173828125
0 0.01123046875 0.60791015625 0.0224609375 0.0205078125
0 0.033203125 0.6083984375 0.017578125 0.01806640625
0 0.11279296875 0.41455078125 0.0185546875 0.01953125