0 0.26416015625 0.205078125 0.06396484375 0.02880859375
0 0.30615234375 0.2333984375 0.0390625 0.02587890625
0 0.1748046875 0.2724609375 0.06884765625 0.04296875
0 0.25634765625 0.27294921875 0.08642578125 0.0400390625
0 0.2080078125 0.32275390625 0.17822265625 0.05322265625
0 0.310546875 0.31005859375 0.03466796875 0.0361328125
0 0.333984375 0.30908203125 0.02197265625 0.01611328125
0 0.19677734375 0.39697265625 0.04638671875 0.05322265625
0 0.25390625 0.3837890625 0.07470703125 0.03125
0 0.19873046875 0.44482421875 0.03662109375 0.02587890625
0 0.23046875 0.45849609375 0.0458984375 0.0205078125
0 0.28466796875 0.4482421875 0.0634765625 0.05712890625
0 0.46630859375 0.49609375 0.43017578125 0.2421875
0 0.4736328125 0.67041015625 0.2451171875 0.04150390625
0 0.4736328125 0.7109375 0.12353515625 0.03564453125
0 0.37744140625 0.74169921875 0.05810546875 0.0234375
0 0.4365234375 0.7431640625 0.05126953125 0.02099609375
0 0.49609375 0.74365234375 0.06884765625 0.02685546875
0 0.564453125 0.740234375 0.07177734375 0.0224609375
0 0.37646484375 0.76416015625 0.04931640625 0.0234375
0 0.4326171875 0.76513671875 0.0537109375 0.02490234375
0 0.49609375 0.763671875 0.072265625 0.02587890625
0 0.56201171875 0.75830078125 0.060546875 0.025390625
0 0.59619140625 0.7509765625 0.017578125 0.01025390625
0 0.56005859375 0.869140625 0.03125 0.01708984375
0 0.583984375 0.86279296875 0.01806640625 0.01513671875
0 0.615234375 0.8525390625 0.03857421875 0.02001953125
0 0.65234375 0.8388671875 0.041015625 0.02587890625
0 0.68017578125 0.82470703125 0.0263671875 0.0185546875
0 0.703125 0.81201171875 0.0283203125 0.02197265625
0 0.736328125 0.7880859375 0.0498046875 0.03955078125
0 0.6015625 0.87109375 0.02685546875 0.017578125
0 0.63037109375 0.86376953125 0.03515625 0.0205078125
0 0.654296875 0.85302734375 0.02197265625 0.0185546875
0 0.6845703125 0.83984375 0.04345703125 0.02734375
0 0.71044921875 0.82275390625 0.025390625 0.0185546875
0 0.728515625 0.80859375 0.02685546875 0.02392578125