0 0.00390625 0.03955078125 0.0078125 0.0146484375
0 0.02392578125 0.041015625 0.03759765625 0.013671875
0 0.18994140625 0.04443359375 0.0322265625 0.029296875
0 0.23681640625 0.04638671875 0.05517578125 0.02783203125
0 0.29150390625 0.05029296875 0.0478515625 0.02783203125
0 0.32666015625 0.04833984375 0.0166015625 0.0234375
0 0.36328125 0.04541015625 0.0478515625 0.029296875
0 0.41162109375 0.04833984375 0.04248046875 0.0263671875
0 0.45068359375 0.0478515625 0.03125 0.0224609375
0 0.580078125 0.04541015625 0.03857421875 0.0234375
0 0.51171875 0.0478515625 0.02294921875 0.0224609375
0 0.04443359375 0.11376953125 0.0888671875 0.0576171875
0 0.12939453125 0.11083984375 0.0654296875 0.04296875
0 0.2236328125 0.11669921875 0.09765625 0.05712890625
0 0.30908203125 0.11767578125 0.064453125 0.05419921875
0 0.41064453125 0.10205078125 0.1298828125 0.06396484375
0 0.5283203125 0.1044921875 0.10205078125 0.04736328125
0 0.1142578125 0.18017578125 0.2080078125 0.0849609375
0 0.4130859375 0.193359375 0.30615234375 0.111328125
0 0.0166015625 0.27099609375 0.033203125 0.0166015625
0 0.0498046875 0.2734375 0.03125 0.02099609375
0 0.08447265625 0.27197265625 0.033203125 0.01806640625
0 0.10986328125 0.271484375 0.015625 0.0166015625
0 0.13623046875 0.271484375 0.033203125 0.0166015625
0 0.16748046875 0.2705078125 0.02685546875 0.01513671875
0 0.19384765625 0.27197265625 0.01953125 0.01806640625
0 0.21044921875 0.2705078125 0.01123046875 0.01513671875
0 0.22509765625 0.27197265625 0.017578125 0.01806640625
0 0.24658203125 0.271484375 0.0166015625 0.0166015625
0 0.26611328125 0.27001953125 0.02099609375 0.0166015625
0 0.29248046875 0.2705078125 0.03125 0.02099609375
0 0.31982421875 0.27001953125 0.01953125 0.0166015625
0 0.341796875 0.26806640625 0.01953125 0.02099609375
0 0.365234375 0.26904296875 0.02490234375 0.01806640625
0 0.39501953125 0.26904296875 0.0322265625 0.01806640625
0 0.06494140625 0.29248046875 0.1298828125 0.0205078125
0 0.529296875 0.26806640625 0.02392578125 0.01806640625
0 0.5751953125 0.26611328125 0.068359375 0.0185546875
0 0.44677734375 0.28857421875 0.03857421875 0.01806640625
0 0.537109375 0.28955078125 0.14453125 0.0224609375
0 0.68798828125 0.03564453125 0.1572265625 0.0537109375
0 0.63232421875 0.0927734375 0.0458984375 0.05078125
0 0.6904296875 0.099609375 0.06298828125 0.056640625
0 0.08642578125 0.40283203125 0.0830078125 0.0263671875
0 0.18701171875 0.4052734375 0.1005859375 0.03125
0 0.0498046875 0.5048828125 0.099609375 0.044921875
0 0.1396484375 0.51123046875 0.06298828125 0.0361328125
0 0.24169921875 0.51220703125 0.134765625 0.03369140625
0 0.3388671875 0.51513671875 0.041015625 0.0361328125
0 0.0498046875 0.6357421875 0.099609375 0.044921875
0 0.1396484375 0.6376953125 0.06689453125 0.03369140625
0 0.24462890625 0.6396484375 0.134765625 0.03759765625
0 0.3388671875 0.64013671875 0.041015625 0.0361328125
0 0.0498046875 0.7490234375 0.099609375 0.04296875
0 0.138671875 0.75439453125 0.06494140625 0.03759765625
0 0.24658203125 0.75341796875 0.134765625 0.0361328125
0 0.34228515625 0.7548828125 0.0478515625 0.0361328125
0 0.0498046875 0.87646484375 0.099609375 0.0400390625
0 0.1396484375 0.87841796875 0.06298828125 0.03955078125
0 0.244140625 0.87744140625 0.14013671875 0.0380859375
0 0.34228515625 0.88037109375 0.0478515625 0.0390625
0 0.048828125 0.9912109375 0.09765625 0.017578125
0 0.13818359375 0.99169921875 0.0693359375 0.0166015625
0 0.24658203125 0.99072265625 0.1396484375 0.0185546875
0 0.3447265625 0.99169921875 0.04296875 0.0166015625
0 0.6923828125 0.45703125 0.12109375 0.08642578125
0 0.7841796875 0.4755859375 0.04296875 0.07568359375
0 0.86376953125 0.462890625 0.0927734375 0.0771484375
0 0.9599609375 0.4599609375 0.080078125 0.087890625
0 0.64990234375 0.54443359375 0.0810546875 0.0439453125
0 0.81884765625 0.54833984375 0.2060546875 0.0400390625
0 0.87451171875 0.94580078125 0.0341796875 0.0107421875
0 0.99609375 0.6787109375 0.0078125 0.0390625
0 0.99609375 0.73046875 0.0078125 0.046875