0 0.04150390625 0.05126953125 0.0830078125 0.0693359375
0 0.095703125 0.048828125 0.02734375 0.06103515625
0 0.15185546875 0.048828125 0.0849609375 0.0576171875
0 0.23095703125 0.0546875 0.0634765625 0.0693359375
0 0.28173828125 0.05078125 0.0400390625 0.06103515625
0 0.34423828125 0.05322265625 0.07421875 0.0830078125
0 0.029296875 0.1474609375 0.05859375 0.06640625
0 0.44873046875 0.1611328125 0.1611328125 0.05859375
0 0.39599609375 0.26416015625 0.04833984375 0.08154296875
0 0.455078125 0.2724609375 0.0615234375 0.0712890625
0 0.5107421875 0.29345703125 0.037109375 0.0732421875
0 0.51171875 0.3583984375 0.03515625 0.064453125
0 0.484375 0.4443359375 0.08984375 0.0703125
0 0.2548828125 0.31396484375 0.05322265625 0.0390625
0 0.3037109375 0.32373046875 0.0380859375 0.04052734375
0 0.3388671875 0.3193359375 0.02978515625 0.03564453125
0 0.294921875 0.3759765625 0.11328125 0.0712890625
0 0.02880859375 0.26806640625 0.0576171875 0.0791015625
0 0.12646484375 0.26904296875 0.1279296875 0.09814453125
0 0.0869140625 0.3828125 0.1640625 0.11181640625
0 0.00927734375 0.4638671875 0.0185546875 0.03125
0 0.57470703125 0.107421875 0.0908203125 0.05859375
0 0.66650390625 0.0927734375 0.080078125 0.04736328125
0 0.73095703125 0.07958984375 0.0458984375 0.03515625
0 0.5498046875 0.162109375 0.041015625 0.056640625
0 0.65283203125 0.130859375 0.16162109375 0.056640625
0 0.078125 0.658203125 0.056640625 0.03271484375
0 0.15625 0.646484375 0.099609375 0.03271484375
0 0.08447265625 0.681640625 0.0869140625 0.03271484375
0 0.18212890625 0.671875 0.10498046875 0.03271484375
0 0.7060546875 0.48974609375 0.01953125 0.0205078125
0 0.72021484375 0.48828125 0.0087890625 0.017578125
0 0.73095703125 0.48828125 0.0166015625 0.017578125
0 0.74951171875 0.490234375 0.0205078125 0.021484375
0 0.76513671875 0.48681640625 0.0107421875 0.0146484375
0 0.7841796875 0.486328125 0.02734375 0.013671875
0 0.806640625 0.48486328125 0.01953125 0.0107421875
0 0.822265625 0.484375 0.01171875 0.009765625
0 0.7421875 0.96533203125 0.02294921875 0.0224609375