0 0.56884765625 0.0771484375 0.06884765625 0.05224609375
0 0.6142578125 0.076171875 0.009765625 0.05078125
0 0.5634765625 0.14453125 0.0400390625 0.04638671875
0 0.60302734375 0.1455078125 0.0322265625 0.04296875
0 0.6640625 0.1630859375 0.0625 0.07861328125
0 0.73876953125 0.1572265625 0.07763671875 0.07470703125
0 0.8076171875 0.1513671875 0.03515625 0.07080078125
0 0.84912109375 0.1494140625 0.04736328125 0.06689453125
0 0.62939453125 0.2685546875 0.0205078125 0.0703125
0 0.69140625 0.26318359375 0.09228515625 0.07470703125
0 0.798828125 0.25341796875 0.03759765625 0.07080078125
0 0.84130859375 0.25146484375 0.04736328125 0.06689453125
0 0.5439453125 0.904296875 0.150390625 0.19140625
0 0.53857421875 0.7255859375 0.01318359375 0.03759765625
0 0.5390625 0.6845703125 0.01220703125 0.04443359375
0 0.51025390625 0.5498046875 0.07568359375 0.19921875
0 0.49267578125 0.4482421875 0.08056640625 0.029296875
0 0.28955078125 0.43359375 0.02734375 0.01953125
0 0.3212890625 0.54638671875 0.0078125 0.01123046875
0 0.296875 0.6103515625 0.01513671875 0.01416015625
0 0.32666015625 0.61767578125 0.0078125 0.01416015625
0 0.33984375 0.61962890625 0.0068359375 0.0126953125
0 0.283203125 0.64111328125 0.01416015625 0.01416015625
0 0.33984375 0.65380859375 0.01318359375 0.0166015625
0 0.681640625 0.4541015625 0.125 0.146484375
0 0.8515625 0.45849609375 0.18603515625 0.14501953125
0 0.9794921875 0.45703125 0.041015625 0.126953125
0 0.68359375 0.611328125 0.12890625 0.12109375
0 0.8740234375 0.59375 0.21630859375 0.134765625
0 0.6748046875 0.701171875 0.1025390625 0.046875
0 0.89208984375 0.794921875 0.2158203125 0.05859375
0 0.6552734375 0.8525390625 0.072265625 0.046875
0 0.71533203125 0.8525390625 0.04638671875 0.04345703125
0 0.8056640625 0.85498046875 0.12890625 0.044921875
0 0.90283203125 0.86181640625 0.05859375 0.03515625
0 0.955078125 0.86083984375 0.044921875 0.033203125
0 0.9892578125 0.85888671875 0.021484375 0.0439453125