0 0.1708984375 0.234375 0.130859375 0.072265625
0 0.3984375 0.236328125 0.1015625 0.060546875
0 0.0634765625 0.326171875 0.091796875 0.041015625
0 0.1650390625 0.328125 0.099609375 0.041015625
0 0.3525390625 0.326171875 0.208984375 0.037109375
0 0.533203125 0.3232421875 0.1328125 0.03515625
0 0.13671875 0.4111328125 0.1953125 0.0546875
0 0.3974609375 0.41015625 0.197265625 0.056640625
0 0.298828125 0.5107421875 0.375 0.05078125
0 0.1953125 0.5927734375 0.2578125 0.046875
0 0.01171875 0.5771484375 0.0234375 0.0234375
0 0.0234375 0.599609375 0.046875 0.021484375
0 0.0107421875 0.65625 0.021484375 0.021484375
0 0.0439453125 0.6572265625 0.041015625 0.0234375
0 0.08203125 0.6591796875 0.03125 0.0234375
0 0.1142578125 0.6591796875 0.029296875 0.0234375
0 0.14453125 0.66015625 0.03125 0.025390625
0 0.2451171875 0.68798828125 0.212890625 0.0224609375
0 0.181640625 0.6591796875 0.0390625 0.0234375
0 0.2236328125 0.662109375 0.041015625 0.021484375
0 0.26953125 0.6630859375 0.046875 0.02734375
0 0.3056640625 0.6630859375 0.021484375 0.0234375
0 0.3349609375 0.6630859375 0.029296875 0.0234375
0 0.3662109375 0.6640625 0.025390625 0.021484375
0 0.392578125 0.666015625 0.0234375 0.025390625
0 0.421875 0.666015625 0.03515625 0.021484375
0 0.37109375 0.5849609375 0.0546875 0.0234375
0 0.45703125 0.66796875 0.03125 0.021484375
0 0.4931640625 0.6689453125 0.037109375 0.0234375
0 0.5390625 0.6708984375 0.05078125 0.0234375
0 0.4150390625 0.5859375 0.029296875 0.021484375
0 0.4580078125 0.5849609375 0.048828125 0.01953125
0 0.51171875 0.5859375 0.0546875 0.021484375
0 0.359375 0.60546875 0.03125 0.017578125
0 0.38671875 0.6064453125 0.01953125 0.01953125
0 0.4365234375 0.6083984375 0.076171875 0.0234375
0 0.5068359375 0.6083984375 0.056640625 0.01953125
0 0.55078125 0.609375 0.03125 0.021484375
0 0.583984375 0.611328125 0.03125 0.021484375
0 0.64990234375 0.12841796875 0.09423828125 0.10546875
0 0.76611328125 0.12646484375 0.10400390625 0.09814453125
0 0.9072265625 0.12548828125 0.1328125 0.087890625
0 0.61962890625 0.25830078125 0.0390625 0.07373046875
0 0.7060546875 0.2548828125 0.1279296875 0.078125
0 0.80859375 0.2578125 0.05078125 0.060546875
0 0.8564453125 0.25634765625 0.01904296875 0.060546875
0 0.88525390625 0.26513671875 0.02099609375 0.03759765625
0 0.93212890625 0.25341796875 0.05615234375 0.060546875
0 0.7353515625 0.564453125 0.01513671875 0.01025390625
0 0.6787109375 0.60986328125 0.02783203125 0.03173828125
0 0.7109375 0.611328125 0.02978515625 0.02880859375
0 0.748046875 0.61328125 0.0380859375 0.02734375
0 0.00634765625 0.7451171875 0.0126953125 0.052734375
0 0.04443359375 0.7490234375 0.05224609375 0.06005859375
0 0.080078125 0.75146484375 0.0107421875 0.0185546875
0 0.11181640625 0.7421875 0.04736328125 0.05517578125
0 0.166015625 0.748046875 0.05517578125 0.06689453125
0 0.19970703125 0.7490234375 0.01171875 0.02294921875
0 0.22265625 0.7421875 0.03271484375 0.064453125
0 0.26318359375 0.74560546875 0.04052734375 0.06689453125
0 0.4150390625 0.73876953125 0.05029296875 0.0576171875
0 0.5166015625 0.7353515625 0.14892578125 0.05517578125
0 0.59521484375 0.73486328125 0.0087890625 0.0224609375
0 0.6416015625 0.86181640625 0.083984375 0.2451171875
0 0.7490234375 0.9150390625 0.126953125 0.169921875
0 0.916015625 0.908203125 0.16796875 0.18359375