0 0.193359375 0.046875 0.220703125 0.09375
0 0.09814453125 0.14111328125 0.1591796875 0.1669921875
0 0.30908203125 0.15771484375 0.25048828125 0.15869140625
0 0.0556640625 0.265625 0.111328125 0.107421875
0 0.20263671875 0.26513671875 0.19677734375 0.08935546875
0 0.080078125 0.37353515625 0.11376953125 0.1044921875
0 0.19873046875 0.36474609375 0.11572265625 0.12548828125
0 0.32177734375 0.3642578125 0.09912109375 0.1298828125
0 0.41943359375 0.37109375 0.11376953125 0.12109375
0 0.08203125 0.63232421875 0.01171875 0.0146484375
0 0.6005859375 0.18310546875 0.08203125 0.1552734375
0 0.826171875 0.2080078125 0.34765625 0.1875
0 0.77099609375 0.37451171875 0.4228515625 0.1064453125
0 0.611328125 0.681640625 0.103515625 0.083984375
0 0.7255859375 0.6787109375 0.134765625 0.078125
0 0.5703125 0.7822265625 0.021484375 0.111328125
0 0.62060546875 0.78564453125 0.08203125 0.10595703125
0 0.68798828125 0.78857421875 0.05224609375 0.10595703125
0 0.74755859375 0.791015625 0.06396484375 0.09423828125