0 0.65673828125 0.01171875 0.0498046875 0.0234375
0 0.06982421875 0.86474609375 0.1396484375 0.0654296875
0 0.27587890625 0.77099609375 0.0546875 0.0478515625
0 0.33984375 0.744140625 0.080078125 0.02783203125
0 0.39208984375 0.7568359375 0.0341796875 0.041015625
0 0.27099609375 0.8583984375 0.0576171875 0.04931640625
0 0.3232421875 0.87255859375 0.0498046875 0.01806640625
0 0.673828125 0.869140625 0.0673828125 0.10498046875
0 0.74755859375 0.86669921875 0.072265625 0.13330078125
0 0.85546875 0.85400390625 0.14013671875 0.12841796875
0 0.96240234375 0.865234375 0.0751953125 0.138671875
0 0.7080078125 0.96923828125 0.095703125 0.0615234375
0 0.80859375 0.97216796875 0.091796875 0.0556640625
0 0.9228515625 0.9697265625 0.125 0.060546875