0 0.087890625 0.00537109375 0.06640625 0.0107421875
0 0.17919921875 0.00634765625 0.1083984375 0.0126953125
0 0.28173828125 0.0068359375 0.0849609375 0.013671875
0 0.0234375 0.0419921875 0.046875 0.044921875
0 0.0810546875 0.03857421875 0.0712890625 0.04833984375
0 0.13671875 0.04296875 0.04736328125 0.03662109375
0 0.20166015625 0.04296875 0.07763671875 0.033203125
0 0.28125 0.04296875 0.0810546875 0.0498046875
0 0.349609375 0.04296875 0.05126953125 0.046875
0 0.4091796875 0.0419921875 0.0576171875 0.03515625
0 0.47119140625 0.03759765625 0.06103515625 0.04345703125
0 0.52880859375 0.0400390625 0.0439453125 0.044921875
0 0.57421875 0.0341796875 0.044921875 0.04345703125
0 0.6474609375 0.0361328125 0.09130859375 0.0400390625
0 0.7177734375 0.03369140625 0.04296875 0.0439453125
0 0.099609375 0.0966796875 0.076171875 0.03857421875
0 0.1796875 0.099609375 0.07861328125 0.04345703125
0 0.25732421875 0.09521484375 0.06884765625 0.03515625
0 0.32275390625 0.09130859375 0.06005859375 0.04345703125
0 0.3798828125 0.09130859375 0.041015625 0.04345703125
0 0.45556640625 0.09130859375 0.10009765625 0.04345703125
0 0.541015625 0.087890625 0.06103515625 0.046875
0 0.60693359375 0.08544921875 0.06005859375 0.044921875
0 0.68798828125 0.08544921875 0.08984375 0.04150390625
0 0.322265625 0.1435546875 0.103515625 0.044921875
0 0.40625 0.142578125 0.05615234375 0.046875
0 0.458984375 0.14599609375 0.044921875 0.03662109375
0 0.5146484375 0.14453125 0.05859375 0.03662109375
0 0.1318359375 0.3994140625 0.078125 0.060546875
0 0.2041015625 0.3994140625 0.05078125 0.060546875
0 0.251953125 0.3994140625 0.037109375 0.060546875
0 0.2890625 0.4052734375 0.041015625 0.0693359375
0 0.5732421875 0.390625 0.0625 0.04296875
0 0.5048828125 0.4404296875 0.05859375 0.0693359375
0 0.5625 0.4453125 0.056640625 0.06591796875
0 0.6318359375 0.45068359375 0.078125 0.0625
0 0.166015625 0.5498046875 0.115234375 0.107421875
0 0.3203125 0.54248046875 0.162109375 0.13525390625
0 0.458984375 0.5498046875 0.091796875 0.12841796875
0 0.587890625 0.55126953125 0.130859375 0.138671875
0 0.22265625 0.68505859375 0.064453125 0.13525390625
0 0.3046875 0.7060546875 0.083984375 0.107421875
0 0.4130859375 0.7021484375 0.11328125 0.12158203125
0 0.525390625 0.7060546875 0.083984375 0.12158203125
0 0.197265625 0.8271484375 0.029296875 0.0380859375
0 0.220703125 0.8291015625 0.021484375 0.04150390625
0 0.25 0.8291015625 0.033203125 0.04150390625
0 0.279296875 0.8291015625 0.025390625 0.04150390625
0 0.30859375 0.8310546875 0.025390625 0.044921875
0 0.3408203125 0.8310546875 0.0234375 0.044921875
0 0.46875 0.8359375 0.025390625 0.04150390625
0 0.9677734375 0.71240234375 0.064453125 0.0595703125
0 0.96240234375 0.970703125 0.0751953125 0.05859375