0 0.02099609375 0.02490234375 0.0419921875 0.0380859375
0 0.0693359375 0.0361328125 0.037109375 0.04150390625
0 0.1083984375 0.03173828125 0.02880859375 0.0400390625
0 0.15576171875 0.03662109375 0.0546875 0.04345703125
0 0.228515625 0.04443359375 0.06982421875 0.044921875
0 0.2900390625 0.04736328125 0.04541015625 0.04345703125
0 0.33935546875 0.0498046875 0.0439453125 0.03125
0 0.12451171875 0.16357421875 0.234375 0.13525390625
0 0.04296875 0.2724609375 0.05419921875 0.0634765625
0 0.1162109375 0.26708984375 0.076171875 0.06689453125
0 0.18017578125 0.2705078125 0.033203125 0.0615234375
0 0.24609375 0.28173828125 0.0927734375 0.05029296875
0 0.3515625 0.2880859375 0.09814453125 0.07568359375
0 0.0126953125 0.3525390625 0.025390625 0.033203125
0 0.1083984375 0.35888671875 0.12109375 0.0400390625
0 0.20947265625 0.3671875 0.072265625 0.03564453125
0 0.490234375 0.06005859375 0.041015625 0.0283203125
0 0.51953125 0.05712890625 0.01513671875 0.02587890625
0 0.47265625 0.1044921875 0.005859375 0.0234375
0 0.482421875 0.1044921875 0.0126953125 0.0263671875
0 0.50146484375 0.1044921875 0.0244140625 0.0263671875
0 0.52294921875 0.1044921875 0.01953125 0.0263671875
0 0.482421875 0.14794921875 0.025390625 0.0283203125
0 0.705078125 0.11328125 0.08447265625 0.0859375
0 0.794921875 0.12109375 0.08837890625 0.10888671875
0 0.9248046875 0.12939453125 0.150390625 0.1259765625
0 0.68505859375 0.22119140625 0.046875 0.0830078125
0 0.76220703125 0.23193359375 0.09765625 0.10302734375
0 0.8818359375 0.25634765625 0.12744140625 0.12890625
0 0.9765625 0.26416015625 0.046875 0.1103515625
0 0.69189453125 0.3359375 0.06787109375 0.107421875
0 0.75146484375 0.35546875 0.04345703125 0.07177734375
0 0.826171875 0.373046875 0.1123046875 0.12646484375
0 0.9453125 0.4130859375 0.109375 0.1484375
0 0.69580078125 0.44482421875 0.07177734375 0.1044921875
0 0.7744140625 0.47216796875 0.07763671875 0.1162109375
0 0.8916015625 0.52099609375 0.14501953125 0.15625
0 0.9853515625 0.572265625 0.029296875 0.12890625
0 0.1513671875 0.65869140625 0.1875 0.0380859375
0 0.36376953125 0.66015625 0.2119140625 0.041015625
0 0.11181640625 0.7421875 0.140625 0.07080078125
0 0.4921875 0.744140625 0.037109375 0.02685546875
0 0.529296875 0.75 0.037109375 0.02685546875
0 0.693359375 0.6640625 0.052734375 0.048828125
0 0.7509765625 0.67431640625 0.06640625 0.0693359375
0 0.818359375 0.67578125 0.068359375 0.072265625
0 0.880859375 0.68310546875 0.060546875 0.0771484375
0 0.935546875 0.6875 0.048828125 0.08056640625
0 0.6064453125 0.7333984375 0.03515625 0.08935546875
0 0.6513671875 0.74267578125 0.046875 0.0771484375
0 0.7158203125 0.74853515625 0.0703125 0.08935546875
0 0.783203125 0.75732421875 0.064453125 0.08349609375
0 0.83203125 0.767578125 0.033203125 0.08056640625
0 0.8740234375 0.767578125 0.046875 0.08642578125
0 0.908203125 0.78564453125 0.033203125 0.09228515625
0 0.9482421875 0.78564453125 0.046875 0.07421875