0 0.28564453125 0.1630859375 0.04541015625 0.04296875
0 0.3427734375 0.1650390625 0.06201171875 0.041015625
0 0.27001953125 0.20654296875 0.06103515625 0.04296875
0 0.32958984375 0.20849609375 0.0498046875 0.04150390625
0 0.658203125 0.1328125 0.1533203125 0.1171875
0 0.7939453125 0.11865234375 0.1064453125 0.11962890625
0 0.61669921875 0.2265625 0.1044921875 0.0703125
0 0.70263671875 0.22265625 0.0390625 0.05712890625
0 0.8056640625 0.21728515625 0.1328125 0.07275390625
0 0.66650390625 0.29296875 0.1982421875 0.07275390625
0 0.8212890625 0.27880859375 0.1142578125 0.06494140625
0 0.578125 0.35400390625 0.03125 0.04931640625
0 0.63525390625 0.35400390625 0.0830078125 0.06005859375
0 0.50341796875 0.8369140625 0.1279296875 0.134765625
0 0.6689453125 0.81640625 0.134765625 0.16650390625
0 0.86962890625 0.8017578125 0.20654296875 0.15869140625