0 0.041015625 0.45654296875 0.04833984375 0.064453125
0 0.06396484375 0.548828125 0.1083984375 0.06982421875
0 0.1748046875 0.4580078125 0.11669921875 0.08935546875
0 0.27685546875 0.4541015625 0.06982421875 0.08642578125
0 0.37060546875 0.4453125 0.1083984375 0.0810546875
0 0.49267578125 0.4482421875 0.125 0.09228515625
0 0.59765625 0.44677734375 0.078125 0.08935546875
0 0.6767578125 0.4453125 0.06689453125 0.08642578125
0 0.7490234375 0.4482421875 0.07177734375 0.08642578125
0 0.833984375 0.4345703125 0.09521484375 0.0810546875
0 0.94189453125 0.44287109375 0.11328125 0.08642578125
0 0.09521484375 0.455078125 0.02978515625 0.0615234375
0 0.146484375 0.5458984375 0.06005859375 0.09228515625
0 0.2216796875 0.54345703125 0.08642578125 0.0810546875
0 0.30419921875 0.53759765625 0.07177734375 0.0810546875
0 0.38427734375 0.53515625 0.0751953125 0.08642578125
0 0.45654296875 0.54052734375 0.06689453125 0.09228515625
0 0.56494140625 0.53759765625 0.13330078125 0.09228515625
0 0.6640625 0.53759765625 0.05517578125 0.09228515625
0 0.7509765625 0.5263671875 0.1083984375 0.0810546875