0 0.06005859375 0.25732421875 0.1201171875 0.1376953125
0 0.19873046875 0.26806640625 0.13232421875 0.11181640625
0 0.0302734375 0.40966796875 0.060546875 0.1005859375
0 0.10302734375 0.39013671875 0.06884765625 0.1064453125
0 0.18994140625 0.40185546875 0.09228515625 0.08984375
0 0.02587890625 0.5107421875 0.0517578125 0.091796875
0 0.10986328125 0.50927734375 0.08251953125 0.068359375
0 0.19873046875 0.5068359375 0.0673828125 0.06689453125
0 0.017578125 0.59326171875 0.03515625 0.0732421875
0 0.08935546875 0.5888671875 0.09375 0.07666015625
0 0.2099609375 0.60400390625 0.12109375 0.0712890625
0 0.5361328125 0.01171875 0.08984375 0.0234375
0 0.59716796875 0.01025390625 0.0322265625 0.0205078125
0 0.67919921875 0.017578125 0.1220703125 0.03515625
0 0.41455078125 0.0869140625 0.0498046875 0.158203125
0 0.51220703125 0.12353515625 0.1123046875 0.13818359375
0 0.658203125 0.119140625 0.15625 0.1201171875
0 0.412109375 0.20458984375 0.044921875 0.0556640625
0 0.48486328125 0.20263671875 0.08984375 0.06689453125
0 0.4951171875 0.32666015625 0.1650390625 0.17822265625
0 0.6015625 0.33251953125 0.03369140625 0.12646484375
0 0.6826171875 0.33349609375 0.11767578125 0.134765625
0 0.46240234375 0.4443359375 0.08740234375 0.05322265625
0 0.5859375 0.45263671875 0.134765625 0.0498046875
0 0.4501953125 0.62255859375 0.064453125 0.0341796875
0 0.52587890625 0.62353515625 0.0771484375 0.0322265625
0 0.32861328125 0.95751953125 0.1220703125 0.0849609375
0 0.63232421875 0.77880859375 0.05322265625 0.05126953125
0 0.70166015625 0.7705078125 0.06884765625 0.0576171875
0 0.77099609375 0.75537109375 0.0498046875 0.06103515625
0 0.86376953125 0.73876953125 0.1142578125 0.0732421875
0 0.615234375 0.85693359375 0.11474609375 0.10986328125
0 0.712890625 0.87548828125 0.06201171875 0.111328125
0 0.7978515625 0.8720703125 0.08203125 0.11865234375
0 0.912109375 0.85791015625 0.11376953125 0.107421875
0 0.59912109375 0.95556640625 0.08447265625 0.033203125
0 0.7197265625 0.9599609375 0.13720703125 0.03564453125
0 0.82275390625 0.96142578125 0.0380859375 0.03466796875
0 0.9296875 0.96337890625 0.140625 0.0400390625
0 0.49169921875 0.99609375 0.0126953125 0.0078125
0 0.51416015625 0.99560546875 0.0224609375 0.0087890625
0 0.54345703125 0.99658203125 0.0302734375 0.0068359375
0 0.71923828125 0.98974609375 0.0244140625 0.0205078125
0 0.73291015625 0.9951171875 0.0048828125 0.009765625
0 0.79345703125 0.99072265625 0.1123046875 0.0185546875
0 0.8564453125 0.99560546875 0.009765625 0.0087890625
0 0.8828125 0.9912109375 0.041015625 0.017578125
0 0.9521484375 0.99169921875 0.095703125 0.0166015625