0 0.19384765625 0.08349609375 0.05224609375 0.1611328125
0 0.4775390625 0.2470703125 0.3154296875 0.091796875
0 0.20556640625 0.40625 0.13623046875 0.154296875
0 0.431640625 0.39990234375 0.22412109375 0.15576171875
0 0.70654296875 0.388671875 0.25537109375 0.158203125
0 0.333984375 0.58935546875 0.0302734375 0.07373046875
0 0.39111328125 0.58251953125 0.0341796875 0.0654296875
0 0.53662109375 0.580078125 0.1376953125 0.07080078125
0 0.6376953125 0.58056640625 0.029296875 0.072265625
0 0.16748046875 0.7587890625 0.189453125 0.115234375
0 0.35400390625 0.7646484375 0.1396484375 0.1376953125
0 0.56005859375 0.748046875 0.22802734375 0.1181640625