0 0.43408203125 0.5 0.0361328125 0.0458984375
0 0.482421875 0.50830078125 0.05322265625 0.0361328125
0 0.552734375 0.51220703125 0.0771484375 0.04443359375
0 0.62744140625 0.51806640625 0.06298828125 0.04296875
0 0.6884765625 0.52294921875 0.046875 0.04931640625
0 0.75634765625 0.52880859375 0.0830078125 0.0478515625
0 0.8388671875 0.537109375 0.06787109375 0.05419921875
0 0.8916015625 0.54296875 0.033203125 0.03955078125
0 0.4384765625 0.552734375 0.048828125 0.04296875
0 0.490234375 0.5576171875 0.0498046875 0.052734375
0 0.56298828125 0.5634765625 0.0859375 0.0576171875
0 0.63818359375 0.57080078125 0.05419921875 0.052734375
0 0.70166015625 0.5830078125 0.05908203125 0.05419921875
0 0.76708984375 0.59130859375 0.06005859375 0.05078125
0 0.8525390625 0.5986328125 0.10302734375 0.05615234375
0 0.52978515625 0.61279296875 0.0380859375 0.05419921875
0 0.57763671875 0.62109375 0.05322265625 0.05419921875
0 0.64453125 0.634765625 0.0732421875 0.0625
0 0.71533203125 0.6396484375 0.05908203125 0.05615234375
0 0.763671875 0.64404296875 0.02490234375 0.05419921875
0 0.56982421875 0.7021484375 0.22802734375 0.11865234375
0 0.77099609375 0.7236328125 0.14599609375 0.115234375
0 0.4375 0.74072265625 0.033203125 0.03125
0 0.46533203125 0.7451171875 0.02099609375 0.03271484375
0 0.49072265625 0.74755859375 0.02685546875 0.03466796875
0 0.517578125 0.7509765625 0.02685546875 0.03759765625
0 0.54833984375 0.75732421875 0.03076171875 0.03125
0 0.5830078125 0.7646484375 0.0361328125 0.03271484375
0 0.61962890625 0.771484375 0.03515625 0.0361328125
0 0.43359375 0.77392578125 0.02490234375 0.02490234375
0 0.46044921875 0.77734375 0.02685546875 0.03466796875
0 0.48828125 0.77978515625 0.02685546875 0.03271484375
0 0.52294921875 0.787109375 0.0400390625 0.03759765625
0 0.56005859375 0.791015625 0.02978515625 0.03271484375
0 0.59228515625 0.80029296875 0.037109375 0.03125
0 0.625 0.80517578125 0.02587890625 0.03125
0 0.65478515625 0.81005859375 0.0322265625 0.03759765625
0 0.6884765625 0.81396484375 0.03076171875 0.02978515625
0 0.72509765625 0.822265625 0.0419921875 0.03271484375
0 0.767578125 0.828125 0.04296875 0.03759765625
0 0.81396484375 0.83740234375 0.0498046875 0.0361328125
0 0.869140625 0.84619140625 0.05615234375 0.041015625
0 0.42236328125 0.80078125 0.01708984375 0.02978515625
0 0.4482421875 0.80419921875 0.0322265625 0.03271484375
0 0.47998046875 0.81103515625 0.0341796875 0.03271484375
0 0.51171875 0.8173828125 0.02880859375 0.02978515625
0 0.54296875 0.82470703125 0.0380859375 0.03466796875
0 0.4306640625 0.83544921875 0.01904296875 0.02978515625
0 0.4580078125 0.84130859375 0.0380859375 0.03466796875
0 0.48681640625 0.84375 0.01806640625 0.03271484375
0 0.515625 0.85009765625 0.03515625 0.03271484375
0 0.5419921875 0.85791015625 0.01611328125 0.02490234375
0 0.5693359375 0.8642578125 0.037109375 0.03125
0 0.599609375 0.86572265625 0.01904296875 0.03125
0 0.6181640625 0.8740234375 0.01611328125 0.03125
0 0.63720703125 0.87353515625 0.02197265625 0.03271484375
0 0.6591796875 0.87744140625 0.02001953125 0.03125
0 0.6884765625 0.8857421875 0.0390625 0.03125
0 0.72509765625 0.89453125 0.0322265625 0.03271484375
0 0.75927734375 0.9013671875 0.0390625 0.0361328125
0 0.79638671875 0.9052734375 0.033203125 0.03125
0 0.83544921875 0.916015625 0.041015625 0.03271484375
0 0.88037109375 0.92333984375 0.046875 0.041015625