0 0.84765625 0.466796875 0.04931640625 0.0498046875
0 0.31689453125 0.67724609375 0.0341796875 0.03564453125
0 0.35400390625 0.68017578125 0.03466796875 0.03857421875
0 0.39306640625 0.68408203125 0.03515625 0.03515625
0 0.44287109375 0.68115234375 0.0615234375 0.0302734375
0 0.49560546875 0.67822265625 0.0380859375 0.03564453125
0 0.525390625 0.677734375 0.01513671875 0.0361328125
0 0.37939453125 0.7568359375 0.1337890625 0.08203125
0 0.482421875 0.7529296875 0.05810546875 0.09619140625
0 0.33349609375 0.84228515625 0.017578125 0.04931640625
0 0.3623046875 0.84375 0.0302734375 0.0537109375
0 0.4150390625 0.85302734375 0.03369140625 0.0439453125
0 0.46630859375 0.8515625 0.05908203125 0.0546875
0 0.306640625 0.90087890625 0.03125 0.0302734375
0 0.3349609375 0.90185546875 0.02734375 0.03759765625
0 0.36767578125 0.90673828125 0.03759765625 0.033203125
0 0.39453125 0.90771484375 0.01611328125 0.03369140625
0 0.41796875 0.912109375 0.033203125 0.03369140625
0 0.44287109375 0.9140625 0.0146484375 0.03271484375
0 0.4609375 0.91552734375 0.02099609375 0.03515625
0 0.48486328125 0.92138671875 0.0244140625 0.0283203125
0 0.51513671875 0.9228515625 0.03515625 0.03369140625
0 0.138671875 0.20849609375 0.02099609375 0.0341796875
0 0.16552734375 0.20263671875 0.03271484375 0.03369140625
0 0.197265625 0.2021484375 0.03173828125 0.03271484375
0 0.2236328125 0.193359375 0.02197265625 0.03271484375
0 0.25048828125 0.1884765625 0.03125 0.033203125
0 0.283203125 0.1865234375 0.03125 0.03466796875
0 0.11376953125 0.24853515625 0.03173828125 0.03564453125
0 0.14794921875 0.24365234375 0.0390625 0.02978515625
0 0.181640625 0.24072265625 0.0302734375 0.03369140625
0 0.2138671875 0.2314453125 0.03564453125 0.0361328125
0 0.248046875 0.2314453125 0.03076171875 0.03515625
0 0.27978515625 0.2216796875 0.037109375 0.04052734375
0 0.31640625 0.2177734375 0.037109375 0.03125
0 0.1728515625 0.3623046875 0.15576171875 0.1474609375
0 0.306640625 0.35888671875 0.11083984375 0.12158203125
0 0.4287109375 0.3505859375 0.1162109375 0.158203125
0 0.603515625 0.32275390625 0.20751953125 0.185546875
0 0.087890625 0.5498046875 0.02734375 0.033203125
0 0.1171875 0.54150390625 0.0283203125 0.0361328125
0 0.14111328125 0.54541015625 0.0185546875 0.02587890625
0 0.16748046875 0.53857421875 0.03515625 0.0390625
0 0.201171875 0.54345703125 0.03173828125 0.02783203125
0 0.23828125 0.541015625 0.0234375 0.02880859375
0 0.27001953125 0.53759765625 0.0390625 0.03369140625
0 0.31298828125 0.53466796875 0.0263671875 0.03759765625
0 0.341796875 0.53759765625 0.02978515625 0.041015625
0 0.5048828125 0.53271484375 0.04443359375 0.04345703125
0 0.56298828125 0.53369140625 0.06298828125 0.0361328125