0 0.21484375 0.296875 0.38134765625 0.19677734375
0 0.5205078125 0.24560546875 0.177734375 0.2353515625
0 0.18505859375 0.4833984375 0.3701171875 0.1328125
0 0.01904296875 0.56201171875 0.0380859375 0.0244140625
0 0.19091796875 0.580078125 0.02392578125 0.05078125
0 0.23828125 0.58447265625 0.06982421875 0.0419921875
0 0.3095703125 0.58544921875 0.06689453125 0.0439453125
0 0.3662109375 0.58544921875 0.0439453125 0.0439453125
0 0.41357421875 0.58544921875 0.046875 0.0400390625
0 0.1337890625 0.65625 0.115234375 0.048828125
0 0.2744140625 0.65869140625 0.1611328125 0.05078125
0 0.4189453125 0.66162109375 0.1298828125 0.048828125
0 0.515625 0.66162109375 0.05517578125 0.05224609375
0 0.16064453125 0.728515625 0.10107421875 0.05419921875
0 0.27783203125 0.7314453125 0.1279296875 0.048828125
0 0.4248046875 0.73486328125 0.1591796875 0.048828125
0 0.25244140625 0.79443359375 0.01708984375 0.02783203125
0 0.30078125 0.79345703125 0.0751953125 0.02978515625
0 0.369140625 0.7958984375 0.01220703125 0.02783203125
0 0.736328125 0.62548828125 0.134765625 0.099609375
0 0.88232421875 0.63330078125 0.14013671875 0.115234375
0 0.70556640625 0.80029296875 0.1923828125 0.2119140625
0 0.9140625 0.83154296875 0.171875 0.2275390625