0 0.6884765625 0.015625 0.1484375 0.03125
0 0.8125 0.015625 0.09375 0.03125
0 0.9306640625 0.015625 0.138671875 0.03125
0 0.68603515625 0.12744140625 0.150390625 0.0546875
0 0.79541015625 0.1259765625 0.060546875 0.05224609375
0 0.86474609375 0.1259765625 0.0732421875 0.04296875
0 0.65869140625 0.271484375 0.09619140625 0.0478515625
0 0.755859375 0.271484375 0.09814453125 0.056640625
0 0.65771484375 0.41162109375 0.08544921875 0.0498046875
0 0.67236328125 0.5595703125 0.1259765625 0.056640625
0 0.13671875 0.96826171875 0.150390625 0.0634765625
0 0.43505859375 0.94384765625 0.3486328125 0.1123046875
0 0.6953125 0.63720703125 0.052734375 0.0146484375
0 0.751953125 0.63720703125 0.056640625 0.0146484375
0 0.7998046875 0.63720703125 0.037109375 0.0146484375
0 0.83984375 0.63818359375 0.033203125 0.0166015625
0 0.89453125 0.6396484375 0.046875 0.01953125
0 0.9482421875 0.6435546875 0.05859375 0.02734375
0 0.990234375 0.64306640625 0.01953125 0.0263671875
0 0.6259765625 0.6689453125 0.033203125 0.052734375
0 0.68505859375 0.67431640625 0.0439453125 0.04248046875
0 0.74267578125 0.6767578125 0.06396484375 0.04736328125
0 0.83349609375 0.6767578125 0.06884765625 0.04736328125
0 0.92041015625 0.68310546875 0.1005859375 0.03759765625
0 0.61767578125 0.72265625 0.0166015625 0.029296875
0 0.64501953125 0.72802734375 0.02197265625 0.03271484375
0 0.677734375 0.7275390625 0.048828125 0.041015625
0 0.72802734375 0.7314453125 0.048828125 0.03271484375
0 0.90625 0.73291015625 0.03564453125 0.029296875