0 0.23388671875 0.123046875 0.09912109375 0.1162109375
0 0.3564453125 0.09033203125 0.11767578125 0.1201171875
0 0.1787109375 0.2685546875 0.16455078125 0.18017578125
0 0.34130859375 0.19091796875 0.1318359375 0.14697265625
0 0.2822265625 0.3037109375 0.08935546875 0.08935546875
0 0.5615234375 0.2939453125 0.14453125 0.03125
0 0.7314453125 0.28125 0.1513671875 0.03271484375
0 0.61474609375 0.35009765625 0.12548828125 0.02392578125
0 0.53564453125 0.41357421875 0.0927734375 0.0322265625
0 0.6923828125 0.408203125 0.17724609375 0.02978515625
0 0.53564453125 0.48193359375 0.0927734375 0.0283203125
0 0.68603515625 0.47265625 0.16455078125 0.0361328125
0 0.5439453125 0.546875 0.109375 0.02734375
0 0.70556640625 0.5439453125 0.18603515625 0.0283203125
0 0.55712890625 0.62060546875 0.1357421875 0.0263671875
0 0.2587890625 0.87841796875 0.076171875 0.17333984375
0 0.349609375 0.87158203125 0.0498046875 0.146484375
0 0.43115234375 0.8359375 0.1162109375 0.197265625