0 0.0712890625 0.15576171875 0.142578125 0.3115234375
0 0.1318359375 0.45947265625 0.091796875 0.0595703125
0 0.19970703125 0.4638671875 0.0419921875 0.068359375
0 0.25146484375 0.474609375 0.0615234375 0.08984375
0 0.30517578125 0.4794921875 0.0439453125 0.099609375
0 0.34619140625 0.49267578125 0.03173828125 0.12158203125
0 0.3857421875 0.50048828125 0.04296875 0.12353515625
0 0.4306640625 0.5146484375 0.04541015625 0.10009765625
0 0.11767578125 0.6123046875 0.10498046875 0.09814453125
0 0.19873046875 0.61474609375 0.060546875 0.10693359375
0 0.25537109375 0.6279296875 0.0517578125 0.080078125
0 0.30517578125 0.64208984375 0.04541015625 0.09033203125
0 0.34423828125 0.62939453125 0.0361328125 0.1025390625
0 0.38330078125 0.64111328125 0.04296875 0.0966796875
0 0.86181640625 0.82177734375 0.14794921875 0.095703125
0 0.974609375 0.7880859375 0.05078125 0.08203125
0 0.76025390625 0.931640625 0.4423828125 0.13671875