0 0.11083984375 0.3203125 0.16357421875 0.31884765625
0 0.28271484375 0.27490234375 0.1884765625 0.24072265625
0 0.5029296875 0.26025390625 0.212890625 0.2998046875
0 0.62451171875 0.08154296875 0.0302734375 0.0966796875
0 0.7900390625 0.05908203125 0.259765625 0.1181640625
0 0.6435546875 0.18408203125 0.068359375 0.0751953125
0 0.72607421875 0.17529296875 0.072265625 0.06982421875
0 0.8388671875 0.16796875 0.14013671875 0.0751953125
0 0.96044921875 0.158203125 0.0791015625 0.076171875
0 0.5869140625 0.90283203125 0.02001953125 0.02294921875
0 0.53515625 0.90625 0.0419921875 0.0439453125
0 0.5078125 0.93798828125 0.0341796875 0.041015625
0 0.49951171875 0.96484375 0.02587890625 0.01513671875
0 0.484375 0.9755859375 0.02587890625 0.021484375
0 0.46435546875 0.990234375 0.0537109375 0.01953125
0 0.5224609375 0.884765625 0.01904296875 0.01611328125
0 0.45947265625 0.98095703125 0.03564453125 0.0283203125
0 0.435546875 0.9951171875 0.0390625 0.009765625
0 0.3984375 0.96435546875 0.09375 0.0712890625
0 0.5576171875 0.99462890625 0.03125 0.0107421875
0 0.55419921875 0.96533203125 0.02490234375 0.01904296875
0 0.162109375 0.5625 0.021484375 0.005859375
0 0.1552734375 0.578125 0.0068359375 0.01513671875
0 0.16455078125 0.5966796875 0.02294921875 0.01611328125
0 0.16162109375 0.60791015625 0.009765625 0.00830078125
0 0.16796875 0.60888671875 0.0029296875 0.005859375
0 0.17138671875 0.60986328125 0.00341796875 0.005859375
0 0.185546875 0.6123046875 0.0068359375 0.00439453125
0 0.0791015625 0.71630859375 0.02294921875 0.00927734375
0 0.8994140625 0.6259765625 0.201171875 0.1328125