0 0.02685546875 0.1318359375 0.04296875 0.1279296875
0 0.0263671875 0.29736328125 0.0224609375 0.06787109375
0 0.2451171875 0.46533203125 0.07373046875 0.07373046875
0 0.3310546875 0.46142578125 0.0986328125 0.07763671875
0 0.4375 0.44189453125 0.10546875 0.07763671875
0 0.60693359375 0.42333984375 0.21923828125 0.0986328125
0 0.18115234375 0.56494140625 0.21533203125 0.09130859375
0 0.3466796875 0.57373046875 0.10400390625 0.1083984375
0 0.47705078125 0.57177734375 0.14599609375 0.1162109375
0 0.58935546875 0.55908203125 0.05419921875 0.09130859375
0 0.79931640625 0.56201171875 0.25439453125 0.1513671875
0 0.10693359375 0.67919921875 0.052734375 0.05224609375
0 0.19189453125 0.68115234375 0.1025390625 0.05615234375
0 0.32373046875 0.68701171875 0.1640625 0.06005859375
0 0.4208984375 0.69189453125 0.04443359375 0.05810546875
0 0.51611328125 0.69482421875 0.1484375 0.06787109375
0 0.6279296875 0.69970703125 0.08056640625 0.06591796875
0 0.78564453125 0.70654296875 0.23486328125 0.07177734375
0 0.84375 0.84326171875 0.134765625 0.06201171875
0 0.736328125 0.83056640625 0.0693359375 0.05615234375
0 0.6689453125 0.82177734375 0.0625 0.05810546875
0 0.5888671875 0.81591796875 0.0888671875 0.05419921875
0 0.48828125 0.80419921875 0.0849609375 0.05419921875
0 0.4111328125 0.80615234375 0.06689453125 0.05419921875
0 0.3388671875 0.79443359375 0.0751953125 0.04638671875
0 0.26611328125 0.78662109375 0.07373046875 0.04638671875
0 0.1943359375 0.78271484375 0.033203125 0.03466796875
0 0.1650390625 0.7763671875 0.033203125 0.04443359375
0 0.12939453125 0.7744140625 0.0390625 0.04833984375