0 0.494140625 0.109375 0.130859375 0.134765625
0 0.3046875 0.19580078125 0.12255859375 0.076171875
0 0.4013671875 0.20361328125 0.060546875 0.06591796875
0 0.46484375 0.21875 0.05419921875 0.0634765625
0 0.52978515625 0.212890625 0.0595703125 0.06640625
0 0.24462890625 0.28955078125 0.0302734375 0.033203125
0 0.3330078125 0.294921875 0.13525390625 0.044921875
0 0.43115234375 0.29931640625 0.033203125 0.03369140625
0 0.5146484375 0.30517578125 0.08984375 0.0400390625
0 0.734375 0.06103515625 0.21875 0.09375
0 0.7421875 0.162109375 0.21875 0.109375
0 0.74609375 0.248046875 0.19140625 0.08642578125
0 0.71923828125 0.31396484375 0.14453125 0.06298828125
0 0.82666015625 0.30712890625 0.064453125 0.041015625
0 0.767578125 0.361328125 0.13916015625 0.0673828125
0 0.9208984375 0.111328125 0.04931640625 0.04541015625
0 0.9736328125 0.109375 0.052734375 0.044921875
0 0.94384765625 0.166015625 0.09765625 0.0439453125
0 0.93212890625 0.2197265625 0.07666015625 0.041015625
0 0.9873046875 0.2109375 0.025390625 0.046875
0 0.9208984375 0.29736328125 0.04931640625 0.0439453125
0 0.974609375 0.29443359375 0.05078125 0.0478515625
0 0.09375 0.58056640625 0.03955078125 0.0205078125
0 0.142578125 0.58203125 0.04833984375 0.01904296875
0 0.1787109375 0.580078125 0.0166015625 0.01806640625
0 0.2080078125 0.5830078125 0.0380859375 0.02099609375
0 0.10498046875 0.603515625 0.041015625 0.01708984375
0 0.14501953125 0.60546875 0.033203125 0.01611328125
0 0.1884765625 0.60400390625 0.044921875 0.01708984375
0 0.10205078125 0.96435546875 0.080078125 0.0283203125
0 0.16650390625 0.9609375 0.041015625 0.0244140625
0 0.396484375 0.9619140625 0.0517578125 0.02392578125
0 0.46875 0.96533203125 0.080078125 0.02734375
0 0.53466796875 0.9619140625 0.0439453125 0.02685546875
0 0.4033203125 0.99169921875 0.060546875 0.0166015625
0 0.46728515625 0.99169921875 0.0517578125 0.0166015625
0 0.525390625 0.9931640625 0.05078125 0.013671875
0 0.859375 0.6015625 0.12890625 0.14453125
0 0.966796875 0.64794921875 0.06640625 0.1845703125
0 0.712890625 0.98828125 0.06640625 0.0234375
0 0.9501953125 0.98193359375 0.056640625 0.0361328125