0 0.12646484375 0.23486328125 0.2001953125 0.08203125
0 0.05615234375 0.337890625 0.1123046875 0.0859375
0 0.41748046875 0.0439453125 0.0673828125 0.0263671875
0 0.4833984375 0.0400390625 0.06982421875 0.02490234375
0 0.56201171875 0.04150390625 0.08203125 0.03173828125
0 0.6328125 0.0439453125 0.0595703125 0.0263671875
0 0.7099609375 0.04248046875 0.099609375 0.0263671875
0 0.41650390625 0.07421875 0.08935546875 0.03662109375
0 0.4912109375 0.0732421875 0.0546875 0.04150390625
0 0.560546875 0.0771484375 0.07958984375 0.0400390625
0 0.68505859375 0.0791015625 0.1640625 0.0400390625
0 0.328125 0.107421875 0.04248046875 0.033203125
0 0.365234375 0.1064453125 0.037109375 0.0283203125
0 0.41015625 0.10986328125 0.05712890625 0.0283203125
0 0.48095703125 0.11083984375 0.0595703125 0.02978515625
0 0.5517578125 0.111328125 0.08203125 0.0283203125
0 0.64501953125 0.11474609375 0.07958984375 0.03466796875
0 0.71240234375 0.11572265625 0.0546875 0.033203125
0 0.76708984375 0.1171875 0.0546875 0.02978515625
0 0.82421875 0.11962890625 0.0595703125 0.0283203125
0 0.54833984375 0.263671875 0.21875 0.04638671875
0 0.4326171875 0.53271484375 0.17578125 0.0869140625
0 0.599609375 0.5439453125 0.115234375 0.109375
0 0.7685546875 0.53515625 0.173828125 0.091796875
0 0.939453125 0.5361328125 0.12109375 0.09375
0 0.3115234375 0.6484375 0.103515625 0.08984375
0 0.4248046875 0.64599609375 0.1015625 0.07861328125
0 0.53857421875 0.64697265625 0.0771484375 0.07861328125
0 0.66259765625 0.65576171875 0.1474609375 0.06396484375
0 0.8349609375 0.6484375 0.12109375 0.08642578125
0 0.9267578125 0.6669921875 0.04296875 0.07568359375
0 0.97998046875 0.65380859375 0.0400390625 0.0771484375
0 0.37060546875 0.7333984375 0.0498046875 0.03857421875
0 0.50390625 0.734375 0.205078125 0.0400390625
0 0.7333984375 0.736328125 0.19921875 0.0439453125
0 0.92919921875 0.73974609375 0.1416015625 0.0400390625
0 0.49755859375 0.87060546875 0.0322265625 0.03076171875
0 0.537109375 0.869140625 0.03125 0.02783203125
0 0.56787109375 0.869140625 0.0224609375 0.02783203125
0 0.5986328125 0.87060546875 0.025390625 0.025390625
0 0.6875 0.869140625 0.017578125 0.02783203125
0 0.6318359375 0.87255859375 0.02734375 0.03466796875
0 0.658203125 0.8701171875 0.025390625 0.0400390625
0 0.6279296875 0.919921875 0.021484375 0.0439453125
0 0.65478515625 0.92236328125 0.0244140625 0.041015625
0 0.625 0.97119140625 0.025390625 0.04541015625
0 0.6552734375 0.97314453125 0.033203125 0.03857421875