0 0.138671875 0.32861328125 0.0419921875 0.07080078125
0 0.1943359375 0.3359375 0.06005859375 0.080078125
0 0.2734375 0.3447265625 0.080078125 0.07373046875
0 0.34423828125 0.34619140625 0.0576171875 0.0830078125
0 0.40771484375 0.35498046875 0.06005859375 0.0771484375
0 0.47900390625 0.365234375 0.0732421875 0.07373046875
0 0.55224609375 0.36669921875 0.064453125 0.0771484375
0 0.6123046875 0.37890625 0.046875 0.06494140625
0 0.66455078125 0.384765625 0.0576171875 0.06494140625
0 0.71875 0.39501953125 0.05126953125 0.06787109375
0 0.76904296875 0.38916015625 0.048828125 0.080078125
0 0.83642578125 0.4052734375 0.0556640625 0.07080078125