0 0.01953125 0.15576171875 0.0390625 0.0634765625
0 0.2578125 0.06884765625 0.03515625 0.03515625
0 0.1787109375 0.22265625 0.076171875 0.048828125
0 0.2314453125 0.224609375 0.029296875 0.05224609375
0 0.1982421875 0.2978515625 0.107421875 0.08056640625
0 0.201171875 0.3818359375 0.11328125 0.08056640625
0 0.46337890625 0.1201171875 0.24658203125 0.0986328125
0 0.7919921875 0.12548828125 0.35791015625 0.11376953125
0 0.427734375 0.25048828125 0.2451171875 0.07861328125
0 0.6435546875 0.2568359375 0.13671875 0.07861328125
0 0.8623046875 0.2548828125 0.2451171875 0.091796875
0 0.43603515625 0.361328125 0.2724609375 0.087890625
0 0.74169921875 0.37744140625 0.28271484375 0.10498046875
0 0.95458984375 0.390625 0.0908203125 0.091796875
0 0.55810546875 0.46826171875 0.21875 0.09423828125
0 0.00732421875 0.83447265625 0.0146484375 0.1083984375
0 0.87548828125 0.6162109375 0.05126953125 0.0634765625
0 0.9345703125 0.61328125 0.05419921875 0.0634765625
0 0.98291015625 0.61669921875 0.0341796875 0.0556640625
0 0.904296875 0.7060546875 0.19140625 0.142578125
0 0.79833984375 0.6513671875 0.0283203125 0.02880859375
0 0.8251953125 0.64794921875 0.02490234375 0.0302734375