0 0.2978515625 0.333984375 0.0625 0.06396484375
0 0.3447265625 0.31201171875 0.029296875 0.0791015625
0 0.251953125 0.443359375 0.21484375 0.17578125
0 0.1064453125 0.603515625 0.185546875 0.091796875
0 0.27392578125 0.58349609375 0.1708984375 0.1103515625
0 0.45556640625 0.2138671875 0.14453125 0.0458984375
0 0.57861328125 0.21240234375 0.09326171875 0.05517578125
0 0.09033203125 0.77587890625 0.0400390625 0.0419921875
0 0.16943359375 0.75634765625 0.0927734375 0.05712890625
0 0.2666015625 0.7314453125 0.1044921875 0.07177734375
0 0.3388671875 0.7080078125 0.041015625 0.0546875
0 0.1533203125 0.83447265625 0.06005859375 0.0595703125
0 0.20458984375 0.81591796875 0.05419921875 0.06201171875
0 0.1337890625 0.92138671875 0.08154296875 0.08447265625
0 0.212890625 0.91259765625 0.0712890625 0.07177734375
0 0.3154296875 0.81884765625 0.087890625 0.1884765625
0 0.90478515625 0.8017578125 0.18505859375 0.2041015625