0 0.10595703125 0.0078125 0.0537109375 0.015625
0 0.244140625 0.01025390625 0.216796875 0.0205078125
0 0.05908203125 0.1484375 0.06689453125 0.06787109375
0 0.05419921875 0.234375 0.0625 0.08203125
0 0.0400390625 0.3701171875 0.05517578125 0.0859375
0 0.03125 0.4814453125 0.0625 0.09375
0 0.02490234375 0.60205078125 0.0498046875 0.0556640625
0 0.11474609375 0.6171875 0.0302734375 0.025390625
0 0.12109375 0.4658203125 0.02001953125 0.0498046875
0 0.11962890625 0.37841796875 0.02099609375 0.0888671875
0 0.1953125 0.396484375 0.13037109375 0.13330078125
0 0.32373046875 0.42138671875 0.1064453125 0.13623046875
0 0.48486328125 0.43017578125 0.046875 0.0595703125
0 0.51904296875 0.435546875 0.0205078125 0.048828125
0 0.41259765625 0.36181640625 0.0771484375 0.0361328125
0 0.75537109375 0.00341796875 0.0087890625 0.0068359375
0 0.7763671875 0.00390625 0.02734375 0.0078125
0 0.85400390625 0.01416015625 0.0498046875 0.0283203125
0 0.900390625 0.01513671875 0.04296875 0.0302734375
0 0.93798828125 0.0146484375 0.0302734375 0.029296875
0 0.97802734375 0.01806640625 0.0439453125 0.0361328125
0 0.876953125 0.048828125 0.0546875 0.0390625
0 0.947265625 0.0546875 0.080078125 0.029296875
0 0.697265625 0.34765625 0.013671875 0.01171875
0 0.7158203125 0.34765625 0.0146484375 0.013671875
0 0.736328125 0.34912109375 0.013671875 0.0146484375
0 0.70654296875 0.39697265625 0.01904296875 0.01171875
0 0.90185546875 0.5283203125 0.01806640625 0.015625
0 0.90185546875 0.54248046875 0.01806640625 0.0166015625
0 0.89697265625 0.55810546875 0.0107421875 0.02294921875
0 0.8994140625 0.58837890625 0.02197265625 0.015625
0 0.07763671875 0.6669921875 0.08251953125 0.04296875
0 0.1435546875 0.6748046875 0.05517578125 0.0390625
0 0.220703125 0.669921875 0.09375 0.041015625
0 0.10888671875 0.71484375 0.05224609375 0.029296875
0 0.17529296875 0.7177734375 0.07421875 0.02734375
0 0.10888671875 0.7470703125 0.0908203125 0.0234375
0 0.1943359375 0.744140625 0.080078125 0.029296875
0 0.09521484375 0.7734375 0.08544921875 0.029296875
0 0.19189453125 0.7744140625 0.10205078125 0.02734375
0 0.5751953125 0.66943359375 0.076171875 0.0791015625
0 0.646484375 0.66162109375 0.0625 0.0634765625
0 0.724609375 0.6572265625 0.08984375 0.0546875
0 0.8203125 0.64990234375 0.09765625 0.0400390625
0 0.541015625 0.779296875 0.0234375 0.087890625
0 0.5810546875 0.7724609375 0.060546875 0.09033203125
0 0.6513671875 0.775390625 0.083984375 0.1025390625
0 0.732421875 0.7587890625 0.0703125 0.08740234375
0 0.80859375 0.7451171875 0.07421875 0.1025390625
0 0.8798828125 0.74072265625 0.056640625 0.099609375
0 0.5546875 0.880859375 0.05078125 0.072265625
0 0.6357421875 0.88232421875 0.083984375 0.09326171875
0 0.7294921875 0.87939453125 0.068359375 0.099609375