0 0.32177734375 0.421875 0.05126953125 0.0908203125
0 0.3828125 0.4296875 0.0615234375 0.0927734375
0 0.46142578125 0.4375 0.083984375 0.09521484375
0 0.5419921875 0.4580078125 0.07080078125 0.10888671875
0 0.61279296875 0.451171875 0.064453125 0.1044921875
0 0.6865234375 0.46826171875 0.07958984375 0.08837890625
0 0.32763671875 0.53271484375 0.06298828125 0.1044921875
0 0.39111328125 0.5419921875 0.05126953125 0.09521484375
0 0.45361328125 0.5478515625 0.064453125 0.09765625
0 0.51953125 0.5712890625 0.0615234375 0.09521484375
0 0.5888671875 0.5712890625 0.06787109375 0.0771484375
0 0.65771484375 0.5712890625 0.0615234375 0.0908203125
0 0.71142578125 0.5712890625 0.0419921875 0.099609375
0 0.7509765625 0.58056640625 0.03759765625 0.0908203125
0 0.673828125 0.63818359375 0.04833984375 0.0341796875
0 0.70849609375 0.6416015625 0.02099609375 0.03173828125