0 0.42724609375 0.013671875 0.0712890625 0.02734375
0 0.212890625 0.05029296875 0.0625 0.1005859375
0 0.27685546875 0.0576171875 0.05126953125 0.09521484375
0 0.33935546875 0.0634765625 0.064453125 0.09765625
0 0.4052734375 0.0869140625 0.0615234375 0.09521484375
0 0.474609375 0.0869140625 0.06787109375 0.0771484375
0 0.53125 0.08642578125 0.037109375 0.0908203125
0 0.54248046875 0.15380859375 0.0146484375 0.0341796875
0 0.5615234375 0.24755859375 0.0234375 0.0185546875
0 0.67626953125 0.29833984375 0.04736328125 0.0361328125
0 0.716796875 0.279296875 0.041015625 0.0361328125
0 0.74462890625 0.37451171875 0.02099609375 0.021484375
0 0.74560546875 0.38427734375 0.021484375 0.021484375
0 0.892578125 0.33740234375 0.02490234375 0.02734375
0 0.96240234375 0.25390625 0.0185546875 0.017578125
0 0.98046875 0.25634765625 0.0185546875 0.017578125
0 0.06689453125 0.7490234375 0.1337890625 0.119140625
0 0.296875 0.7314453125 0.271484375 0.14599609375
0 0.5234375 0.6796875 0.052734375 0.04296875
0 0.52587890625 0.71630859375 0.0478515625 0.0361328125
0 0.61328125 0.90234375 0.126953125 0.1015625
0 0.771484375 0.87060546875 0.0751953125 0.04150390625
0 0.84130859375 0.8720703125 0.04638671875 0.0498046875
0 0.80224609375 0.9296875 0.22509765625 0.06201171875