0 0.31689453125 0.330078125 0.19677734375 0.11767578125
0 0.59521484375 0.36376953125 0.35009765625 0.15771484375
0 0.29931640625 0.4443359375 0.19189453125 0.103515625
0 0.46484375 0.4716796875 0.11669921875 0.083984375
0 0.6484375 0.498046875 0.22314453125 0.12353515625
0 0.48095703125 0.57177734375 0.2216796875 0.10107421875
0 0.02392578125 0.1494140625 0.044921875 0.05859375
0 0.08935546875 0.1591796875 0.11181640625 0.0888671875
0 0.029296875 0.23486328125 0.05810546875 0.06005859375
0 0.07666015625 0.2470703125 0.05322265625 0.05859375
0 0.12255859375 0.25927734375 0.04833984375 0.05859375