0 0.033203125 0.0869140625 0.06640625 0.0859375
0 0.11328125 0.0556640625 0.07861328125 0.091796875
0 0.1982421875 0.044921875 0.078125 0.08984375
0 0.275390625 0.03271484375 0.06640625 0.0654296875
0 0.3828125 0.0205078125 0.15234375 0.041015625
0 0.51171875 0.13427734375 0.044921875 0.0556640625
0 0.56591796875 0.13232421875 0.0615234375 0.04638671875
0 0.6708984375 0.13037109375 0.1337890625 0.052734375
0 0.802734375 0.125 0.10400390625 0.0556640625
0 0.916015625 0.11572265625 0.048828125 0.0185546875
0 0.9609375 0.11328125 0.03955078125 0.0185546875
0 0.99072265625 0.11376953125 0.0185546875 0.0146484375
0 0.5146484375 0.20068359375 0.05078125 0.0556640625
0 0.58837890625 0.1953125 0.09228515625 0.0556640625
0 0.708984375 0.19189453125 0.134765625 0.05419921875
0 0.84375 0.19384765625 0.10693359375 0.05810546875
0 0.95556640625 0.19287109375 0.0888671875 0.0556640625
0 0.01513671875 0.68359375 0.0302734375 0.07421875
0 0.0361328125 0.86474609375 0.072265625 0.1005859375
0 0.16357421875 0.8720703125 0.158203125 0.087890625
0 0.3349609375 0.8798828125 0.15283203125 0.12060546875
0 0.65673828125 0.79736328125 0.08544921875 0.03515625
0 0.72509765625 0.80126953125 0.03955078125 0.03125
0 0.78759765625 0.80615234375 0.052734375 0.029296875
0 0.86181640625 0.81103515625 0.078125 0.0234375
0 0.94677734375 0.81298828125 0.07958984375 0.0234375
0 0.6015625 0.82470703125 0.05419921875 0.04296875
0 0.67138671875 0.83251953125 0.07958984375 0.0390625
0 0.76708984375 0.83642578125 0.10009765625 0.0390625
0 0.8603515625 0.84033203125 0.072265625 0.0390625
0 0.9287109375 0.84326171875 0.0498046875 0.037109375
0 0.97900390625 0.84765625 0.0419921875 0.03515625