0 0.01220703125 0.16064453125 0.015625 0.0283203125
0 0.0263671875 0.16748046875 0.0185546875 0.0283203125
0 0.31298828125 0.0986328125 0.02978515625 0.0537109375
0 0.361328125 0.08447265625 0.0390625 0.04443359375
0 0.40576171875 0.08447265625 0.0439453125 0.0400390625
0 0.4501953125 0.0869140625 0.0419921875 0.0537109375
0 0.48486328125 0.08544921875 0.0263671875 0.03759765625
0 0.37548828125 0.11962890625 0.0673828125 0.02587890625
0 0.4306640625 0.11865234375 0.0439453125 0.0234375
0 0.634765625 0.263671875 0.0234375 0.03271484375
0 0.435546875 0.2861328125 0.00927734375 0.0400390625
0 0.4873046875 0.27294921875 0.015625 0.03759765625
0 0.5126953125 0.17724609375 0.0361328125 0.0419921875
0 0.54248046875 0.17919921875 0.0263671875 0.03759765625
0 0.572265625 0.17724609375 0.0361328125 0.0419921875
0 0.6162109375 0.17919921875 0.0517578125 0.0419921875
0 0.5478515625 0.2119140625 0.06884765625 0.0234375
0 0.84033203125 0.63232421875 0.0654296875 0.0146484375
0 0.85546875 0.6044921875 0.0234375 0.021484375
0 0.8603515625 0.58935546875 0.07177734375 0.05810546875
0 0.8662109375 0.5634765625 0.12744140625 0.09716796875
0 0.8720703125 0.54541015625 0.0234375 0.01904296875
0 0.8955078125 0.541015625 0.017578125 0.01416015625
0 0.85693359375 0.51904296875 0.017578125 0.015625
0 0.8544921875 0.52685546875 0.02001953125 0.015625
0 0.8935546875 0.54833984375 0.02001953125 0.017578125
0 0.8359375 0.43505859375 0.0234375 0.02490234375
0 0.8623046875 0.4482421875 0.03564453125 0.033203125
0 0.888671875 0.462890625 0.02392578125 0.02587890625
0 0.908203125 0.47314453125 0.02392578125 0.02734375
0 0.9267578125 0.48486328125 0.01953125 0.02392578125
0 0.9482421875 0.49560546875 0.02880859375 0.03076171875
0 0.8291015625 0.44970703125 0.01904296875 0.02294921875
0 0.8427734375 0.45751953125 0.01708984375 0.02099609375
0 0.8564453125 0.46533203125 0.01611328125 0.02099609375
0 0.8720703125 0.47412109375 0.02490234375 0.02392578125
0 0.89404296875 0.48583984375 0.0263671875 0.02685546875
0 0.8623046875 0.17822265625 0.01611328125 0.02880859375
0 0.8642578125 0.19921875 0.02490234375 0.03662109375
0 0.875 0.2236328125 0.05615234375 0.056640625
0 0.8662109375 0.2333984375 0.04296875 0.05029296875
0 0.73681640625 0.04736328125 0.01171875 0.009765625
0 0.78662109375 0.99072265625 0.0146484375 0.0185546875
0 0.79931640625 0.98828125 0.0107421875 0.0234375
0 0.8115234375 0.98486328125 0.0126953125 0.02734375
0 0.82421875 0.9765625 0.013671875 0.02490234375
0 0.833984375 0.97119140625 0.00927734375 0.02587890625
0 0.845703125 0.96875 0.0126953125 0.02880859375
0 0.853515625 0.9638671875 0.01025390625 0.025390625
0 0.86328125 0.9599609375 0.01416015625 0.02685546875
0 0.8779296875 0.95263671875 0.01611328125 0.02783203125
0 0.89453125 0.9453125 0.02001953125 0.03271484375
0 0.9091796875 0.94140625 0.01318359375 0.02880859375
0 0.9228515625 0.93212890625 0.0185546875 0.033203125
0 0.94140625 0.92626953125 0.017578125 0.03515625
0 0.95703125 0.91845703125 0.01513671875 0.03369140625
0 0.9716796875 0.91357421875 0.01708984375 0.03173828125
0 0.98779296875 0.90673828125 0.017578125 0.03125
0 0.84375 0.98828125 0.052734375 0.0234375
0 0.908203125 0.96533203125 0.06005859375 0.03466796875
0 0.87353515625 0.99169921875 0.0283203125 0.0166015625
0 0.89892578125 0.98681640625 0.0263671875 0.0263671875
0 0.9375 0.9736328125 0.0380859375 0.03466796875
0 0.92626953125 0.99072265625 0.0517578125 0.0185546875