0 0.34326171875 0.1552734375 0.3583984375 0.1513671875
0 0.14013671875 0.36767578125 0.248046875 0.1865234375
0 0.37060546875 0.3447265625 0.1748046875 0.21630859375
0 0.69677734375 0.111328125 0.130859375 0.07421875
0 0.875 0.107421875 0.20654296875 0.078125
0 0.69921875 0.232421875 0.193359375 0.171875
0 0.90185546875 0.2314453125 0.1962890625 0.173828125
0 0.69189453125 0.361328125 0.11474609375 0.07421875
0 0.861328125 0.3525390625 0.2080078125 0.080078125
0 0.28564453125 0.65869140625 0.13623046875 0.15966796875
0 0.20361328125 0.82666015625 0.080078125 0.06884765625
0 0.2880859375 0.8349609375 0.0654296875 0.0556640625
0 0.37451171875 0.8349609375 0.08447265625 0.0517578125
0 0.02783203125 0.9248046875 0.0556640625 0.046875
0 0.115234375 0.9326171875 0.0927734375 0.0537109375
0 0.2138671875 0.92041015625 0.07373046875 0.0556640625
0 0.32275390625 0.9296875 0.11474609375 0.0595703125
0 0.43603515625 0.92578125 0.08251953125 0.0556640625
0 0.51123046875 0.92724609375 0.0361328125 0.0595703125
0 0.02978515625 0.978515625 0.0595703125 0.03515625
0 0.09619140625 0.97998046875 0.048828125 0.02978515625
0 0.1748046875 0.97705078125 0.08349609375 0.02783203125
0 0.2734375 0.97900390625 0.0908203125 0.0390625
0 0.35546875 0.97705078125 0.05126953125 0.03173828125
0 0.43212890625 0.98046875 0.0810546875 0.0390625
0 0.50537109375 0.984375 0.0478515625 0.03125
0 0.5478515625 0.76025390625 0.037109375 0.0185546875
0 0.60400390625 0.7587890625 0.06298828125 0.01806640625
0 0.5458984375 0.7744140625 0.033203125 0.015625
0 0.58935546875 0.7734375 0.0458984375 0.0146484375
0 0.66015625 0.92578125 0.00927734375 0.00244140625
0 0.62841796875 0.958984375 0.0322265625 0.00537109375
0 0.6611328125 0.95556640625 0.0302734375 0.00634765625
0 0.5498046875 0.96044921875 0.041015625 0.0146484375
0 0.53271484375 0.970703125 0.0068359375 0.00390625