0 0.55810546875 0.34619140625 0.06640625 0.0732421875
0 0.62939453125 0.33740234375 0.06884765625 0.08349609375
0 0.8271484375 0.3603515625 0.310546875 0.119140625
0 0.58544921875 0.40185546875 0.1318359375 0.0361328125
0 0.95654296875 0.40625 0.0693359375 0.02734375
0 0.2431640625 0.43115234375 0.048828125 0.0224609375
0 0.296875 0.43115234375 0.048828125 0.0224609375
0 0.39208984375 0.43359375 0.1357421875 0.02734375
0 0.759765625 0.50244140625 0.083984375 0.15185546875
0 0.84033203125 0.49951171875 0.0712890625 0.1591796875
0 0.9267578125 0.50439453125 0.083984375 0.14013671875
0 0.75439453125 0.623046875 0.06591796875 0.07080078125
0 0.83056640625 0.623046875 0.07177734375 0.076171875