0 0.259765625 0.47509765625 0.05615234375 0.05224609375
0 0.32373046875 0.478515625 0.06201171875 0.041015625
0 0.37939453125 0.47509765625 0.0380859375 0.05224609375
0 0.41650390625 0.4794921875 0.03955078125 0.05224609375
0 0.65673828125 0.2080078125 0.0146484375 0.029296875
0 0.66015625 0.2431640625 0.021484375 0.02734375
0 0.69091796875 0.208984375 0.0185546875 0.03076171875
0 0.712890625 0.2109375 0.02490234375 0.0234375
0 0.736328125 0.21142578125 0.0185546875 0.0224609375
0 0.75341796875 0.2099609375 0.01708984375 0.02783203125
0 0.76904296875 0.21142578125 0.0126953125 0.02490234375
0 0.7861328125 0.2177734375 0.0234375 0.03466796875
0 0.8173828125 0.2158203125 0.01806640625 0.02490234375
0 0.8330078125 0.220703125 0.0146484375 0.029296875
0 0.7060546875 0.2412109375 0.03369140625 0.029296875
0 0.7353515625 0.244140625 0.02490234375 0.0234375
0 0.7587890625 0.24560546875 0.02099609375 0.0234375
0 0.78076171875 0.24951171875 0.0234375 0.029296875
0 0.8515625 0.2197265625 0.02099609375 0.033203125
0 0.8681640625 0.220703125 0.0126953125 0.0234375
0 0.88232421875 0.22216796875 0.01416015625 0.0234375
0 0.8984375 0.2197265625 0.0166015625 0.02490234375
0 0.81689453125 0.24560546875 0.02490234375 0.0234375
0 0.8369140625 0.24951171875 0.01708984375 0.02099609375
0 0.85498046875 0.24853515625 0.02197265625 0.0263671875
0 0.8701171875 0.24853515625 0.0078125 0.02099609375
0 0.8818359375 0.2470703125 0.0166015625 0.02099609375
0 0.1396484375 0.61474609375 0.072265625 0.02294921875
0 0.2265625 0.61767578125 0.09228515625 0.0234375
0 0.30859375 0.6201171875 0.06591796875 0.0234375
0 0.36181640625 0.6220703125 0.0380859375 0.0234375
0 0.21923828125 0.66357421875 0.09375 0.04541015625
0 0.30078125 0.66259765625 0.05712890625 0.04443359375
0 0.12744140625 0.72607421875 0.046875 0.0390625
0 0.1962890625 0.7216796875 0.07861328125 0.04541015625
0 0.2744140625 0.72509765625 0.06982421875 0.04638671875
0 0.349609375 0.7158203125 0.07421875 0.04736328125
0 0.17822265625 0.77978515625 0.0439453125 0.044921875
0 0.2421875 0.7744140625 0.07421875 0.052734375
0 0.3173828125 0.77197265625 0.0703125 0.044921875
0 0.66455078125 0.74658203125 0.0302734375 0.1435546875