0 0.41015625 0.52392578125 0.046875 0.1142578125
0 0.4599609375 0.5380859375 0.0498046875 0.15234375
0 0.5166015625 0.5380859375 0.06982421875 0.15234375
0 0.572265625 0.56298828125 0.03857421875 0.11669921875
0 0.62060546875 0.58447265625 0.06494140625 0.1787109375
0 0.6884765625 0.59521484375 0.0732421875 0.185546875
0 0.419921875 0.6845703125 0.056640625 0.14501953125
0 0.48095703125 0.7119140625 0.07177734375 0.15234375
0 0.5556640625 0.7392578125 0.0751953125 0.15966796875
0 0.615234375 0.77392578125 0.04345703125 0.12841796875
0 0.671875 0.78466796875 0.06689453125 0.1640625