0 0.05078125 0.08203125 0.08154296875 0.08984375
0 0.123046875 0.08349609375 0.05712890625 0.0927734375
0 0.03564453125 0.18408203125 0.0712890625 0.0634765625
0 0.10302734375 0.1875 0.05712890625 0.0576171875
0 0.4033203125 0.1044921875 0.04150390625 0.0771484375
0 0.44482421875 0.099609375 0.03857421875 0.08642578125
0 0.4892578125 0.109375 0.04736328125 0.09912109375
0 0.39111328125 0.19873046875 0.037109375 0.06103515625
0 0.4345703125 0.20361328125 0.04443359375 0.06396484375
0 0.62158203125 0.03955078125 0.1044921875 0.0791015625
0 0.6982421875 0.3447265625 0.0703125 0.029296875
0 0.7607421875 0.34716796875 0.056640625 0.0244140625
0 0.8369140625 0.35107421875 0.05078125 0.0166015625
0 0.912109375 0.349609375 0.091796875 0.01953125
0 0.80322265625 0.21142578125 0.3935546875 0.2822265625
0 0.5966796875 0.21923828125 0.0546875 0.0947265625
0 0.04052734375 0.3896484375 0.0810546875 0.060546875
0 0.046875 0.435546875 0.08056640625 0.02685546875
0 0.05810546875 0.529296875 0.1162109375 0.060546875
0 0.1982421875 0.55322265625 0.14501953125 0.05712890625
0 0.04248046875 0.59619140625 0.0849609375 0.0830078125
0 0.1767578125 0.61767578125 0.1552734375 0.06591796875
0 0.3310546875 0.62158203125 0.11572265625 0.08203125
0 0.4814453125 0.64404296875 0.17578125 0.0712890625
0 0.59716796875 0.72265625 0.0556640625 0.08203125
0 0.662109375 0.7548828125 0.0712890625 0.0634765625
0 0.62060546875 0.7998046875 0.0673828125 0.0673828125
0 0.6708984375 0.80810546875 0.03369140625 0.0615234375
0 0.6259765625 0.8662109375 0.06884765625 0.0654296875
0 0.67724609375 0.87744140625 0.03125 0.046875
0 0.5771484375 0.93359375 0.015625 0.052734375
0 0.6142578125 0.931640625 0.052734375 0.05810546875
0 0.63037109375 0.986328125 0.0537109375 0.02734375
0 0.6728515625 0.9892578125 0.033203125 0.021484375