0 0.35009765625 0.431640625 0.07177734375 0.0595703125
0 0.4267578125 0.42578125 0.06201171875 0.06689453125
0 0.541015625 0.4306640625 0.1435546875 0.0576171875
0 0.18359375 0.76171875 0.17626953125 0.14599609375
0 0.373046875 0.73583984375 0.140625 0.15087890625
0 0.60693359375 0.755859375 0.2958984375 0.11474609375
0 0.17236328125 0.91015625 0.15625 0.0693359375
0 0.3046875 0.8984375 0.09423828125 0.0791015625
0 0.39697265625 0.90087890625 0.076171875 0.08837890625
0 0.494140625 0.90771484375 0.10400390625 0.08349609375
0 0.6220703125 0.89453125 0.0859375 0.0908203125