0 0.14111328125 0.03466796875 0.2822265625 0.0693359375
0 0.41796875 0.05908203125 0.234375 0.1181640625
0 0.564453125 0.056640625 0.029296875 0.0859375
0 0.49658203125 0.1669921875 0.0498046875 0.04443359375
0 0.5390625 0.1630859375 0.02978515625 0.03515625
0 0.50048828125 0.20751953125 0.02734375 0.04345703125
0 0.54150390625 0.201171875 0.04833984375 0.04443359375
0 0.568359375 0.17236328125 0.00927734375 0.013671875
0 0.5751953125 0.1669921875 0.0078125 0.017578125
0 0.45751953125 0.27294921875 0.01123046875 0.0087890625
0 0.46728515625 0.2734375 0.00732421875 0.009765625
0 0.47216796875 0.27294921875 0.0029296875 0.00732421875
0 0.48291015625 0.2724609375 0.017578125 0.009765625
0 0.49462890625 0.271484375 0.0068359375 0.00830078125
0 0.501953125 0.2705078125 0.0078125 0.0087890625
0 0.509765625 0.27001953125 0.0078125 0.00927734375
0 0.51953125 0.27001953125 0.01123046875 0.0087890625
0 0.52783203125 0.26953125 0.00634765625 0.00830078125
0 0.533203125 0.26904296875 0.0048828125 0.00830078125
0 0.5400390625 0.27001953125 0.00927734375 0.01025390625
0 0.54736328125 0.26904296875 0.00537109375 0.00830078125
0 0.5546875 0.26806640625 0.00927734375 0.00732421875
0 0.56201171875 0.267578125 0.005859375 0.0078125
0 0.56787109375 0.267578125 0.00634765625 0.00732421875
0 0.50439453125 0.27880859375 0.01220703125 0.0078125
0 0.51806640625 0.2783203125 0.01171875 0.00732421875
0 0.0498046875 0.45947265625 0.099609375 0.1181640625
0 0.1962890625 0.46630859375 0.0751953125 0.06396484375
0 0.14453125 0.6650390625 0.06640625 0.09375
0 0.25390625 0.68310546875 0.12744140625 0.1142578125
0 0.42333984375 0.6904296875 0.111328125 0.0693359375
0 0.3251953125 0.96142578125 0.02734375 0.0224609375
0 0.3251953125 0.98046875 0.02978515625 0.0185546875
0 0.4306640625 0.94921875 0.03369140625 0.0283203125
0 0.04443359375 0.93701171875 0.03369140625 0.0224609375
0 0.57568359375 0.53369140625 0.0068359375 0.0673828125
0 0.65380859375 0.4111328125 0.083984375 0.04638671875
0 0.71923828125 0.416015625 0.03857421875 0.037109375
0 0.77978515625 0.41796875 0.07568359375 0.037109375
0 0.84228515625 0.419921875 0.0390625 0.04052734375
0 0.89111328125 0.41455078125 0.05810546875 0.048828125
0 0.94287109375 0.4169921875 0.037109375 0.0439453125
0 0.98388671875 0.41943359375 0.0322265625 0.0439453125
0 0.94580078125 0.51904296875 0.1083984375 0.0908203125
0 0.9462890625 0.5830078125 0.107421875 0.02734375
0 0.96337890625 0.62939453125 0.0732421875 0.0322265625