0 0.1865234375 0.0068359375 0.021484375 0.013671875
0 0.20458984375 0.0068359375 0.0224609375 0.013671875
0 0.23291015625 0.0078125 0.0361328125 0.015625
0 0.263671875 0.00830078125 0.03125 0.0166015625
0 0.30419921875 0.0087890625 0.0556640625 0.017578125
0 0.1796875 0.05419921875 0.14501953125 0.06689453125
0 0.29638671875 0.0634765625 0.08740234375 0.0595703125
0 0.24609375 0.1396484375 0.19384765625 0.06884765625
0 0.21923828125 0.18115234375 0.02783203125 0.02734375
0 0.24951171875 0.1865234375 0.0322265625 0.02197265625
0 0.19921875 0.23291015625 0.1787109375 0.07080078125
0 0.12060546875 0.2626953125 0.01416015625 0.02001953125
0 0.15771484375 0.265625 0.0556640625 0.0283203125
0 0.193359375 0.27490234375 0.01416015625 0.01416015625
0 0.20947265625 0.27587890625 0.0146484375 0.02001953125
0 0.2412109375 0.27880859375 0.0439453125 0.0283203125
0 0.2333984375 0.330078125 0.1826171875 0.0771484375
0 0.162109375 0.35693359375 0.01611328125 0.01904296875
0 0.19921875 0.3623046875 0.05615234375 0.02978515625
0 0.234375 0.373046875 0.01318359375 0.01416015625
0 0.2509765625 0.37451171875 0.01513671875 0.02001953125
0 0.28271484375 0.37939453125 0.04443359375 0.0302734375
0 0.06689453125 0.44189453125 0.03125 0.0234375
0 0.11474609375 0.4404296875 0.06103515625 0.02685546875
0 0.16943359375 0.4404296875 0.048828125 0.02978515625
0 0.21630859375 0.43505859375 0.03759765625 0.02978515625
0 0.26904296875 0.43603515625 0.0625 0.03173828125
0 0.31396484375 0.43701171875 0.02734375 0.02685546875
0 0.34375 0.4345703125 0.02734375 0.02490234375
0 0.37744140625 0.43212890625 0.0400390625 0.02685546875
0 0.4228515625 0.4345703125 0.04248046875 0.02490234375
0 0.47900390625 0.4345703125 0.02978515625 0.02490234375
0 0.5546875 0.43603515625 0.11865234375 0.0283203125
0 0.28759765625 0.4833984375 0.05517578125 0.03662109375
0 0.36572265625 0.4833984375 0.09130859375 0.04345703125
0 0.3056640625 0.54443359375 0.0986328125 0.0849609375
0 0.38720703125 0.54345703125 0.05859375 0.07666015625
0 0.26806640625 0.654296875 0.0439453125 0.13818359375
0 0.32275390625 0.65771484375 0.06005859375 0.134765625
0 0.3876953125 0.6552734375 0.06494140625 0.13671875
0 0.26513671875 0.7529296875 0.02978515625 0.03515625
0 0.30126953125 0.74951171875 0.0400390625 0.04150390625
0 0.35009765625 0.74951171875 0.052734375 0.044921875
0 0.39697265625 0.751953125 0.0361328125 0.03662109375
0 0.0029296875 0.83251953125 0.005859375 0.0380859375
0 0.0126953125 0.82763671875 0.02001953125 0.0283203125
0 0.029296875 0.82177734375 0.01611328125 0.02978515625