0 0.30615234375 0.40087890625 0.15869140625 0.05712890625
0 0.2958984375 0.447265625 0.13818359375 0.0537109375
0 0.13916015625 0.5029296875 0.021484375 0.02197265625
0 0.18359375 0.50732421875 0.0107421875 0.017578125
0 0.2119140625 0.50634765625 0.04345703125 0.0224609375
0 0.24755859375 0.50830078125 0.021484375 0.02294921875
0 0.27392578125 0.50927734375 0.01611328125 0.0224609375
0 0.30029296875 0.51220703125 0.03173828125 0.02294921875
0 0.3408203125 0.51318359375 0.03173828125 0.01953125
0 0.37158203125 0.5146484375 0.02734375 0.02294921875
0 0.48779296875 0.08935546875 0.0634765625 0.1474609375
0 0.46484375 0.21240234375 0.02783203125 0.07373046875
0 0.5029296875 0.1689453125 0.033203125 0.107421875
0 0.4599609375 0.28662109375 0.04248046875 0.0927734375
0 0.59716796875 0.2890625 0.1552734375 0.03125
0 0.7724609375 0.2763671875 0.1513671875 0.03271484375
0 0.65576171875 0.34521484375 0.12548828125 0.02392578125
0 0.5712890625 0.40869140625 0.103515625 0.0322265625
0 0.7333984375 0.4033203125 0.17724609375 0.02978515625
0 0.5712890625 0.47705078125 0.103515625 0.0283203125
0 0.72705078125 0.4677734375 0.16455078125 0.0361328125
0 0.57958984375 0.5419921875 0.1201171875 0.02734375
0 0.74658203125 0.5390625 0.18603515625 0.0283203125
0 0.5927734375 0.61572265625 0.146484375 0.0263671875
0 0.20166015625 0.6767578125 0.10693359375 0.04638671875
0 0.3076171875 0.67919921875 0.0830078125 0.04150390625
0 0.408203125 0.681640625 0.10009765625 0.04638671875
0 0.072265625 0.78955078125 0.0791015625 0.0322265625
0 0.24658203125 0.78857421875 0.14892578125 0.044921875
0 0.3603515625 0.79443359375 0.06298828125 0.0361328125
0 0.45703125 0.794921875 0.125 0.033203125
0 0.06982421875 0.91357421875 0.07421875 0.02685546875
0 0.2490234375 0.9189453125 0.14404296875 0.044921875
0 0.3603515625 0.9208984375 0.06689453125 0.03369140625
0 0.45849609375 0.92236328125 0.1220703125 0.0380859375
0 0.66552734375 0.75244140625 0.13623046875 0.15966796875
0 0.58349609375 0.92041015625 0.080078125 0.06884765625
0 0.66796875 0.9287109375 0.0654296875 0.0556640625
0 0.75439453125 0.9287109375 0.08447265625 0.0517578125
0 0.59326171875 0.9931640625 0.0732421875 0.013671875