0 0.24072265625 0.134765625 0.076171875 0.0634765625
0 0.30859375 0.14013671875 0.04541015625 0.05322265625
0 0.3720703125 0.146484375 0.064453125 0.056640625
0 0.43603515625 0.13720703125 0.046875 0.05419921875
0 0.49755859375 0.13818359375 0.05908203125 0.056640625
0 0.57763671875 0.14599609375 0.0859375 0.05810546875
0 0.68798828125 0.13232421875 0.115234375 0.068359375
0 0.7724609375 0.1396484375 0.04736328125 0.06591796875
0 0.83935546875 0.1396484375 0.07421875 0.05224609375
0 0.73974609375 0.203125 0.080078125 0.0380859375
0 0.66162109375 0.20361328125 0.06982421875 0.03466796875
0 0.60107421875 0.20361328125 0.04150390625 0.037109375
0 0.5263671875 0.20556640625 0.09716796875 0.03564453125
0 0.45068359375 0.20654296875 0.04248046875 0.03564453125
0 0.3984375 0.2060546875 0.05078125 0.037109375