0 0.05126953125 0.16064453125 0.0146484375 0.00830078125
0 0.06982421875 0.1630859375 0.017578125 0.009765625
0 0.50830078125 0.0390625 0.2978515625 0.078125
0 0.7490234375 0.02001953125 0.134765625 0.0400390625
0 0.51123046875 0.1201171875 0.08740234375 0.078125
0 0.6123046875 0.1123046875 0.08544921875 0.08740234375
0 0.75390625 0.1015625 0.189453125 0.0908203125
0 0.2998046875 0.5107421875 0.17236328125 0.11865234375
0 0.5 0.50244140625 0.1904296875 0.09521484375
0 0.68994140625 0.50146484375 0.14794921875 0.109375
0 0.865234375 0.513671875 0.1611328125 0.08447265625