0 0.435546875 0.26220703125 0.04296875 0.05322265625
0 0.48095703125 0.27197265625 0.04150390625 0.0595703125
0 0.53076171875 0.26513671875 0.0537109375 0.05712890625
0 0.57421875 0.271484375 0.02587890625 0.04833984375
0 0.43408203125 0.33349609375 0.04150390625 0.05126953125
0 0.47802734375 0.33837890625 0.04150390625 0.0595703125
0 0.52734375 0.33154296875 0.0517578125 0.05712890625
0 0.5654296875 0.3388671875 0.0185546875 0.05224609375
0 0.58203125 0.33935546875 0.0185546875 0.05126953125
0 0.59619140625 0.33984375 0.0146484375 0.05029296875
0 0.61083984375 0.345703125 0.013671875 0.03662109375
0 0.6279296875 0.34033203125 0.0234375 0.04931640625
0 0.474609375 0.38818359375 0.02783203125 0.03466796875
0 0.4990234375 0.38671875 0.02001953125 0.03564453125
0 0.521484375 0.390625 0.0234375 0.02783203125
0 0.53857421875 0.39111328125 0.009765625 0.02880859375
0 0.56005859375 0.392578125 0.03173828125 0.03173828125
0 0.4296875 0.43994140625 0.03857421875 0.05126953125
0 0.46875 0.4462890625 0.037109375 0.05712890625
0 0.51416015625 0.43701171875 0.0478515625 0.05322265625
0 0.54638671875 0.44189453125 0.013671875 0.04736328125
0 0.4287109375 0.49365234375 0.01904296875 0.03369140625
0 0.44482421875 0.49072265625 0.013671875 0.03369140625
0 0.46533203125 0.4912109375 0.0244140625 0.03271484375
0 0.4912109375 0.4873046875 0.02783203125 0.03662109375
0 0.51708984375 0.48974609375 0.0224609375 0.03564453125
0 0.53955078125 0.4892578125 0.021484375 0.03076171875
0 0.56201171875 0.4921875 0.02197265625 0.02685546875
0 0.578125 0.4931640625 0.00927734375 0.02685546875
0 0.59619140625 0.4931640625 0.02734375 0.02880859375
0 0.4873046875 0.52978515625 0.04931640625 0.03662109375