0 0.12451171875 0.43505859375 0.03271484375 0.05126953125
0 0.158203125 0.423828125 0.037109375 0.0400390625
0 0.19873046875 0.4169921875 0.04443359375 0.0380859375
0 0.23291015625 0.4248046875 0.0244140625 0.0380859375
0 0.359375 0.2822265625 0.080078125 0.03125
0 0.3583984375 0.302734375 0.078125 0.02734375
0 0.3583984375 0.32568359375 0.078125 0.0283203125
0 0.35546875 0.34765625 0.072265625 0.029296875
0 0.51806640625 0.17333984375 0.04638671875 0.04345703125
0 0.57177734375 0.1650390625 0.06396484375 0.046875
0 0.6376953125 0.15478515625 0.06396484375 0.05322265625
0 0.7109375 0.14404296875 0.0849609375 0.05810546875
0 0.55029296875 0.30517578125 0.30859375 0.306640625
0 0.849609375 0.2236328125 0.30078125 0.208984375
0 0.82421875 0.35009765625 0.10888671875 0.06982421875
0 0.931640625 0.34228515625 0.0888671875 0.078125
0 0.583984375 0.5224609375 0.1689453125 0.05517578125
0 0.39111328125 0.48095703125 0.02978515625 0.021484375
0 0.41748046875 0.47998046875 0.02734375 0.0234375
0 0.4404296875 0.478515625 0.0185546875 0.02685546875
0 0.46337890625 0.47900390625 0.02734375 0.02490234375
0 0.490234375 0.47900390625 0.02880859375 0.02490234375
0 0.51611328125 0.4775390625 0.0224609375 0.0283203125
0 0.541015625 0.47900390625 0.02490234375 0.021484375
0 0.5673828125 0.4765625 0.02734375 0.0234375
0 0.6015625 0.47412109375 0.041015625 0.02490234375
0 0.63916015625 0.47314453125 0.03125 0.0234375
0 0.6708984375 0.47314453125 0.03515625 0.02685546875
0 0.69677734375 0.47265625 0.021484375 0.02490234375
0 0.72265625 0.4716796875 0.02880859375 0.02685546875
0 0.75537109375 0.470703125 0.03857421875 0.02490234375
0 0.78369140625 0.47021484375 0.017578125 0.0234375
0 0.80615234375 0.46923828125 0.03515625 0.02490234375
0 0.8427734375 0.46484375 0.03857421875 0.033203125
0 0.87109375 0.46826171875 0.02001953125 0.0234375
0 0.90185546875 0.46240234375 0.041015625 0.0283203125
0 0.93603515625 0.46435546875 0.02734375 0.02490234375
0 0.18994140625 0.8642578125 0.2587890625 0.18359375
0 0.0400390625 0.97412109375 0.080078125 0.0517578125
0 0.13232421875 0.9794921875 0.0908203125 0.041015625
0 0.232421875 0.9794921875 0.095703125 0.041015625
0 0.5009765625 0.61474609375 0.357421875 0.0712890625