0 0.025390625 0.24169921875 0.05078125 0.1650390625
0 0.0107421875 0.29345703125 0.021484375 0.0458984375
0 0.2890625 0.22265625 0.455078125 0.1962890625
0 0.587890625 0.20361328125 0.0625 0.1962890625
0 0.658203125 0.02294921875 0.048828125 0.03466796875
0 0.71875 0.02685546875 0.06689453125 0.03173828125
0 0.70361328125 0.068359375 0.01123046875 0.029296875
0 0.087890625 0.5390625 0.17578125 0.080078125
0 0.29736328125 0.5322265625 0.2109375 0.09423828125
0 0.51904296875 0.52685546875 0.2001953125 0.0888671875
0 0.55712890625 0.92724609375 0.013671875 0.01171875