0 0.0361328125 0.1904296875 0.072265625 0.033203125
0 0.17333984375 0.18994140625 0.18896484375 0.0458984375
0 0.3359375 0.19287109375 0.13623046875 0.0419921875
0 0.4697265625 0.1982421875 0.13134765625 0.0361328125
0 0.0419921875 0.2275390625 0.0576171875 0.02294921875
0 0.1708984375 0.22900390625 0.2001953125 0.025390625
0 0.3046875 0.23095703125 0.0673828125 0.02392578125
0 0.43359375 0.2314453125 0.197265625 0.02783203125
0 0.9931640625 0.24072265625 0.013671875 0.0322265625
0 0.99169921875 0.29052734375 0.0166015625 0.0341796875
0 0.99365234375 0.341796875 0.0126953125 0.03515625
0 0.99609375 0.39453125 0.0078125 0.029296875
0 0.76025390625 0.14306640625 0.0224609375 0.03076171875
0 0.79150390625 0.14453125 0.0361328125 0.0361328125
0 0.74951171875 0.17529296875 0.0205078125 0.03076171875
0 0.76953125 0.1767578125 0.021484375 0.03076171875
0 0.0166015625 0.42333984375 0.03125 0.0283203125
0 0.056640625 0.421875 0.0390625 0.025390625
0 0.10791015625 0.42236328125 0.0615234375 0.0263671875
0 0.1474609375 0.4150390625 0.013671875 0.01171875
0 0.18505859375 0.42626953125 0.0517578125 0.0341796875
0 0.2294921875 0.42431640625 0.03125 0.0302734375
0 0.2548828125 0.42333984375 0.015625 0.0283203125
0 0.50830078125 0.8486328125 0.119140625 0.07080078125
0 0.5849609375 0.84228515625 0.029296875 0.0830078125
0 0.4482421875 0.94921875 0.0673828125 0.08349609375
0 0.5341796875 0.953125 0.0986328125 0.07080078125
0 0.9619140625 0.6103515625 0.076171875 0.04296875
0 0.953125 0.6650390625 0.05615234375 0.0537109375
0 0.9501953125 0.71630859375 0.0546875 0.0595703125
0 0.888671875 0.81298828125 0.22265625 0.0654296875