0 0.1669921875 0.14013671875 0.03271484375 0.0458984375
0 0.1962890625 0.12744140625 0.02978515625 0.0458984375
0 0.23388671875 0.11328125 0.04541015625 0.0498046875
0 0.2607421875 0.0888671875 0.017578125 0.060546875
0 0.13232421875 0.27685546875 0.12353515625 0.1728515625
0 0.2314453125 0.24609375 0.076171875 0.1796875
0 0.1123046875 0.4599609375 0.046875 0.01953125
0 0.16455078125 0.4609375 0.0634765625 0.017578125
0 0.0244140625 0.50732421875 0.048828125 0.0751953125
0 0.0244140625 0.712890625 0.048828125 0.154296875
0 0.162109375 0.69677734375 0.21484375 0.1435546875
0 0.0693359375 0.9033203125 0.138671875 0.193359375
0 0.2080078125 0.9072265625 0.123046875 0.185546875