0 0.58642578125 0.33837890625 0.0771484375 0.03759765625
0 0.6083984375 0.19677734375 0.14306640625 0.078125
0 0.60546875 0.29052734375 0.1630859375 0.0673828125
0 0.2021484375 0.62158203125 0.15380859375 0.09521484375
0 0.35498046875 0.6142578125 0.1181640625 0.083984375
0 0.5078125 0.60009765625 0.15380859375 0.09619140625
0 0.197265625 0.73681640625 0.18896484375 0.12890625
0 0.33837890625 0.71923828125 0.0751953125 0.1064453125
0 0.4375 0.71044921875 0.09912109375 0.103515625
0 0.544921875 0.69970703125 0.10205078125 0.09619140625
0 0.21630859375 0.8525390625 0.21923828125 0.09375
0 0.3994140625 0.8154296875 0.1171875 0.0810546875
0 0.50732421875 0.8046875 0.0810546875 0.08349609375