0 0.01513671875 0.1474609375 0.0302734375 0.0546875
0 0.29150390625 0.1328125 0.19873046875 0.17431640625
0 0.50830078125 0.19677734375 0.0927734375 0.1259765625
0 0.5751953125 0.21044921875 0.064453125 0.0986328125
0 0.6337890625 0.22705078125 0.072265625 0.0654296875
0 0.77880859375 0.12255859375 0.02099609375 0.01318359375
0 0.02294921875 0.38037109375 0.0400390625 0.0224609375
0 0.05615234375 0.3837890625 0.02587890625 0.02880859375
0 0.0751953125 0.3837890625 0.01611328125 0.0224609375
0 0.27685546875 0.32958984375 0.2041015625 0.130859375
0 0.5185546875 0.32861328125 0.263671875 0.1376953125
0 0.22900390625 0.42041015625 0.087890625 0.05126953125
0 0.30810546875 0.421875 0.06591796875 0.05419921875
0 0.3759765625 0.42822265625 0.02587890625 0.0478515625
0 0.423828125 0.43017578125 0.06201171875 0.044921875
0 0.51220703125 0.4345703125 0.08203125 0.05419921875
0 0.5810546875 0.43310546875 0.0517578125 0.05126953125
0 0.650390625 0.42626953125 0.0390625 0.0576171875
0 0.56201171875 0.57080078125 0.05419921875 0.0830078125
0 0.541015625 0.63623046875 0.02392578125 0.04150390625
0 0.63818359375 0.5810546875 0.0634765625 0.080078125
0 0.5810546875 0.63623046875 0.02392578125 0.04150390625
0 0.6240234375 0.6376953125 0.05810546875 0.03857421875
0 0.81689453125 0.30615234375 0.14453125 0.0595703125
0 0.93994140625 0.31201171875 0.095703125 0.064453125
0 0.88818359375 0.46923828125 0.2236328125 0.2275390625
0 0.806640625 0.6259765625 0.08740234375 0.05712890625
0 0.92333984375 0.63037109375 0.134765625 0.0615234375