0 0.2294921875 0.08984375 0.2412109375 0.05322265625
0 0.318359375 0.24853515625 0.02294921875 0.02978515625
0 0.3447265625 0.248046875 0.021484375 0.0302734375
0 0.34521484375 0.34619140625 0.0673828125 0.06787109375
0 0.361328125 0.4599609375 0.041015625 0.068359375
0 0.375 0.5673828125 0.048828125 0.044921875
0 0.38037109375 0.5185546875 0.0166015625 0.03564453125
0 0.41455078125 0.29833984375 0.0302734375 0.1650390625
0 0.490234375 0.31494140625 0.11279296875 0.15478515625
0 0.59716796875 0.3505859375 0.0888671875 0.13134765625
0 0.673828125 0.3740234375 0.05810546875 0.10986328125
0 0.447265625 0.42529296875 0.095703125 0.0751953125
0 0.5341796875 0.4443359375 0.06298828125 0.064453125
0 0.60302734375 0.46435546875 0.06787109375 0.05810546875
0 0.66650390625 0.47314453125 0.0498046875 0.044921875
0 0.41064453125 0.51904296875 0.0224609375 0.1416015625
0 0.47412109375 0.54150390625 0.0986328125 0.0966796875
0 0.58251953125 0.54248046875 0.1044921875 0.0947265625
0 0.671875 0.546875 0.064453125 0.0859375
0 0.1083984375 0.79736328125 0.07373046875 0.12646484375
0 0.20361328125 0.80322265625 0.11865234375 0.1083984375
0 0.29736328125 0.798828125 0.0712890625 0.10986328125
0 0.3759765625 0.78759765625 0.046875 0.1376953125
0 0.03369140625 0.939453125 0.0673828125 0.12109375
0 0.10595703125 0.9326171875 0.0751953125 0.134765625
0 0.18798828125 0.939453125 0.0810546875 0.12109375
0 0.27978515625 0.9443359375 0.0888671875 0.111328125
0 0.3408203125 0.92138671875 0.0185546875 0.05810546875
0 0.37841796875 0.93505859375 0.0419921875 0.1298828125
0 0.8876953125 0.65234375 0.12890625 0.125