0 0.0712890625 0.43603515625 0.052734375 0.04443359375
0 0.3359375 0.328125 0.08984375 0.05712890625
0 0.470703125 0.31494140625 0.125 0.06787109375
0 0.6572265625 0.3046875 0.158203125 0.078125
0 0.5078125 0.1328125 0.01171875 0.02099609375
0 0.5244140625 0.12353515625 0.017578125 0.0234375
0 0.5419921875 0.12890625 0.009765625 0.01806640625
0 0.5556640625 0.14306640625 0.013671875 0.02099609375
0 0.560546875 0.1640625 0.015625 0.02099609375
0 0.5537109375 0.18603515625 0.017578125 0.0234375
0 0.5400390625 0.20556640625 0.013671875 0.02099609375
0 0.521484375 0.21240234375 0.015625 0.0234375
0 0.4921875 0.19140625 0.015625 0.0234375
0 0.505859375 0.20849609375 0.015625 0.02099609375
0 0.48828125 0.171875 0.015625 0.02099609375
0 0.4951171875 0.15087890625 0.021484375 0.02099609375