0 0.037109375 0.3232421875 0.07421875 0.0859375
0 0.0400390625 0.37109375 0.068359375 0.02978515625
0 0.06787109375 0.501953125 0.1142578125 0.05224609375
0 0.16162109375 0.54150390625 0.0556640625 0.0166015625
0 0.22509765625 0.53515625 0.0634765625 0.029296875
0 0.2763671875 0.53662109375 0.03515625 0.0263671875
0 0.4248046875 0.515625 0.02734375 0.03271484375
0 0.4912109375 0.50439453125 0.10546875 0.046875
0 0.5146484375 0.455078125 0.0234375 0.02880859375
0 0.54638671875 0.45166015625 0.0458984375 0.02734375
0 0.50537109375 0.35693359375 0.1279296875 0.1376953125
0 0.29443359375 0.35205078125 0.2685546875 0.16943359375
0 0.56005859375 0.2197265625 0.0185546875 0.041015625
0 0.49755859375 0.22216796875 0.0615234375 0.04150390625
0 0.39990234375 0.22412109375 0.1240234375 0.04296875
0 0.2822265625 0.22705078125 0.09765625 0.04443359375
0 0.19287109375 0.22607421875 0.0634765625 0.06787109375
0 0.1064453125 0.7490234375 0.0625 0.06396484375
0 0.18408203125 0.7275390625 0.0908203125 0.07958984375
0 0.27734375 0.7041015625 0.07080078125 0.0673828125
0 0.36279296875 0.6826171875 0.091796875 0.076171875
0 0.134765625 0.8583984375 0.26953125 0.17578125
0 0.42431640625 0.77880859375 0.2900390625 0.1689453125
0 0.1171875 0.9716796875 0.234375 0.056640625
0 0.41357421875 0.94482421875 0.3076171875 0.1103515625
0 0.7763671875 0.77587890625 0.1015625 0.11083984375
0 0.88720703125 0.7216796875 0.11181640625 0.10546875
0 0.9765625 0.6875 0.046875 0.064453125