0 0.24853515625 0.03564453125 0.1650390625 0.0712890625
0 0.06640625 0.15673828125 0.1328125 0.3056640625
0 0.19970703125 0.1875 0.115234375 0.28515625
0 0.337890625 0.2138671875 0.14111328125 0.28515625
0 0.56005859375 0.13623046875 0.1201171875 0.1044921875
0 0.69287109375 0.1484375 0.15234375 0.11181640625
0 0.8740234375 0.10693359375 0.205078125 0.1181640625
0 0.5341796875 0.34912109375 0.068359375 0.1201171875
0 0.5908203125 0.33349609375 0.03857421875 0.07177734375
0 0.6552734375 0.2470703125 0.08740234375 0.0849609375
0 0.7666015625 0.2392578125 0.10498046875 0.08349609375
0 0.91748046875 0.23681640625 0.1064453125 0.06494140625
0 0.66015625 0.33447265625 0.09521484375 0.0732421875
0 0.7861328125 0.3359375 0.12646484375 0.0634765625
0 0.9375 0.3310546875 0.0810546875 0.08984375
0 0.63818359375 0.40185546875 0.0615234375 0.0146484375
0 0.7109375 0.40185546875 0.076171875 0.0146484375
0 0.77734375 0.396484375 0.052734375 0.025390625
0 0.9140625 0.3974609375 0.068359375 0.0234375
0 0.51611328125 0.68017578125 0.0322265625 0.1181640625
0 0.5634765625 0.68701171875 0.06201171875 0.10107421875
0 0.6689453125 0.67724609375 0.11474609375 0.125
0 0.79638671875 0.6787109375 0.11474609375 0.11767578125
0 0.921875 0.6845703125 0.1025390625 0.115234375
0 0.50927734375 0.80126953125 0.0185546875 0.0791015625
0 0.55029296875 0.8056640625 0.044921875 0.0888671875
0 0.62158203125 0.7998046875 0.08203125 0.09130859375
0 0.7080078125 0.8037109375 0.07421875 0.083984375
0 0.828125 0.8095703125 0.1474609375 0.0673828125
0 0.64208984375 0.93798828125 0.1142578125 0.1240234375