0 0.103515625 0.19287109375 0.0751953125 0.06396484375
0 0.0517578125 0.3916015625 0.06640625 0.09375
0 0.1611328125 0.40966796875 0.12744140625 0.1142578125
0 0.33056640625 0.4169921875 0.111328125 0.0693359375
0 0.484375 0.26025390625 0.009765625 0.0673828125
0 0.78662109375 0.1279296875 0.4267578125 0.255859375
0 0.69775390625 0.3681640625 0.35595703125 0.197265625
0 0.71630859375 0.55419921875 0.2822265625 0.1103515625
0 0.15234375 0.82763671875 0.08740234375 0.04150390625
0 0.2568359375 0.857421875 0.04736328125 0.009765625
0 0.26318359375 0.83642578125 0.12548828125 0.03759765625
0 0.2880859375 0.8583984375 0.01708984375 0.009765625
0 0.306640625 0.85888671875 0.0263671875 0.00927734375
0 0.12890625 0.84375 0.0439453125 0.01513671875
0 0.169921875 0.84912109375 0.041015625 0.013671875
0 0.01513671875 0.8935546875 0.0302734375 0.041015625
0 0.06787109375 0.91357421875 0.076171875 0.03515625
0 0.07373046875 0.9462890625 0.1474609375 0.1015625
0 0.291015625 0.9677734375 0.27734375 0.064453125
0 0.4072265625 0.9970703125 0.015625 0.005859375
0 0.0419921875 0.990234375 0.083984375 0.01953125
0 0.4814453125 0.91845703125 0.015625 0.0205078125
0 0.4794921875 0.98828125 0.01953125 0.01953125
0 0.56884765625 0.7529296875 0.1591796875 0.205078125
0 0.7041015625 0.69140625 0.1171875 0.1640625
0 0.52685546875 0.9248046875 0.0751953125 0.10546875
0 0.6767578125 0.94775390625 0.197265625 0.1044921875