0 0.14453125 0.32421875 0.17626953125 0.14599609375
0 0.13330078125 0.47265625 0.15625 0.0693359375
0 0.24853515625 0.46044921875 0.0615234375 0.0791015625
0 0.30859375 0.2158203125 0.04296875 0.05224609375
0 0.357421875 0.240234375 0.05859375 0.05908203125
0 0.41015625 0.26806640625 0.05859375 0.05908203125
0 0.521484375 0.25390625 0.109375 0.12841796875
0 0.6005859375 0.29931640625 0.044921875 0.0869140625
0 0.6640625 0.333984375 0.0859375 0.107421875
0 0.740234375 0.37548828125 0.0703125 0.1005859375
0 0.80859375 0.40673828125 0.06640625 0.1005859375
0 0.859375 0.4345703125 0.03515625 0.080078125
0 0.908203125 0.4677734375 0.06640625 0.09033203125
0 0.958984375 0.4921875 0.0390625 0.08349609375
0 0.9892578125 0.51416015625 0.021484375 0.0732421875
0 0.30078125 0.3232421875 0.04296875 0.197265625
0 0.4375 0.39990234375 0.22265625 0.205078125
0 0.595703125 0.47802734375 0.09375 0.14599609375
0 0.6962890625 0.50146484375 0.107421875 0.1162109375
0 0.779296875 0.52392578125 0.0625 0.0712890625
0 0.8359375 0.5380859375 0.05078125 0.04296875
0 0.884765625 0.54443359375 0.05078125 0.0302734375
0 0.291015625 0.5185546875 0.0234375 0.08203125
0 0.3251953125 0.5322265625 0.056640625 0.0546875
0 0.3876953125 0.53759765625 0.068359375 0.0439453125
0 0.45703125 0.54638671875 0.07421875 0.0263671875
0 0.224609375 0.5908203125 0.109375 0.0625
0 0.21044921875 0.677734375 0.0439453125 0.0517578125
0 0.2578125 0.67333984375 0.04296875 0.0576171875
0 0.3955078125 0.87353515625 0.162109375 0.03759765625
0 0.3515625 0.90869140625 0.11328125 0.03515625
0 0.45654296875 0.91357421875 0.0830078125 0.03369140625
0 0.314453125 0.9453125 0.033203125 0.02197265625
0 0.34619140625 0.94970703125 0.0283203125 0.02099609375
0 0.376953125 0.94873046875 0.02734375 0.02099609375
0 0.40283203125 0.95263671875 0.0244140625 0.0234375
0 0.43603515625 0.95068359375 0.0419921875 0.02490234375
0 0.47998046875 0.94873046875 0.0478515625 0.02587890625
0 0.5908203125 0.74755859375 0.05859375 0.04052734375
0 0.68505859375 0.75390625 0.1201171875 0.03271484375
0 0.79541015625 0.751953125 0.0947265625 0.04443359375
0 0.884765625 0.76123046875 0.072265625 0.03369140625