0 0.01953125 0.1181640625 0.0390625 0.046875
0 0.0966796875 0.12548828125 0.09814453125 0.044921875
0 0.19091796875 0.12890625 0.07421875 0.0458984375
0 0.15478515625 0.16552734375 0.04150390625 0.0361328125
0 0.2294921875 0.17138671875 0.09130859375 0.041015625
0 0.3251953125 0.173828125 0.0810546875 0.03662109375
0 0.30322265625 0.1337890625 0.04931640625 0.04052734375
0 0.3720703125 0.14111328125 0.0712890625 0.03955078125
0 0.4375 0.1435546875 0.044921875 0.044921875
0 0.34375 0.353515625 0.0166015625 0.01220703125
0 0.35791015625 0.35498046875 0.01025390625 0.01123046875
0 0.09326171875 0.337890625 0.00830078125 0.005859375
0 0.10498046875 0.337890625 0.01513671875 0.005859375
0 0.09619140625 0.3447265625 0.01123046875 0.009765625
0 0.109375 0.34375 0.01171875 0.0107421875
0 0.54345703125 0.64501953125 0.1669921875 0.1494140625
0 0.04052734375 0.74755859375 0.0810546875 0.0556640625
0 0.1220703125 0.74755859375 0.08203125 0.0556640625
0 0.19140625 0.7333984375 0.044921875 0.02734375
0 0.23046875 0.73193359375 0.025390625 0.0244140625
0 0.01513671875 0.8271484375 0.0302734375 0.03515625
0 0.04296875 0.82763671875 0.021484375 0.02783203125
0 0.0703125 0.8291015625 0.033203125 0.03125
0 0.126953125 0.82763671875 0.021484375 0.02783203125
0 0.1669921875 0.82568359375 0.05859375 0.0244140625
0 0.486328125 0.9169921875 0.052734375 0.05078125
0 0.55126953125 0.9228515625 0.072265625 0.05859375
0 0.619140625 0.919921875 0.0556640625 0.05029296875
0 0.66650390625 0.919921875 0.0390625 0.05029296875
0 0.712890625 0.92333984375 0.04638671875 0.0595703125
0 0.76611328125 0.91748046875 0.05322265625 0.052734375
0 0.8369140625 0.9208984375 0.078125 0.05029296875
0 0.5478515625 0.9794921875 0.064453125 0.041015625
0 0.61083984375 0.98486328125 0.0556640625 0.0302734375
0 0.68017578125 0.97900390625 0.0771484375 0.0419921875
0 0.75341796875 0.98095703125 0.0595703125 0.0380859375