0 0.5810546875 0.025390625 0.123046875 0.05078125
0 0.66845703125 0.0224609375 0.02685546875 0.03271484375
0 0.76904296875 0.029296875 0.1748046875 0.05859375
0 0.9365234375 0.02685546875 0.126953125 0.0537109375
0 0.92138671875 0.10595703125 0.02685546875 0.02490234375
0 0.11279296875 0.69189453125 0.1142578125 0.16259765625
0 0.19580078125 0.63427734375 0.07177734375 0.150390625
0 0.291015625 0.576171875 0.1240234375 0.17626953125
0 0.4365234375 0.490234375 0.166015625 0.1953125
0 0.17724609375 0.78271484375 0.0732421875 0.119140625
0 0.11669921875 0.9306640625 0.1005859375 0.138671875
0 0.22509765625 0.890625 0.08642578125 0.17529296875
0 0.63232421875 0.93408203125 0.2255859375 0.1318359375