0 0.2138671875 0.36865234375 0.10546875 0.0322265625
0 0.0927734375 0.40087890625 0.0439453125 0.015625
0 0.14208984375 0.40087890625 0.0546875 0.01513671875
0 0.1904296875 0.40234375 0.04541015625 0.013671875
0 0.24072265625 0.40478515625 0.0517578125 0.0166015625
0 0.3486328125 0.361328125 0.0947265625 0.02099609375
0 0.4482421875 0.36376953125 0.09619140625 0.02001953125
0 0.5234375 0.36572265625 0.04931640625 0.0166015625
0 0.57080078125 0.3662109375 0.04541015625 0.015625
0 0.6318359375 0.365234375 0.07177734375 0.02197265625
0 0.71728515625 0.3662109375 0.09326171875 0.02001953125
0 0.80517578125 0.36767578125 0.07470703125 0.01708984375
0 0.888671875 0.37109375 0.08642578125 0.0224609375
0 0.328125 0.3818359375 0.0478515625 0.01416015625
0 0.36328125 0.3828125 0.0224609375 0.01416015625
0 0.47509765625 0.384765625 0.19873046875 0.0166015625
0 0.60400390625 0.3857421875 0.05322265625 0.01416015625
0 0.662109375 0.38623046875 0.0625 0.01513671875
0 0.74462890625 0.3876953125 0.1025390625 0.01416015625
0 0.86279296875 0.390625 0.1279296875 0.01806640625
0 0.36865234375 0.40087890625 0.0439453125 0.0166015625
0 0.412109375 0.40087890625 0.0400390625 0.01513671875
0 0.462890625 0.40185546875 0.05615234375 0.01953125
0 0.50146484375 0.40234375 0.01611328125 0.01416015625
0 0.525390625 0.40087890625 0.02685546875 0.0166015625
0 0.55810546875 0.4033203125 0.0361328125 0.01513671875
0 0.60595703125 0.404296875 0.05712890625 0.0185546875
0 0.6533203125 0.40478515625 0.03466796875 0.0166015625
0 0.7041015625 0.404296875 0.0322265625 0.01416015625
0 0.74951171875 0.4052734375 0.05615234375 0.015625
0 0.8134765625 0.40576171875 0.03466796875 0.01416015625
0 0.85546875 0.4072265625 0.0439453125 0.015625
0 0.380859375 0.41943359375 0.0546875 0.0185546875
0 0.439453125 0.41943359375 0.06005859375 0.01708984375
0 0.55419921875 0.4208984375 0.16650390625 0.015625
0 0.67724609375 0.4228515625 0.0478515625 0.01513671875
0 0.78662109375 0.423828125 0.16259765625 0.015625
0 0.47412109375 0.4365234375 0.076171875 0.0166015625
0 0.53515625 0.4375 0.04150390625 0.01708984375
0 0.587890625 0.43798828125 0.0615234375 0.01806640625
0 0.701171875 0.43798828125 0.16015625 0.0166015625
0 0.32666015625 0.4814453125 0.13330078125 0.02978515625
0 0.4912109375 0.4853515625 0.1904296875 0.03076171875
0 0.666015625 0.49169921875 0.14794921875 0.033203125
0 0.2734375 0.51708984375 0.11181640625 0.03125
0 0.40380859375 0.52001953125 0.14111328125 0.0322265625
0 0.5185546875 0.525390625 0.080078125 0.03125
0 0.671875 0.5283203125 0.21875 0.03369140625
0 0.37451171875 0.55517578125 0.16015625 0.03369140625
0 0.53125 0.560546875 0.0732421875 0.02392578125
0 0.63720703125 0.560546875 0.12548828125 0.029296875
0 0.3564453125 0.62158203125 0.12646484375 0.0283203125
0 0.45654296875 0.62353515625 0.08154296875 0.02685546875
0 0.54150390625 0.62353515625 0.09326171875 0.0224609375
0 0.62890625 0.62744140625 0.10009765625 0.02685546875
0 0.087890625 0.66845703125 0.06689453125 0.02392578125
0 0.1611328125 0.6708984375 0.087890625 0.02099609375
0 0.2353515625 0.67333984375 0.07080078125 0.02099609375
0 0.2958984375 0.67431640625 0.05322265625 0.02197265625
0 0.36181640625 0.6748046875 0.083984375 0.0224609375
0 0.41943359375 0.67431640625 0.0361328125 0.01708984375
0 0.45751953125 0.67724609375 0.0478515625 0.0185546875
0 0.49755859375 0.67822265625 0.037109375 0.02099609375
0 0.54052734375 0.6767578125 0.05712890625 0.02197265625
0 0.58935546875 0.67822265625 0.05322265625 0.025390625
0 0.63623046875 0.68212890625 0.05078125 0.013671875
0 0.697265625 0.68310546875 0.07470703125 0.02197265625