0 0.11181640625 0.11279296875 0.1962890625 0.2255859375
0 0.33935546875 0.13671875 0.1943359375 0.2734375
0 0.5302734375 0.12060546875 0.1328125 0.2412109375
0 0.03173828125 0.34326171875 0.05615234375 0.1201171875
0 0.13720703125 0.34619140625 0.13427734375 0.1142578125
0 0.244140625 0.35693359375 0.06005859375 0.09912109375
0 0.29443359375 0.3583984375 0.0361328125 0.09619140625
0 0.33837890625 0.369140625 0.0439453125 0.0810546875
0 0.41259765625 0.3642578125 0.080078125 0.09619140625
0 0.06298828125 0.50830078125 0.1259765625 0.1318359375
0 0.17236328125 0.51318359375 0.072265625 0.123046875
0 0.2646484375 0.51611328125 0.09228515625 0.1171875
0 0.3427734375 0.5205078125 0.05224609375 0.10205078125
0 0.72265625 0.05419921875 0.07421875 0.09619140625
0 0.7880859375 0.04345703125 0.056640625 0.0869140625
0 0.8447265625 0.04052734375 0.060546875 0.0810546875
0 0.9150390625 0.044921875 0.083984375 0.08984375
0 0.98046875 0.03271484375 0.0390625 0.0654296875
0 0.806640625 0.14453125 0.07421875 0.072265625
0 0.8994140625 0.14599609375 0.083984375 0.09326171875
0 0.9794921875 0.142578125 0.041015625 0.099609375
0 0.1611328125 0.6796875 0.322265625 0.072265625
0 0.47509765625 0.67578125 0.25634765625 0.08203125
0 0.1044921875 0.763671875 0.208984375 0.080078125
0 0.39990234375 0.77783203125 0.3447265625 0.0771484375
0 0.15771484375 0.857421875 0.3154296875 0.1015625
0 0.46484375 0.85791015625 0.2890625 0.0947265625
0 0.0625 0.96728515625 0.125 0.0654296875
0 0.2744140625 0.95458984375 0.27734375 0.0908203125
0 0.51708984375 0.9501953125 0.1845703125 0.099609375