0 0.1591796875 0.134765625 0.19140625 0.17333984375
0 0.30078125 0.18701171875 0.056640625 0.1552734375
0 0.03759765625 0.30615234375 0.0751953125 0.1474609375
0 0.16064453125 0.28857421875 0.1572265625 0.1826171875
0 0.28857421875 0.30908203125 0.0810546875 0.1416015625
0 0.2197265625 0.54443359375 0.21875 0.1767578125
0 0.2177734375 0.7705078125 0.22265625 0.14453125
0 0.42626953125 0.6748046875 0.1943359375 0.11328125
0 0.72607421875 0.6552734375 0.35302734375 0.08984375
0 0.73681640625 0.7880859375 0.5263671875 0.1640625
0 0.345703125 0.8671875 0.033203125 0.029296875
0 0.38671875 0.86865234375 0.03173828125 0.03271484375