0 0.15380859375 0.08154296875 0.1943359375 0.1630859375
0 0.3447265625 0.0654296875 0.1328125 0.130859375
0 0.05859375 0.24658203125 0.06005859375 0.09912109375
0 0.10888671875 0.248046875 0.0361328125 0.09619140625
0 0.15283203125 0.2587890625 0.0439453125 0.0810546875
0 0.22705078125 0.25390625 0.080078125 0.09619140625
0 0.77490234375 0.18701171875 0.4501953125 0.3251953125
0 0.11865234375 0.42626953125 0.13623046875 0.08349609375
0 0.27294921875 0.4306640625 0.142578125 0.0751953125
0 0.06640625 0.55126953125 0.1328125 0.1865234375
0 0.35791015625 0.5927734375 0.3837890625 0.16015625
0 0.04736328125 0.69091796875 0.0947265625 0.0693359375
0 0.1572265625 0.6962890625 0.06640625 0.06689453125
0 0.27490234375 0.71044921875 0.14892578125 0.0615234375
0 0.4208984375 0.7138671875 0.11865234375 0.068359375
0 0.52294921875 0.7275390625 0.0537109375 0.056640625
0 0.52294921875 0.796875 0.0537109375 0.0546875
0 0.08642578125 0.77734375 0.134765625 0.0751953125
0 0.22216796875 0.77490234375 0.10888671875 0.0732421875
0 0.32421875 0.78125 0.0673828125 0.06689453125
0 0.03662109375 0.833984375 0.06005859375 0.03857421875
0 0.10791015625 0.84033203125 0.0673828125 0.044921875
0 0.18603515625 0.845703125 0.07373046875 0.03173828125
0 0.2548828125 0.84814453125 0.048828125 0.046875
0 0.318359375 0.84912109375 0.06640625 0.03857421875
0 0.3955078125 0.85791015625 0.072265625 0.033203125
0 0.49658203125 0.861328125 0.04736328125 0.02978515625
0 0.82275390625 0.85107421875 0.14697265625 0.04296875
0 0.599609375 0.4951171875 0.05322265625 0.03759765625
0 0.65478515625 0.49755859375 0.05322265625 0.0361328125
0 0.70654296875 0.5009765625 0.0458984375 0.03759765625
0 0.7509765625 0.505859375 0.04052734375 0.03076171875
0 0.78759765625 0.50732421875 0.029296875 0.033203125
0 0.83349609375 0.50634765625 0.033203125 0.0400390625
0 0.8720703125 0.5048828125 0.03955078125 0.03173828125
0 0.93017578125 0.50146484375 0.078125 0.0361328125
0 0.98486328125 0.50146484375 0.0302734375 0.0361328125
0 0.61376953125 0.54296875 0.03955078125 0.033203125
0 0.6591796875 0.541015625 0.046875 0.03759765625
0 0.72509765625 0.54736328125 0.0791015625 0.0390625
0 0.7958984375 0.5478515625 0.05615234375 0.03466796875
0 0.84619140625 0.55029296875 0.04150390625 0.0390625
0 0.90771484375 0.54443359375 0.0771484375 0.0361328125
0 0.96533203125 0.54541015625 0.0341796875 0.03466796875
0 0.6123046875 0.63330078125 0.1240234375 0.111328125
0 0.70361328125 0.62841796875 0.0498046875 0.115234375
0 0.76806640625 0.63427734375 0.064453125 0.10400390625
0 0.83251953125 0.62939453125 0.0498046875 0.11376953125
0 0.89501953125 0.642578125 0.05419921875 0.0849609375