0 0.2294921875 0.06396484375 0.197265625 0.1279296875
0 0.4140625 0.0185546875 0.130859375 0.037109375
0 0.4384765625 0.09130859375 0.0869140625 0.06103515625
0 0.49462890625 0.080078125 0.0107421875 0.048828125
0 0.58349609375 0.0712890625 0.1005859375 0.142578125
0 0.71923828125 0.0830078125 0.1572265625 0.166015625
0 0.8642578125 0.09326171875 0.115234375 0.1865234375
0 0.9658203125 0.1064453125 0.068359375 0.212890625
0 0.49462890625 0.65869140625 0.0107421875 0.0322265625
0 0.34375 0.51513671875 0.07568359375 0.05126953125
0 0.400390625 0.51513671875 0.037109375 0.0517578125
0 0.44091796875 0.5146484375 0.0419921875 0.05078125
0 0.607421875 0.83056640625 0.13916015625 0.10888671875
0 0.52392578125 0.92138671875 0.0478515625 0.0419921875
0 0.59375 0.92431640625 0.08203125 0.0517578125
0 0.66748046875 0.92431640625 0.06201171875 0.0478515625
0 0.72314453125 0.92822265625 0.041015625 0.0439453125
0 0.77197265625 0.92626953125 0.05615234375 0.0478515625
0 0.529296875 0.97509765625 0.05859375 0.0458984375
0 0.59130859375 0.97705078125 0.05615234375 0.0458984375
0 0.654296875 0.97998046875 0.060546875 0.0400390625
0 0.71728515625 0.98095703125 0.0576171875 0.0380859375
0 0.77490234375 0.98095703125 0.0517578125 0.0380859375