0 0.65283203125 0.0517578125 0.052734375 0.037109375
0 0.65185546875 0.17236328125 0.0498046875 0.037109375
0 0.75244140625 0.0517578125 0.1376953125 0.103515625
0 0.92041015625 0.0517578125 0.1591796875 0.103515625
0 0.8291015625 0.16064453125 0.27001953125 0.12060546875
0 0.1689453125 0.55712890625 0.337890625 0.1728515625
0 0.48095703125 0.5625 0.1962890625 0.142578125
0 0.09228515625 0.68017578125 0.1748046875 0.0673828125
0 0.26220703125 0.68017578125 0.1318359375 0.0576171875
0 0.3525390625 0.68359375 0.02490234375 0.02490234375
0 0.478515625 0.6875 0.201171875 0.0625
0 0.24462890625 0.76123046875 0.02685546875 0.02490234375
0 0.3974609375 0.763671875 0.02490234375 0.02490234375
0 0.84716796875 0.40283203125 0.20166015625 0.15478515625