0 0.2431640625 0.07958984375 0.39453125 0.078125
0 0.548828125 0.06787109375 0.181640625 0.0869140625
0 0.17529296875 0.1845703125 0.31689453125 0.1279296875
0 0.49609375 0.18896484375 0.287109375 0.1513671875
0 0.14794921875 0.30859375 0.2900390625 0.111328125
0 0.51904296875 0.412109375 0.2412109375 0.234375
0 0.96533203125 0.10595703125 0.02783203125 0.0576171875
0 0.97607421875 0.04150390625 0.03369140625 0.0771484375
0 0.99462890625 0.19189453125 0.0107421875 0.0498046875
0 0.70654296875 0.43212890625 0.1337890625 0.1533203125
0 0.8994140625 0.44482421875 0.201171875 0.1513671875
0 0.11865234375 0.5517578125 0.02197265625 0.0185546875
0 0.06494140625 0.60498046875 0.02490234375 0.0185546875
0 0.1298828125 0.580078125 0.05615234375 0.0439453125
0 0.18701171875 0.5595703125 0.05615234375 0.046875
0 0.4072265625 0.55615234375 0.087890625 0.0537109375
0 0.4462890625 0.63720703125 0.0185546875 0.0263671875
0 0.462890625 0.6181640625 0.02099609375 0.02978515625
0 0.48193359375 0.60205078125 0.0185546875 0.0283203125
0 0.4970703125 0.58544921875 0.017578125 0.0263671875
0 0.373046875 0.61279296875 0.02197265625 0.046875
0 0.39013671875 0.6494140625 0.0185546875 0.0361328125
0 0.40380859375 0.6806640625 0.0185546875 0.0390625
0 0.4208984375 0.72216796875 0.02392578125 0.0498046875
0 0.43701171875 0.7548828125 0.0166015625 0.0341796875
0 0.44873046875 0.78173828125 0.0166015625 0.0283203125
0 0.46435546875 0.8154296875 0.02490234375 0.04833984375
0 0.482421875 0.857421875 0.02197265625 0.0419921875
0 0.330078125 0.53515625 0.025390625 0.01171875
0 0.35009765625 0.55810546875 0.02587890625 0.0498046875
0 0.72998046875 0.798828125 0.04541015625 0.04296875
0 0.787109375 0.80078125 0.06201171875 0.041015625
0 0.71435546875 0.84228515625 0.06103515625 0.04296875
0 0.77392578125 0.84423828125 0.0498046875 0.04150390625