0 0.048828125 0.01123046875 0.04296875 0.0224609375
0 0.09375 0.01806640625 0.041015625 0.0361328125
0 0.14404296875 0.013671875 0.0537109375 0.02734375
0 0.18701171875 0.0146484375 0.0263671875 0.029296875
0 0.04736328125 0.06787109375 0.04150390625 0.05126953125
0 0.09130859375 0.07275390625 0.04150390625 0.0595703125
0 0.140625 0.06591796875 0.0517578125 0.05712890625
0 0.1787109375 0.0732421875 0.0185546875 0.05224609375
0 0.1953125 0.07373046875 0.0185546875 0.05126953125
0 0.20947265625 0.07421875 0.0146484375 0.05029296875
0 0.22412109375 0.080078125 0.013671875 0.03662109375
0 0.2412109375 0.07470703125 0.0234375 0.04931640625
0 0.087890625 0.12255859375 0.02783203125 0.03466796875
0 0.1123046875 0.12109375 0.02001953125 0.03564453125
0 0.134765625 0.125 0.0234375 0.02783203125
0 0.15185546875 0.12548828125 0.009765625 0.02880859375
0 0.17333984375 0.126953125 0.03173828125 0.03173828125
0 0.04296875 0.17431640625 0.03857421875 0.05126953125
0 0.08203125 0.1806640625 0.037109375 0.05712890625
0 0.12744140625 0.17138671875 0.0478515625 0.05322265625
0 0.15966796875 0.17626953125 0.013671875 0.04736328125
0 0.0419921875 0.22802734375 0.01904296875 0.03369140625
0 0.05810546875 0.22509765625 0.013671875 0.03369140625
0 0.07861328125 0.2255859375 0.0244140625 0.03271484375
0 0.1044921875 0.2216796875 0.02783203125 0.03662109375
0 0.13037109375 0.22412109375 0.0224609375 0.03564453125
0 0.15283203125 0.2236328125 0.021484375 0.03076171875
0 0.17529296875 0.2265625 0.02197265625 0.02685546875
0 0.19140625 0.2275390625 0.00927734375 0.02685546875
0 0.20947265625 0.2275390625 0.02734375 0.02880859375
0 0.1005859375 0.26416015625 0.04931640625 0.03662109375
0 0.962890625 0.251953125 0.06689453125 0.18701171875
0 0.58447265625 0.779296875 0.02392578125 0.03857421875
0 0.59765625 0.8134765625 0.03271484375 0.04345703125
0 0.61962890625 0.82373046875 0.0185546875 0.02685546875
0 0.6396484375 0.82275390625 0.02880859375 0.03515625
0 0.662109375 0.8076171875 0.02880859375 0.04833984375
0 0.671875 0.77783203125 0.01611328125 0.044921875
0 0.4833984375 0.96044921875 0.0439453125 0.0498046875
0 0.53564453125 0.955078125 0.05615234375 0.0498046875
0 0.58203125 0.95849609375 0.03125 0.04345703125
0 0.6220703125 0.9658203125 0.041015625 0.0517578125
0 0.66748046875 0.95751953125 0.044921875 0.044921875
0 0.72021484375 0.95361328125 0.0576171875 0.05322265625
0 0.75830078125 0.962890625 0.0185546875 0.04150390625
0 0.78564453125 0.9560546875 0.03125 0.05517578125
0 0.85791015625 0.5927734375 0.052734375 0.078125
0 0.91650390625 0.59375 0.0673828125 0.08349609375
0 0.97412109375 0.6025390625 0.044921875 0.078125
0 0.8603515625 0.7119140625 0.05517578125 0.07666015625
0 0.92138671875 0.70849609375 0.0673828125 0.07666015625
0 0.9755859375 0.7080078125 0.048828125 0.083984375
0 0.94287109375 0.82421875 0.072265625 0.0849609375
0 0.98876953125 0.826171875 0.0224609375 0.076171875
0 0.8720703125 0.939453125 0.0712890625 0.078125
0 0.943359375 0.9384765625 0.07373046875 0.08984375
0 0.98779296875 0.9482421875 0.0244140625 0.09375