0 0.39111328125 0.0888671875 0.0234375 0.078125
0 0.42236328125 0.08544921875 0.04150390625 0.09765625
0 0.458984375 0.05908203125 0.0341796875 0.09912109375
0 0.48583984375 0.03759765625 0.0263671875 0.0751953125
0 0.50390625 0.03466796875 0.01171875 0.0693359375
0 0.646484375 0.07763671875 0.02880859375 0.021484375
0 0.23046875 0.77294921875 0.12890625 0.15478515625
0 0.376953125 0.77587890625 0.1640625 0.16064453125
0 0.1484375 0.8857421875 0.296875 0.228515625
0 0.4208984375 0.92333984375 0.177734375 0.1533203125
0 0.53076171875 0.38134765625 0.0419921875 0.0244140625
0 0.57177734375 0.3798828125 0.0380859375 0.02197265625
0 0.59814453125 0.37890625 0.0146484375 0.01953125
0 0.66796875 0.37890625 0.05615234375 0.01953125
0 0.71240234375 0.3798828125 0.03271484375 0.02197265625
0 0.7451171875 0.3798828125 0.03271484375 0.02197265625
0 0.77880859375 0.3798828125 0.03076171875 0.02197265625
0 0.81787109375 0.3798828125 0.04345703125 0.02197265625
0 0.85888671875 0.3798828125 0.03466796875 0.02197265625
0 0.89794921875 0.37744140625 0.0361328125 0.02197265625
0 0.9287109375 0.37744140625 0.029296875 0.02197265625
0 0.96435546875 0.375 0.0380859375 0.02197265625
0 0.99169921875 0.37451171875 0.0166015625 0.0224609375
0 0.54150390625 0.7626953125 0.05810546875 0.05078125
0 0.5849609375 0.76025390625 0.029296875 0.041015625
0 0.6796875 0.75634765625 0.05078125 0.04833984375
0 0.7490234375 0.76025390625 0.080078125 0.0458984375
0 0.82958984375 0.7578125 0.07080078125 0.0458984375
0 0.91064453125 0.7587890625 0.08349609375 0.04833984375
0 0.9775390625 0.7626953125 0.044921875 0.041015625