0 0.033203125 0.025390625 0.03466796875 0.0478515625
0 0.07177734375 0.01904296875 0.0556640625 0.0380859375
0 0.10693359375 0.00390625 0.0263671875 0.0078125
0 0.1533203125 0.27294921875 0.07568359375 0.08740234375
0 0.22314453125 0.2197265625 0.08203125 0.09033203125
0 0.296875 0.169921875 0.0791015625 0.08349609375
0 0.81884765625 0.119140625 0.13232421875 0.0625
0 0.91650390625 0.11865234375 0.05810546875 0.05810546875
0 0.974609375 0.11962890625 0.05078125 0.0556640625
0 0.84814453125 0.1875 0.111328125 0.05712890625
0 0.931640625 0.17919921875 0.05517578125 0.0595703125
0 0.98193359375 0.1806640625 0.0361328125 0.052734375
0 0.8828125 0.25 0.0751953125 0.05712890625
0 0.962890625 0.23681640625 0.07421875 0.0576171875
0 0.76611328125 0.44091796875 0.03759765625 0.02490234375
0 0.80126953125 0.4375 0.0302734375 0.0263671875
0 0.82666015625 0.43798828125 0.0146484375 0.01953125
0 0.84130859375 0.4375 0.01025390625 0.009765625
0 0.87109375 0.43408203125 0.04248046875 0.02490234375
0 0.908203125 0.4326171875 0.02490234375 0.0224609375
0 0.92822265625 0.4326171875 0.00927734375 0.00830078125
0 0.9609375 0.427734375 0.05224609375 0.0263671875
0 0.994140625 0.4248046875 0.01171875 0.0234375
0 0.7744140625 0.45556640625 0.03125 0.0087890625
0 0.85693359375 0.45068359375 0.1298828125 0.0185546875
0 0.9296875 0.45068359375 0.01025390625 0.00830078125
0 0.96875 0.44580078125 0.0625 0.0244140625