0 0.15625 0.38671875 0.12255859375 0.16552734375
0 0.14501953125 0.4384765625 0.0849609375 0.04638671875
0 0.455078125 0.3671875 0.455078125 0.1962890625
0 0.833984375 0.34814453125 0.22265625 0.1962890625
0 0.1337890625 0.5771484375 0.1025390625 0.115234375
0 0.24755859375 0.57861328125 0.14013671875 0.10400390625
0 0.3564453125 0.59619140625 0.1025390625 0.10791015625
0 0.47265625 0.5732421875 0.125 0.10791015625
0 0.57763671875 0.57861328125 0.06982421875 0.09619140625
0 0.64892578125 0.5693359375 0.0673828125 0.115234375
0 0.736328125 0.58837890625 0.08251953125 0.115234375