0 0.369140625 0.13818359375 0.00732421875 0.005859375
0 0.37548828125 0.13720703125 0.005859375 0.00537109375
0 0.380859375 0.13671875 0.0048828125 0.00537109375
0 0.37060546875 0.14404296875 0.0048828125 0.0048828125
0 0.37646484375 0.14404296875 0.0068359375 0.0048828125
0 0.3681640625 0.16162109375 0.00537109375 0.0048828125
0 0.3740234375 0.16162109375 0.005859375 0.00634765625
0 0.380859375 0.1611328125 0.00830078125 0.00537109375
0 0.3818359375 0.18212890625 0.013671875 0.0126953125
0 0.384765625 0.18505859375 0.0078125 0.01025390625
0 0.8203125 0.13427734375 0.041015625 0.04931640625
0 0.8701171875 0.14599609375 0.0546875 0.04150390625
0 0.935546875 0.1513671875 0.068359375 0.046875
0 0.98583984375 0.15869140625 0.0283203125 0.0419921875
0 0.95849609375 0.1982421875 0.0830078125 0.046875
0 0.798828125 0.2255859375 0.064453125 0.04931640625
0 0.8740234375 0.23583984375 0.07421875 0.04931640625
0 0.955078125 0.23876953125 0.087890625 0.04443359375
0 0.8046875 0.27392578125 0.060546875 0.046875
0 0.87890625 0.28564453125 0.080078125 0.04443359375
0 0.96044921875 0.2861328125 0.0791015625 0.046875
0 0.8720703125 0.32568359375 0.04296875 0.04150390625
0 0.9228515625 0.3271484375 0.05859375 0.04443359375
0 0.97607421875 0.33056640625 0.0478515625 0.0361328125
0 0.89501953125 0.3828125 0.2099609375 0.046875
0 0.00439453125 0.640625 0.0087890625 0.076171875
0 0.02880859375 0.72705078125 0.0576171875 0.0654296875
0 0.029296875 0.80517578125 0.05859375 0.0693359375
0 0.005859375 0.96728515625 0.01171875 0.0361328125
0 0.16845703125 0.6298828125 0.07177734375 0.08154296875
0 0.232421875 0.62939453125 0.0498046875 0.080078125
0 0.287109375 0.6328125 0.05908203125 0.07861328125
0 0.333984375 0.63525390625 0.037109375 0.06787109375
0 0.138671875 0.72021484375 0.078125 0.05615234375
0 0.19873046875 0.7109375 0.0419921875 0.0693359375
0 0.2734375 0.71337890625 0.10009765625 0.06396484375
0 0.32470703125 0.7109375 0.01220703125 0.05078125
0 0.35302734375 0.708984375 0.05322265625 0.0654296875
0 0.1357421875 0.7841796875 0.07177734375 0.06689453125
0 0.197265625 0.7802734375 0.044921875 0.0693359375
0 0.2509765625 0.783203125 0.05078125 0.0546875
0 0.328125 0.7783203125 0.01123046875 0.04931640625
0 0.35400390625 0.78125 0.05078125 0.06396484375
0 0.46923828125 0.65673828125 0.04296875 0.05712890625
0 0.50927734375 0.6513671875 0.0400390625 0.064453125
0 0.53564453125 0.64794921875 0.0126953125 0.0263671875
0 0.5927734375 0.6416015625 0.0908203125 0.0302734375
0 0.544921875 0.677734375 0.0263671875 0.03271484375
0 0.576171875 0.677734375 0.03271484375 0.03759765625
0 0.537109375 0.7158203125 0.015625 0.03515625
0 0.576171875 0.71435546875 0.0576171875 0.03515625
0 0.5380859375 0.77197265625 0.017578125 0.0400390625
0 0.56982421875 0.7705078125 0.04833984375 0.0400390625
0 0.5439453125 0.8076171875 0.0283203125 0.02587890625
0 0.6865234375 0.76123046875 0.04052734375 0.0400390625
0 0.72998046875 0.76220703125 0.0439453125 0.03271484375