0 0.18798828125 0.3818359375 0.34912109375 0.177734375
0 0.498046875 0.43896484375 0.234375 0.16162109375
0 0.65283203125 0.45849609375 0.04443359375 0.08642578125
0 0.72998046875 0.45556640625 0.08935546875 0.11376953125
0 0.82177734375 0.4794921875 0.09130859375 0.08837890625
0 0.9033203125 0.4951171875 0.06298828125 0.07177734375
0 0.3251953125 0.82275390625 0.0224609375 0.03173828125
0 0.57666015625 0.568359375 0.0498046875 0.04443359375
0 0.619140625 0.564453125 0.02978515625 0.03515625
0 0.58056640625 0.60888671875 0.02734375 0.04345703125
0 0.62158203125 0.6025390625 0.04833984375 0.04443359375
0 0.6484375 0.57373046875 0.00927734375 0.013671875
0 0.6591796875 0.56884765625 0.0146484375 0.01708984375
0 0.67236328125 0.56494140625 0.01513671875 0.0126953125
0 0.53759765625 0.67431640625 0.01123046875 0.0087890625
0 0.54736328125 0.6748046875 0.00732421875 0.009765625
0 0.55224609375 0.67431640625 0.0029296875 0.00732421875
0 0.56298828125 0.673828125 0.017578125 0.009765625
0 0.57470703125 0.6728515625 0.0068359375 0.00830078125
0 0.58203125 0.671875 0.0078125 0.0087890625
0 0.58984375 0.67138671875 0.0078125 0.00927734375
0 0.599609375 0.67138671875 0.01123046875 0.0087890625
0 0.60791015625 0.6708984375 0.00634765625 0.00830078125
0 0.61328125 0.67041015625 0.0048828125 0.00830078125
0 0.6201171875 0.67138671875 0.00927734375 0.01025390625
0 0.62744140625 0.67041015625 0.00537109375 0.00830078125
0 0.634765625 0.66943359375 0.00927734375 0.00732421875
0 0.64208984375 0.6689453125 0.005859375 0.0078125
0 0.64794921875 0.6689453125 0.00634765625 0.00732421875
0 0.58447265625 0.68017578125 0.01220703125 0.0078125
0 0.59814453125 0.6796875 0.01171875 0.00732421875
0 0.97265625 0.5791015625 0.0185546875 0.0107421875
0 0.953125 0.60107421875 0.02294921875 0.01123046875
0 0.97705078125 0.60107421875 0.0244140625 0.013671875
0 0.99365234375 0.60009765625 0.01220703125 0.01513671875
0 0.98193359375 0.61865234375 0.02001953125 0.0185546875
0 0.98779296875 0.64111328125 0.01513671875 0.0146484375
0 0.990234375 0.66259765625 0.01416015625 0.0146484375
0 0.9658203125 0.6875 0.0380859375 0.021484375
0 0.99365234375 0.6806640625 0.0126953125 0.025390625
0 0.9541015625 0.70458984375 0.01025390625 0.00830078125
0 0.98828125 0.69921875 0.00634765625 0.00830078125
0 0.95751953125 0.71630859375 0.017578125 0.0166015625
0 0.99169921875 0.7109375 0.01611328125 0.01611328125
0 0.99462890625 0.61328125 0.0107421875 0.0078125
0 0.970703125 0.71044921875 0.0087890625 0.0078125
0 0.947265625 0.61767578125 0.0087890625 0.00634765625
0 0.9619140625 0.638671875 0.0078125 0.005859375
0 0.9599609375 0.64794921875 0.0068359375 0.0068359375
0 0.9501953125 0.66259765625 0.0087890625 0.0087890625