0 0.2978515625 0.10693359375 0.03271484375 0.0458984375
0 0.3271484375 0.09423828125 0.02978515625 0.0458984375
0 0.36474609375 0.080078125 0.04541015625 0.0498046875
0 0.40869140625 0.05615234375 0.0517578125 0.060546875
0 0.45556640625 0.03515625 0.0419921875 0.060546875
0 0.50048828125 0.0263671875 0.0517578125 0.052734375
0 0.26318359375 0.24365234375 0.12353515625 0.1728515625
0 0.3935546875 0.21337890625 0.1376953125 0.17919921875
0 0.61181640625 0.15576171875 0.2890625 0.2314453125
0 0.24365234375 0.4443359375 0.046875 0.05419921875
0 0.2958984375 0.44677734375 0.06396484375 0.05419921875
0 0.876953125 0.33984375 0.078125 0.12841796875
0 0.9658203125 0.33056640625 0.068359375 0.1396484375
0 0.40673828125 0.96630859375 0.0322265625 0.0673828125
0 0.412109375 0.9814453125 0.025390625 0.037109375
0 0.7568359375 0.7890625 0.044921875 0.0546875
0 0.716796875 0.8017578125 0.03662109375 0.04345703125
0 0.6767578125 0.8173828125 0.04296875 0.052734375
0 0.62646484375 0.82666015625 0.0458984375 0.052734375
0 0.5859375 0.83837890625 0.029296875 0.04345703125
0 0.751953125 0.875 0.0546875 0.09375
0 0.68310546875 0.8955078125 0.07666015625 0.07568359375
0 0.568359375 0.90673828125 0.1376953125 0.09375
0 0.76171875 0.94873046875 0.03515625 0.0732421875
0 0.701171875 0.95947265625 0.0703125 0.07568359375
0 0.6318359375 0.96533203125 0.0546875 0.0693359375
0 0.57421875 0.97900390625 0.04296875 0.0419921875
0 0.86572265625 0.82568359375 0.1728515625 0.3212890625