0 0.27197265625 0.0224609375 0.0419921875 0.044921875
0 0.3408203125 0.02392578125 0.087890625 0.0478515625
0 0.12109375 0.27783203125 0.037109375 0.07373046875
0 0.18359375 0.2763671875 0.08154296875 0.08984375
0 0.255859375 0.27783203125 0.05712890625 0.0927734375
0 0.15576171875 0.37890625 0.09765625 0.06396484375
0 0.23583984375 0.3818359375 0.05712890625 0.0576171875
0 0.6181640625 0.1201171875 0.0224609375 0.00830078125
0 0.5634765625 0.12109375 0.0126953125 0.0048828125
0 0.736328125 0.0908203125 0.01806640625 0.01025390625
0 0.7119140625 0.2802734375 0.01220703125 0.00537109375
0 0.7236328125 0.27978515625 0.0087890625 0.00439453125
0 0.8828125 0.337890625 0.1025390625 0.0185546875
0 0.859375 0.36669921875 0.080078125 0.03955078125
0 0.9287109375 0.36767578125 0.04638671875 0.02880859375
0 0.85205078125 0.3974609375 0.060546875 0.01806640625
0 0.91748046875 0.39501953125 0.064453125 0.02099609375
0 0.142578125 0.75390625 0.09228515625 0.078125
0 0.23291015625 0.7333984375 0.06103515625 0.11328125
0 0.337890625 0.73583984375 0.12646484375 0.11181640625
0 0.3720703125 0.8427734375 0.07421875 0.0859375
0 0.13916015625 0.91552734375 0.02392578125 0.03515625
0 0.19482421875 0.9189453125 0.06982421875 0.04150390625
0 0.2666015625 0.9189453125 0.0712890625 0.04150390625
0 0.31787109375 0.9189453125 0.013671875 0.03857421875
0 0.36279296875 0.91748046875 0.06396484375 0.03515625
0 0.140625 0.96142578125 0.0263671875 0.033203125
0 0.19775390625 0.95751953125 0.083984375 0.04150390625
0 0.2880859375 0.9580078125 0.0810546875 0.04345703125
0 0.3681640625 0.9599609375 0.06884765625 0.03662109375
0 0.140625 0.99462890625 0.021484375 0.0107421875
0 0.18896484375 0.99462890625 0.0556640625 0.0107421875
0 0.2470703125 0.99072265625 0.0546875 0.0185546875
0 0.30322265625 0.99609375 0.0478515625 0.0078125
0 0.3623046875 0.9931640625 0.056640625 0.013671875
0 0.63720703125 0.9287109375 0.0361328125 0.0458984375
0 0.685546875 0.93701171875 0.05322265625 0.0361328125
0 0.755859375 0.94091796875 0.0771484375 0.04443359375
0 0.83056640625 0.94677734375 0.06298828125 0.04296875
0 0.8916015625 0.95166015625 0.046875 0.04931640625
0 0.958984375 0.95751953125 0.08203125 0.0478515625
0 0.6416015625 0.97998046875 0.048828125 0.0400390625
0 0.69287109375 0.97998046875 0.0498046875 0.0400390625
0 0.765625 0.9814453125 0.0859375 0.037109375
0 0.8408203125 0.986328125 0.0546875 0.02734375
0 0.904296875 0.9921875 0.05859375 0.015625