0 0.0009765625 0.0625 0.001953125 0.021484375
0 0.38720703125 0.00830078125 0.0205078125 0.0166015625
0 0.38671875 0.03466796875 0.029296875 0.0283203125
0 0.38623046875 0.06298828125 0.04248046875 0.03125
0 0.3876953125 0.0986328125 0.029296875 0.02197265625
0 0.3876953125 0.1259765625 0.0146484375 0.01708984375
0 0.38720703125 0.1435546875 0.017578125 0.01708984375
0 0.3876953125 0.1650390625 0.029296875 0.01708984375
0 0.04638671875 0.22216796875 0.07177734375 0.03759765625
0 0.09814453125 0.2236328125 0.03955078125 0.0341796875
0 0.13525390625 0.2216796875 0.03759765625 0.02978515625
0 0.17529296875 0.22607421875 0.0458984375 0.0361328125
0 0.224609375 0.22705078125 0.05712890625 0.0341796875
0 0.267578125 0.2236328125 0.029296875 0.03125
0 0.30078125 0.2236328125 0.03857421875 0.0283203125
0 0.71923828125 0.03662109375 0.0185546875 0.0244140625
0 0.716796875 0.0595703125 0.013671875 0.0234375
0 0.72119140625 0.103515625 0.0224609375 0.064453125
0 0.72119140625 0.158203125 0.0224609375 0.02734375
0 0.74072265625 0.3134765625 0.0615234375 0.06640625
0 0.7431640625 0.384765625 0.06640625 0.06640625
0 0.7412109375 0.462890625 0.0625 0.052734375
0 0.2470703125 0.49560546875 0.25 0.0126953125
0 0.47705078125 0.49853515625 0.1904296875 0.0185546875
0 0.140625 0.8984375 0.28125 0.083984375
0 0.4189453125 0.88427734375 0.22509765625 0.0791015625
0 0.0439453125 0.9658203125 0.087890625 0.068359375
0 0.24853515625 0.9599609375 0.2900390625 0.080078125
0 0.72607421875 0.77294921875 0.0322265625 0.0634765625
0 0.814453125 0.76513671875 0.13134765625 0.06689453125
0 0.775390625 0.85986328125 0.130859375 0.1064453125
0 0.9296875 0.84765625 0.140625 0.099609375
0 0.7431640625 0.966796875 0.0537109375 0.0400390625
0 0.80322265625 0.9658203125 0.05615234375 0.03515625
0 0.86572265625 0.96240234375 0.05859375 0.03515625
0 0.9443359375 0.95849609375 0.05615234375 0.046875
0 0.9873046875 0.95458984375 0.025390625 0.0400390625