0 0.54541015625 0.84814453125 0.14697265625 0.04296875
0 0.29248046875 0.18310546875 0.0146484375 0.00830078125
0 0.31103515625 0.185546875 0.017578125 0.009765625
0 0.763671875 0.5576171875 0.03125 0.029296875
0 0.322265625 0.4921875 0.05322265625 0.03759765625
0 0.37744140625 0.49462890625 0.05322265625 0.0361328125
0 0.42919921875 0.498046875 0.0458984375 0.03759765625
0 0.4736328125 0.5029296875 0.04052734375 0.03076171875
0 0.51025390625 0.50439453125 0.029296875 0.033203125
0 0.55615234375 0.50341796875 0.033203125 0.0400390625
0 0.5947265625 0.501953125 0.03955078125 0.03173828125
0 0.65283203125 0.49853515625 0.078125 0.0361328125
0 0.7099609375 0.49853515625 0.0341796875 0.0361328125
0 0.33642578125 0.5400390625 0.03955078125 0.033203125
0 0.3818359375 0.5380859375 0.046875 0.03759765625
0 0.44775390625 0.54443359375 0.0791015625 0.0390625
0 0.5185546875 0.544921875 0.05615234375 0.03466796875
0 0.56884765625 0.54736328125 0.04150390625 0.0390625
0 0.63037109375 0.54150390625 0.0771484375 0.0361328125
0 0.68798828125 0.54248046875 0.0341796875 0.03466796875
0 0.3349609375 0.63037109375 0.1240234375 0.111328125
0 0.42626953125 0.62548828125 0.0498046875 0.115234375
0 0.49072265625 0.63134765625 0.064453125 0.10400390625
0 0.55517578125 0.62646484375 0.0498046875 0.11376953125
0 0.61767578125 0.6396484375 0.05419921875 0.0849609375