0 0.0869140625 0.33349609375 0.0302734375 0.08984375
0 0.45263671875 0.23095703125 0.05419921875 0.08349609375
0 0.50146484375 0.2373046875 0.0400390625 0.0703125
0 0.55078125 0.2275390625 0.05322265625 0.08984375
0 0.6015625 0.2275390625 0.04296875 0.09619140625
0 0.67041015625 0.23876953125 0.0859375 0.080078125
0 0.44921875 0.32861328125 0.04150390625 0.06103515625
0 0.51806640625 0.330078125 0.08740234375 0.06396484375
0 0.63818359375 0.33642578125 0.1474609375 0.06396484375
0 0.2978515625 0.59130859375 0.037109375 0.07373046875
0 0.3603515625 0.58984375 0.08154296875 0.08984375
0 0.4326171875 0.59130859375 0.05712890625 0.0927734375
0 0.33251953125 0.6923828125 0.09765625 0.06396484375
0 0.41259765625 0.6953125 0.05712890625 0.0576171875
0 0.712890625 0.6123046875 0.04150390625 0.0771484375
0 0.75439453125 0.607421875 0.03857421875 0.08642578125
0 0.798828125 0.6171875 0.04736328125 0.09912109375
0 0.70068359375 0.70654296875 0.037109375 0.06103515625
0 0.744140625 0.71142578125 0.04443359375 0.06396484375