0 0.01904296875 0.38232421875 0.0380859375 0.0595703125
0 0.0791015625 0.376953125 0.06201171875 0.06689453125
0 0.193359375 0.3818359375 0.1435546875 0.0576171875
0 0.55859375 0.01220703125 0.0390625 0.0244140625
0 0.6083984375 0.0107421875 0.056640625 0.021484375
0 0.67578125 0.0107421875 0.0703125 0.021484375
0 0.736328125 0.00634765625 0.05078125 0.0126953125
0 0.548828125 0.06103515625 0.01953125 0.0322265625
0 0.5673828125 0.06005859375 0.017578125 0.0234375
0 0.583984375 0.05859375 0.01171875 0.0205078125
0 0.6025390625 0.06005859375 0.017578125 0.0234375
0 0.6318359375 0.05859375 0.041015625 0.02685546875
0 0.02685546875 0.734375 0.0537109375 0.109375
0 0.1318359375 0.755859375 0.03369140625 0.0859375
0 0.24951171875 0.77001953125 0.1484375 0.09765625
0 0.2998046875 0.90576171875 0.326171875 0.1884765625
0 0.76806640625 0.6220703125 0.2119140625 0.064453125
0 0.76416015625 0.763671875 0.1640625 0.1171875
0 0.9267578125 0.78271484375 0.146484375 0.0927734375
0 0.73828125 0.931640625 0.1240234375 0.07470703125
0 0.85546875 0.91552734375 0.09814453125 0.0908203125
0 0.9541015625 0.9189453125 0.091796875 0.087890625