0 0.01953125 0.19384765625 0.0390625 0.1728515625
0 0.06689453125 0.1357421875 0.07080078125 0.1162109375
0 0.18017578125 0.1015625 0.16064453125 0.125
0 0.33642578125 0.0869140625 0.1396484375 0.08935546875
0 0.4580078125 0.1103515625 0.083984375 0.11328125
0 0.2333984375 0.3056640625 0.07080078125 0.03857421875
0 0.22216796875 0.27587890625 0.0146484375 0.02099609375
0 0.2490234375 0.27734375 0.03955078125 0.02392578125
0 0.30517578125 0.28173828125 0.07275390625 0.02685546875
0 0.3095703125 0.31005859375 0.0771484375 0.03564453125
0 0.2333984375 0.44677734375 0.029296875 0.02392578125
0 0.28759765625 0.4482421875 0.0751953125 0.02099609375
0 0.27783203125 0.46240234375 0.0556640625 0.0146484375
0 0.3408203125 0.4638671875 0.064453125 0.01171875
0 0.62109375 0.1279296875 0.068359375 0.0419921875
0 0.67626953125 0.13623046875 0.0390625 0.0361328125
0 0.712890625 0.1474609375 0.0341796875 0.03076171875
0 0.560546875 0.16259765625 0.06982421875 0.078125
0 0.6484375 0.1865234375 0.08544921875 0.06982421875
0 0.73876953125 0.19482421875 0.08544921875 0.06982421875
0 0.6953125 0.232421875 0.05615234375 0.02783203125
0 0.01171875 0.82568359375 0.01708984375 0.009765625
0 0.34130859375 0.650390625 0.10791015625 0.0478515625
0 0.4541015625 0.64892578125 0.091796875 0.0458984375
0 0.568359375 0.5859375 0.1083984375 0.072265625
0 0.6552734375 0.59228515625 0.0517578125 0.0595703125
0 0.73779296875 0.59423828125 0.10693359375 0.0625
0 0.849609375 0.58447265625 0.103515625 0.08154296875
0 0.95556640625 0.59375 0.0888671875 0.0625
0 0.53857421875 0.84130859375 0.0771484375 0.1376953125
0 0.62109375 0.84814453125 0.07666015625 0.1318359375
0 0.7197265625 0.8447265625 0.10693359375 0.14404296875
0 0.85986328125 0.833984375 0.150390625 0.1220703125
0 0.97314453125 0.837890625 0.0537109375 0.15625
0 0.53857421875 0.970703125 0.0498046875 0.05859375
0 0.6279296875 0.96630859375 0.103515625 0.0673828125
0 0.7197265625 0.98486328125 0.064453125 0.0302734375
0 0.798828125 0.98046875 0.068359375 0.0390625
0 0.91064453125 0.97412109375 0.1318359375 0.0517578125
0 0.6943359375 0.66455078125 0.08349609375 0.06591796875
0 0.78125 0.6630859375 0.07666015625 0.05029296875
0 0.88818359375 0.6630859375 0.126953125 0.05029296875
0 0.97802734375 0.6689453125 0.0439453125 0.05078125