0 0.80859375 0.099609375 0.068359375 0.0419921875
0 0.86376953125 0.10791015625 0.0390625 0.0361328125
0 0.900390625 0.119140625 0.0341796875 0.03076171875
0 0.748046875 0.13427734375 0.06982421875 0.078125
0 0.8359375 0.158203125 0.08544921875 0.06982421875
0 0.92626953125 0.16650390625 0.08544921875 0.06982421875
0 0.8828125 0.2041015625 0.05615234375 0.02783203125
0 0.1357421875 0.7841796875 0.271484375 0.1875
0 0.08447265625 0.9580078125 0.1435546875 0.083984375
0 0.20361328125 0.96826171875 0.0830078125 0.0634765625
0 0.34326171875 0.95166015625 0.1787109375 0.0966796875
0 0.47314453125 0.96630859375 0.0478515625 0.0673828125
0 0.48095703125 0.83935546875 0.0634765625 0.1767578125
0 0.478515625 0.69287109375 0.05859375 0.0869140625
0 0.54931640625 0.8505859375 0.0341796875 0.107421875