0 0.8623046875 0.38916015625 0.0166015625 0.015625
0 0.849609375 0.40625 0.01708984375 0.02001953125
0 0.87060546875 0.40673828125 0.0234375 0.021484375
0 0.8525390625 0.4375 0.02587890625 0.029296875
0 0.8740234375 0.43603515625 0.0185546875 0.029296875
0 0.853515625 0.47314453125 0.02294921875 0.02880859375
0 0.0107421875 0.66259765625 0.021484375 0.0380859375
0 0.0517578125 0.6630859375 0.05419921875 0.03759765625
0 0.130859375 0.66162109375 0.091796875 0.041015625
0 0.34423828125 0.8798828125 0.03955078125 0.03759765625
0 0.34423828125 0.908203125 0.0439453125 0.03759765625
0 0.34326171875 0.98095703125 0.0458984375 0.03125