0 0.03955078125 0.34033203125 0.0791015625 0.0205078125
0 0.1318359375 0.34326171875 0.09619140625 0.02001953125
0 0.20703125 0.34521484375 0.04931640625 0.0166015625
0 0.25439453125 0.345703125 0.04541015625 0.015625
0 0.3154296875 0.3447265625 0.07177734375 0.02197265625
0 0.40087890625 0.345703125 0.09326171875 0.02001953125
0 0.48876953125 0.34716796875 0.07470703125 0.01708984375
0 0.56884765625 0.35009765625 0.0810546875 0.0224609375
0 0.017578125 0.36083984375 0.03515625 0.0146484375
0 0.046875 0.3623046875 0.0224609375 0.01416015625
0 0.15869140625 0.3642578125 0.19873046875 0.0166015625
0 0.28759765625 0.365234375 0.05322265625 0.01416015625
0 0.345703125 0.36572265625 0.0625 0.01513671875
0 0.42822265625 0.3671875 0.1025390625 0.01416015625
0 0.5458984375 0.36962890625 0.126953125 0.0185546875
0 0.05224609375 0.38037109375 0.0439453125 0.0166015625
0 0.095703125 0.38037109375 0.0400390625 0.01513671875
0 0.146484375 0.38134765625 0.05615234375 0.01953125
0 0.18505859375 0.3818359375 0.01611328125 0.01416015625
0 0.208984375 0.38037109375 0.02685546875 0.0166015625
0 0.24169921875 0.3828125 0.0361328125 0.01513671875
0 0.28955078125 0.3837890625 0.05712890625 0.0185546875
0 0.3369140625 0.38427734375 0.03466796875 0.0166015625
0 0.3876953125 0.3837890625 0.0322265625 0.01416015625
0 0.43310546875 0.384765625 0.05615234375 0.015625
0 0.4970703125 0.38525390625 0.03466796875 0.01416015625
0 0.5390625 0.38671875 0.0439453125 0.015625
0 0.064453125 0.39892578125 0.0546875 0.0185546875
0 0.123046875 0.39892578125 0.06005859375 0.01708984375
0 0.23779296875 0.400390625 0.16650390625 0.015625
0 0.36083984375 0.40234375 0.0478515625 0.01513671875
0 0.47021484375 0.4033203125 0.16259765625 0.015625
0 0.15771484375 0.416015625 0.076171875 0.0166015625
0 0.21875 0.4169921875 0.04150390625 0.01708984375
0 0.271484375 0.41748046875 0.0615234375 0.01806640625
0 0.384765625 0.41748046875 0.16015625 0.0166015625
0 0.0380859375 0.46044921875 0.076171875 0.0302734375
0 0.1748046875 0.46484375 0.1904296875 0.03076171875
0 0.349609375 0.47119140625 0.14794921875 0.033203125
0 0.08740234375 0.49951171875 0.14111328125 0.0322265625
0 0.2021484375 0.5048828125 0.080078125 0.03125
0 0.35546875 0.5078125 0.21875 0.03369140625
0 0.06884765625 0.5341796875 0.1376953125 0.033203125
0 0.21484375 0.5400390625 0.0732421875 0.02392578125
0 0.32080078125 0.5400390625 0.12548828125 0.029296875
0 0.05126953125 0.60107421875 0.1025390625 0.0283203125
0 0.14013671875 0.60302734375 0.08154296875 0.02685546875
0 0.22509765625 0.60302734375 0.09326171875 0.0224609375
0 0.31201171875 0.60595703125 0.1005859375 0.0263671875
0 0.67529296875 0.43603515625 0.130859375 0.07177734375
0 0.78515625 0.4345703125 0.07763671875 0.064453125
0 0.91064453125 0.43017578125 0.1630859375 0.064453125
0 0.76904296875 0.52490234375 0.12548828125 0.064453125
0 0.91552734375 0.51513671875 0.1689453125 0.0732421875
0 0.69091796875 0.60302734375 0.1201171875 0.0322265625
0 0.85400390625 0.5947265625 0.1904296875 0.048828125
0 0.32177734375 0.66015625 0.1162109375 0.08203125
0 0.44384765625 0.65966796875 0.1630859375 0.0810546875
0 0.5634765625 0.6494140625 0.091796875 0.060546875
0 0.373046875 0.75927734375 0.134765625 0.11181640625
0 0.490234375 0.748046875 0.10986328125 0.11181640625
0 0.27587890625 0.8759765625 0.083984375 0.09814453125
0 0.3671875 0.8701171875 0.12646484375 0.10009765625
0 0.48974609375 0.859375 0.138671875 0.091796875
0 0.2802734375 0.96484375 0.12890625 0.0703125
0 0.42431640625 0.9658203125 0.1865234375 0.068359375
0 0.7080078125 0.869140625 0.015625 0.015625
0 0.70751953125 0.88671875 0.0341796875 0.01708984375
0 0.70703125 0.90380859375 0.01953125 0.01171875
0 0.70703125 0.91748046875 0.0234375 0.01318359375
0 0.82373046875 0.76171875 0.0205078125 0.02490234375
0 0.82275390625 0.7890625 0.0185546875 0.02490234375
0 0.822265625 0.8203125 0.01953125 0.02490234375
0 0.82177734375 0.845703125 0.0244140625 0.0234375
0 0.89599609375 0.765625 0.0673828125 0.02490234375
0 0.89501953125 0.79736328125 0.0498046875 0.0234375
0 0.98046875 0.78125 0.0390625 0.05078125
0 0.98681640625 0.83544921875 0.0263671875 0.0400390625
0 0.82666015625 0.97998046875 0.0185546875 0.015625