0 0.32275390625 0.04345703125 0.19775390625 0.0869140625
0 0.646484375 0.05078125 0.2060546875 0.1015625
0 0.56005859375 0.1318359375 0.1669921875 0.07275390625
0 0.76513671875 0.13623046875 0.2216796875 0.076171875
0 0.52392578125 0.20068359375 0.12158203125 0.0654296875
0 0.73486328125 0.212890625 0.27392578125 0.056640625
0 0.9130859375 0.09375 0.0263671875 0.01123046875
0 0.90869140625 0.10546875 0.01611328125 0.00927734375
0 0.90380859375 0.1640625 0.01904296875 0.013671875
0 0.92578125 0.16552734375 0.0234375 0.01123046875
0 0.9482421875 0.16552734375 0.021484375 0.009765625
0 0.97509765625 0.16552734375 0.033203125 0.00927734375
0 0.8857421875 0.75634765625 0.01513671875 0.00927734375
0 0.8642578125 0.75634765625 0.02880859375 0.01123046875
0 0.59375 0.98095703125 0.09326171875 0.03515625
0 0.33740234375 0.98193359375 0.0634765625 0.03564453125
0 0.0400390625 0.974609375 0.06103515625 0.0361328125
0 0.037109375 0.85205078125 0.03955078125 0.037109375
0 0.037109375 0.90234375 0.07373046875 0.0380859375
0 0.05859375 0.72509765625 0.07470703125 0.06103515625
0 0.013671875 0.7841796875 0.0263671875 0.01611328125
0 0.00634765625 0.7958984375 0.0126953125 0.013671875
0 0.025390625 0.7939453125 0.02880859375 0.01611328125
0 0.0478515625 0.7890625 0.02001953125 0.01513671875
0 0.0771484375 0.78173828125 0.03076171875 0.01708984375
0 0.0556640625 0.77685546875 0.05859375 0.0234375
0 0.2451171875 0.68408203125 0.083984375 0.0439453125
0 0.578125 0.70654296875 0.09375 0.0439453125
0 0.3291015625 0.7197265625 0.26513671875 0.0849609375
0 0.630859375 0.734375 0.29638671875 0.1220703125
0 0.22021484375 0.783203125 0.02783203125 0.02734375
0 0.240234375 0.79248046875 0.01318359375 0.01708984375
0 0.31689453125 0.791015625 0.0263671875 0.01171875
0 0.35986328125 0.787109375 0.056640625 0.01806640625
0 0.41015625 0.7783203125 0.04541015625 0.02197265625
0 0.29296875 0.79833984375 0.0439453125 0.01220703125
0 0.328125 0.80029296875 0.02587890625 0.0107421875
0 0.3505859375 0.79833984375 0.017578125 0.01220703125
0 0.38818359375 0.7939453125 0.04541015625 0.0185546875
0 0.42236328125 0.7861328125 0.0224609375 0.0185546875
0 0.4873046875 0.779296875 0.0126953125 0.01806640625
0 0.50048828125 0.7919921875 0.01953125 0.02197265625
0 0.5166015625 0.80029296875 0.017578125 0.015625
0 0.53466796875 0.80322265625 0.021484375 0.017578125
0 0.7333984375 0.80029296875 0.03662109375 0.0244140625
0 0.74560546875 0.80322265625 0.01123046875 0.01318359375
0 0.53125 0.85302734375 0.134765625 0.05029296875
0 0.701171875 0.8505859375 0.1787109375 0.05078125
0 0.5 0.9072265625 0.1044921875 0.04443359375