0 0.18603515625 0.31689453125 0.0771484375 0.03759765625
0 0.2080078125 0.17529296875 0.14306640625 0.078125
0 0.205078125 0.26904296875 0.1630859375 0.0673828125
0 0.78369140625 0.14501953125 0.1220703125 0.0625
0 0.92822265625 0.13916015625 0.1435546875 0.0595703125
0 0.8408203125 0.34814453125 0.1708984375 0.279296875
0 0.970703125 0.34716796875 0.05859375 0.2802734375
0 0.19091796875 0.6875 0.35791015625 0.275390625
0 0.58837890625 0.56689453125 0.017578125 0.09228515625
0 0.76171875 0.61962890625 0.03564453125 0.03125
0 0.79736328125 0.61962890625 0.033203125 0.0361328125
0 0.83740234375 0.623046875 0.044921875 0.03369140625
0 0.87890625 0.62060546875 0.0341796875 0.03369140625
0 0.7568359375 0.67236328125 0.0458984375 0.07421875
0 0.81640625 0.681640625 0.06787109375 0.07421875
0 0.87890625 0.6904296875 0.05126953125 0.06494140625
0 0.77197265625 0.7333984375 0.02197265625 0.03369140625
0 0.80029296875 0.7333984375 0.033203125 0.02490234375
0 0.8447265625 0.734375 0.05126953125 0.02685546875
0 0.7900390625 0.76123046875 0.02490234375 0.02685546875
0 0.8291015625 0.76025390625 0.05322265625 0.02490234375