0 0.28369140625 0.45361328125 0.1376953125 0.0322265625
0 0.421875 0.455078125 0.115234375 0.029296875
0 0.57177734375 0.45458984375 0.1669921875 0.0302734375
0 0.7861328125 0.04150390625 0.11669921875 0.0693359375
0 0.92041015625 0.0390625 0.1064453125 0.078125
0 0.03466796875 0.498046875 0.0693359375 0.056640625
0 0.28125 0.51513671875 0.2890625 0.0908203125
0 0.5966796875 0.54150390625 0.2265625 0.0869140625
0 0.00439453125 0.59228515625 0.0087890625 0.0146484375
0 0.02734375 0.59375 0.03759765625 0.017578125
0 0.60498046875 0.5869140625 0.02099609375 0.0126953125
0 0.62060546875 0.58837890625 0.01171875 0.015625
0 0.63671875 0.587890625 0.02197265625 0.0126953125
0 0.65478515625 0.591796875 0.0166015625 0.013671875
0 0.6689453125 0.59130859375 0.01318359375 0.0126953125
0 0.60498046875 0.60546875 0.01953125 0.0166015625
0 0.62451171875 0.60546875 0.01953125 0.0146484375
0 0.64013671875 0.60791015625 0.01806640625 0.0185546875
0 0.6044921875 0.62353515625 0.0205078125 0.0126953125
0 0.6259765625 0.62451171875 0.0224609375 0.0146484375
0 0.6640625 0.6259765625 0.05712890625 0.017578125
0 0.69873046875 0.626953125 0.01318359375 0.017578125
0 0.70703125 0.62744140625 0.005859375 0.0166015625
0 0.30322265625 0.82568359375 0.03369140625 0.029296875
0 0.3330078125 0.82421875 0.0224609375 0.02294921875
0 0.361328125 0.8232421875 0.03369140625 0.03125
0 0.4326171875 0.9404296875 0.0185546875 0.017578125
0 0.44921875 0.94091796875 0.0166015625 0.0166015625
0 0.466796875 0.94091796875 0.0185546875 0.0166015625
0 0.43310546875 0.95849609375 0.0302734375 0.013671875
0 0.4677734375 0.95849609375 0.0283203125 0.01123046875
0 0.8232421875 0.61279296875 0.2265625 0.2861328125
0 0.97314453125 0.611328125 0.0537109375 0.283203125