0 0.31982421875 0.111328125 0.1083984375 0.0390625
0 0.3935546875 0.1181640625 0.03125 0.041015625
0 0.25732421875 0.25048828125 0.03759765625 0.0263671875
0 0.25634765625 0.28515625 0.02490234375 0.0263671875
0 0.255859375 0.31640625 0.02587890625 0.0263671875
0 0.2548828125 0.3427734375 0.04248046875 0.0263671875
0 0.25341796875 0.3740234375 0.0283203125 0.0263671875
0 0.25439453125 0.40380859375 0.02685546875 0.02978515625
0 0.2490234375 0.43505859375 0.02685546875 0.0263671875
0 0.26611328125 0.43896484375 0.00537109375 0.02197265625
0 0.251953125 0.4951171875 0.0146484375 0.0185546875
0 0.2509765625 0.51318359375 0.0166015625 0.01708984375
0 0.2509765625 0.53564453125 0.029296875 0.0185546875
0 0.3125 0.58447265625 0.072265625 0.0107421875
0 0.3642578125 0.5859375 0.0390625 0.0078125
0 0.42431640625 0.5546875 0.0302734375 0.0234375
0 0.474609375 0.55615234375 0.06884765625 0.0283203125
0 0.52880859375 0.5576171875 0.03759765625 0.02490234375
0 0.5556640625 0.56103515625 0.0087890625 0.00830078125
0 0.57470703125 0.5595703125 0.0263671875 0.02490234375
0 0.59521484375 0.56103515625 0.009765625 0.00830078125
0 0.62841796875 0.56103515625 0.05126953125 0.02490234375
0 0.59228515625 0.3701171875 0.10888671875 0.056640625
0 0.67333984375 0.3759765625 0.05615234375 0.0517578125
0 0.73974609375 0.37548828125 0.076171875 0.05322265625
0 0.8271484375 0.37890625 0.09619140625 0.05322265625
0 0.5 0.4521484375 0.17236328125 0.12646484375
0 0.677734375 0.46875 0.1650390625 0.13671875
0 0.8857421875 0.46826171875 0.228515625 0.1240234375
0 0.7373046875 0.56201171875 0.0361328125 0.0234375
0 0.8193359375 0.56201171875 0.12353515625 0.0234375
0 0.8876953125 0.5634765625 0.009765625 0.009765625
0 0.01611328125 0.73974609375 0.0322265625 0.0537109375
0 0.033203125 0.66162109375 0.03271484375 0.08203125
0 0.0556640625 0.69482421875 0.0244140625 0.05712890625
0 0.150390625 0.78515625 0.05517578125 0.10498046875
0 0.16357421875 0.69873046875 0.0400390625 0.0556640625
0 0.17333984375 0.62890625 0.0458984375 0.078125
0 0.20556640625 0.74560546875 0.02392578125 0.02978515625
0 0.2119140625 0.6865234375 0.03125 0.08203125
0 0.30712890625 0.88720703125 0.04150390625 0.1064453125
0 0.31640625 0.767578125 0.048828125 0.12255859375
0 0.33154296875 0.6728515625 0.0380859375 0.05859375
0 0.3330078125 0.615234375 0.041015625 0.05078125
0 0.35986328125 0.9150390625 0.044921875 0.11181640625
0 0.37548828125 0.81103515625 0.0419921875 0.08935546875
0 0.37451171875 0.74169921875 0.03759765625 0.0419921875
0 0.3857421875 0.6796875 0.0380859375 0.07861328125
0 0.3896484375 0.61376953125 0.03515625 0.0478515625
0 0.40673828125 0.85986328125 0.0048828125 0.0205078125
0 0.40673828125 0.8212890625 0.0048828125 0.05078125
0 0.544921875 0.6201171875 0.216796875 0.060546875
0 0.55078125 0.77685546875 0.283203125 0.2294921875
0 0.435546875 0.93212890625 0.04736328125 0.02978515625
0 0.47998046875 0.9306640625 0.0439453125 0.033203125
0 0.51416015625 0.93115234375 0.02490234375 0.03515625
0 0.53955078125 0.93359375 0.02001953125 0.033203125
0 0.568359375 0.93115234375 0.0400390625 0.04150390625
0 0.6123046875 0.935546875 0.048828125 0.03662109375
0 0.64697265625 0.93896484375 0.017578125 0.033203125
0 0.67138671875 0.9404296875 0.03369140625 0.02978515625
0 0.4150390625 0.970703125 0.01171875 0.03515625
0 0.494140625 0.97314453125 0.142578125 0.03857421875
0 0.63232421875 0.9794921875 0.12890625 0.03857421875