0 0.1201171875 0.2294921875 0.0546875 0.08837890625
0 0.2294921875 0.2158203125 0.14892578125 0.09228515625
0 0.36328125 0.2109375 0.1064453125 0.09033203125
0 0.45654296875 0.2099609375 0.06787109375 0.08837890625
0 0.56396484375 0.2060546875 0.1298828125 0.08837890625
0 0.67919921875 0.20263671875 0.0810546875 0.1025390625
0 0.109375 0.31591796875 0.0595703125 0.017578125
0 0.09716796875 0.5029296875 0.064453125 0.03515625
0 0.08447265625 0.5263671875 0.01708984375 0.01953125
0 0.10400390625 0.5283203125 0.02197265625 0.01953125
0 0.3310546875 0.35791015625 0.03515625 0.06298828125
0 0.310546875 0.40478515625 0.02783203125 0.02734375
0 0.34814453125 0.40380859375 0.04736328125 0.025390625
0 0.44140625 0.29638671875 0.08837890625 0.025390625
0 0.43115234375 0.34619140625 0.0556640625 0.02734375
0 0.4306640625 0.38134765625 0.1005859375 0.03515625
0 0.43359375 0.4189453125 0.06787109375 0.01953125
0 0.74658203125 0.16455078125 0.0537109375 0.0732421875
0 0.8427734375 0.1435546875 0.115234375 0.07177734375
0 0.958984375 0.13818359375 0.08203125 0.0634765625
0 0.912109375 0.23095703125 0.17578125 0.1259765625
0 0.94482421875 0.328125 0.1103515625 0.041015625
0 0.8623046875 0.33447265625 0.0537109375 0.03662109375
0 0.7666015625 0.25732421875 0.09375 0.1103515625
0 0.7451171875 0.34228515625 0.05078125 0.0400390625
0 0.853515625 0.55517578125 0.1015625 0.0322265625
0 0.86279296875 0.5712890625 0.10107421875 0.03759765625
0 0.87060546875 0.58740234375 0.09228515625 0.03173828125