0 0.85107421875 0.38427734375 0.0224609375 0.0087890625
0 0.32861328125 0.77490234375 0.05322265625 0.0400390625
0 0.38623046875 0.77490234375 0.05810546875 0.03515625
0 0.23291015625 0.822265625 0.09814453125 0.0400390625
0 0.31640625 0.8212890625 0.068359375 0.04248046875
0 0.40478515625 0.81982421875 0.1103515625 0.0400390625
0 0.29541015625 0.87255859375 0.13671875 0.0400390625
0 0.8095703125 0.55224609375 0.091796875 0.1044921875
0 0.91650390625 0.5517578125 0.0986328125 0.103515625
0 0.93115234375 0.6591796875 0.0703125 0.0830078125
0 0.98583984375 0.65625 0.0283203125 0.087890625
0 0.81298828125 0.77978515625 0.1142578125 0.072265625
0 0.9140625 0.77587890625 0.09228515625 0.07470703125
0 0.97802734375 0.7578125 0.0439453125 0.06640625
0 0.85400390625 0.861328125 0.08837890625 0.0693359375
0 0.93017578125 0.84521484375 0.05224609375 0.0693359375
0 0.97802734375 0.8408203125 0.0439453125 0.06640625