0 0.49365234375 0.36083984375 0.0419921875 0.0380859375
0 0.72265625 0.17822265625 0.29248046875 0.328125
0 0.68017578125 0.62255859375 0.03125 0.0224609375
0 0.69140625 0.6953125 0.015625 0.04736328125
0 0.71533203125 0.6923828125 0.015625 0.0390625
0 0.79833984375 0.64306640625 0.05322265625 0.03466796875
0 0.76318359375 0.68603515625 0.0341796875 0.05126953125
0 0.8291015625 0.69140625 0.02099609375 0.0458984375
0 0.865234375 0.54443359375 0.05517578125 0.0322265625
0 0.9111328125 0.54541015625 0.00927734375 0.009765625
0 0.9541015625 0.658203125 0.02294921875 0.07373046875