0 0.3388671875 0.3212890625 0.1962890625 0.29443359375
0 0.56591796875 0.36767578125 0.1943359375 0.29736328125
0 0.75732421875 0.35888671875 0.13232421875 0.2490234375
0 0.25830078125 0.58544921875 0.05615234375 0.1201171875
0 0.36376953125 0.58837890625 0.13427734375 0.1142578125
0 0.470703125 0.59912109375 0.06005859375 0.09912109375
0 0.52099609375 0.6005859375 0.0361328125 0.09619140625
0 0.56494140625 0.611328125 0.0439453125 0.0810546875
0 0.63916015625 0.6064453125 0.080078125 0.09619140625
0 0.28857421875 0.7509765625 0.12841796875 0.13232421875
0 0.39892578125 0.75537109375 0.072265625 0.123046875
0 0.4912109375 0.75830078125 0.09228515625 0.1171875
0 0.5693359375 0.7626953125 0.05224609375 0.10205078125