0 0.39306640625 0.32958984375 0.0517578125 0.0595703125
0 0.44677734375 0.3310546875 0.0595703125 0.0625
0 0.39404296875 0.37939453125 0.0341796875 0.05126953125
0 0.44921875 0.39111328125 0.06787109375 0.0634765625
0 0.43603515625 0.466796875 0.07421875 0.08740234375
0 0.49609375 0.4736328125 0.046875 0.072265625
0 0.42626953125 0.56884765625 0.05810546875 0.09326171875
0 0.4873046875 0.55859375 0.064453125 0.078125
0 0.4482421875 0.66259765625 0.10595703125 0.09326171875
0 0.50927734375 0.67236328125 0.0205078125 0.0849609375
0 0.4404296875 0.76025390625 0.09423828125 0.09033203125
0 0.412109375 0.8837890625 0.08984375 0.078125
0 0.48828125 0.8779296875 0.0625 0.072265625
0 0.3955078125 0.96435546875 0.07421875 0.0712890625
0 0.470703125 0.9658203125 0.076171875 0.068359375
0 0.60986328125 0.36083984375 0.14501953125 0.08544921875
0 0.67626953125 0.4482421875 0.1015625 0.11669921875