0 0.1142578125 0.03125 0.21875 0.0625
0 0.1220703125 0.1171875 0.21875 0.109375
0 0.1259765625 0.203125 0.19140625 0.08642578125
0 0.09912109375 0.26904296875 0.14453125 0.06298828125
0 0.20654296875 0.26220703125 0.064453125 0.041015625
0 0.1474609375 0.31640625 0.13916015625 0.0673828125
0 0.625 0.1298828125 0.19921875 0.259765625
0 0.47119140625 0.6044921875 0.0791015625 0.05078125
0 0.5712890625 0.60986328125 0.10546875 0.0400390625
0 0.6806640625 0.60693359375 0.095703125 0.0458984375
0 0.7646484375 0.60546875 0.052734375 0.048828125
0 0.16796875 0.77294921875 0.22265625 0.2861328125
0 0.54443359375 0.90771484375 0.04345703125 0.02490234375
0 0.490234375 0.90869140625 0.03515625 0.07275390625
0 0.533203125 0.93115234375 0.0517578125 0.02734375
0 0.68408203125 0.9150390625 0.0966796875 0.1103515625
0 0.783203125 0.91015625 0.1083984375 0.115234375
0 0.8974609375 0.90771484375 0.1201171875 0.13037109375
0 0.98291015625 0.93212890625 0.0341796875 0.1357421875