0 0.1533203125 0.07421875 0.0283203125 0.0166015625
0 0.17578125 0.076171875 0.01318359375 0.013671875
0 0.1982421875 0.07861328125 0.0263671875 0.0166015625
0 0.22119140625 0.07568359375 0.01953125 0.0166015625
0 0.2451171875 0.07763671875 0.02880859375 0.02099609375
0 0.2685546875 0.07373046875 0.0146484375 0.017578125
0 0.28955078125 0.078125 0.02197265625 0.017578125
0 0.3095703125 0.0771484375 0.0146484375 0.015625
0 0.32470703125 0.07666015625 0.01416015625 0.0146484375
0 0.3505859375 0.07421875 0.03662109375 0.0185546875
0 0.10888671875 0.12060546875 0.03125 0.05712890625
0 0.158203125 0.12646484375 0.06396484375 0.0498046875
0 0.2099609375 0.12158203125 0.0341796875 0.0595703125
0 0.24560546875 0.12451171875 0.03271484375 0.0498046875
0 0.29296875 0.12939453125 0.0556640625 0.0439453125
0 0.369140625 0.1259765625 0.0908203125 0.046875
0 0.13232421875 0.18212890625 0.03759765625 0.04052734375
0 0.1650390625 0.1865234375 0.02490234375 0.0283203125
0 0.20947265625 0.18359375 0.05859375 0.03564453125
0 0.25537109375 0.1884765625 0.02880859375 0.03662109375
0 0.29541015625 0.1806640625 0.0478515625 0.03955078125
0 0.337890625 0.18359375 0.0361328125 0.033203125
0 0.3798828125 0.18505859375 0.04150390625 0.03125
0 0.1767578125 0.21923828125 0.02099609375 0.0166015625
0 0.2021484375 0.21826171875 0.02734375 0.0166015625
0 0.2294921875 0.21875 0.02490234375 0.017578125
0 0.2490234375 0.21923828125 0.015625 0.0185546875
0 0.26953125 0.21826171875 0.02734375 0.0166015625
0 0.2880859375 0.21728515625 0.00927734375 0.0185546875
0 0.30224609375 0.21826171875 0.0244140625 0.0166015625
0 0.32861328125 0.21923828125 0.0283203125 0.0185546875
0 0.0146484375 0.2841796875 0.02099609375 0.00927734375
0 0.0302734375 0.28466796875 0.01318359375 0.01025390625
0 0.04541015625 0.287109375 0.02099609375 0.0126953125
0 0.09521484375 0.279296875 0.0302734375 0.015625
0 0.11865234375 0.279296875 0.0146484375 0.00927734375
0 0.44677734375 0.28564453125 0.0224609375 0.0126953125
0 0.4658203125 0.28271484375 0.01708984375 0.01025390625
0 0.52734375 0.27685546875 0.0224609375 0.01123046875
0 0.5498046875 0.28369140625 0.02490234375 0.0166015625
0 0.61279296875 0.26904296875 0.015625 0.0185546875
0 0.62744140625 0.26123046875 0.01953125 0.01123046875
0 0.6376953125 0.26025390625 0.00390625 0.0146484375
0 0.09326171875 0.57666015625 0.0380859375 0.0341796875
0 0.11865234375 0.57861328125 0.017578125 0.0234375
0 0.16845703125 0.57275390625 0.0771484375 0.0263671875
0 0.25830078125 0.57080078125 0.0927734375 0.0224609375
0 0.02490234375 0.69384765625 0.0498046875 0.0830078125
0 0.07373046875 0.6865234375 0.04248046875 0.08251953125
0 0.12158203125 0.6982421875 0.04736328125 0.08251953125
0 0.1875 0.6806640625 0.0751953125 0.09423828125
0 0.24755859375 0.6806640625 0.044921875 0.08642578125
0 0.2939453125 0.6845703125 0.0224609375 0.07080078125
0 0.330078125 0.6806640625 0.0498046875 0.07080078125
0 0.03857421875 0.7919921875 0.0771484375 0.09765625
0 0.1064453125 0.79638671875 0.04736328125 0.09033203125
0 0.1552734375 0.79248046875 0.0400390625 0.07470703125
0 0.28125 0.78857421875 0.03759765625 0.06689453125
0 0.32373046875 0.78466796875 0.052734375 0.06689453125
0 0.19482421875 0.96337890625 0.1044921875 0.0732421875
0 0.912109375 0.97705078125 0.158203125 0.0458984375