0 0.12841796875 0.11865234375 0.1181640625 0.1630859375
0 0.22509765625 0.11865234375 0.06787109375 0.111328125
0 0.3291015625 0.09326171875 0.14013671875 0.12841796875
0 0.18017578125 0.474609375 0.0859375 0.080078125
0 0.13037109375 0.58154296875 0.11376953125 0.13427734375
0 0.74169921875 0.14892578125 0.0634765625 0.0615234375
0 0.84033203125 0.14111328125 0.11767578125 0.07177734375
0 0.94580078125 0.14013671875 0.06884765625 0.06005859375
0 0.7412109375 0.2431640625 0.0625 0.0859375
0 0.83203125 0.236328125 0.10107421875 0.0751953125
0 0.94873046875 0.23583984375 0.1025390625 0.0654296875
0 0.28857421875 0.77978515625 0.1767578125 0.1396484375
0 0.45654296875 0.7880859375 0.1162109375 0.15625
0 0.26123046875 0.9208984375 0.3017578125 0.158203125