0 0.33984375 0.27392578125 0.25146484375 0.10302734375
0 0.52490234375 0.3154296875 0.1015625 0.0654296875
0 0.69970703125 0.34619140625 0.201171875 0.08154296875
0 0.3466796875 0.37841796875 0.615234375 0.1845703125
0 0.8154296875 0.44775390625 0.2978515625 0.15380859375
0 0.15869140625 0.451171875 0.3076171875 0.1044921875
0 0.40185546875 0.48388671875 0.14208984375 0.0654296875
0 0.5703125 0.5087890625 0.1533203125 0.0703125
0 0.7421875 0.5302734375 0.158203125 0.080078125
0 0.87353515625 0.544921875 0.10546875 0.0703125
0 0.9619140625 0.5595703125 0.048828125 0.05078125
0 0.02587890625 0.51806640625 0.0390625 0.048828125
0 0.07275390625 0.52783203125 0.0478515625 0.048828125
0 0.09912109375 0.53125 0.0146484375 0.05224609375
0 0.12939453125 0.53271484375 0.05517578125 0.0556640625
0 0.19384765625 0.5341796875 0.076171875 0.06201171875
0 0.2626953125 0.53857421875 0.052734375 0.05078125
0 0.33154296875 0.54345703125 0.08203125 0.06396484375
0 0.41162109375 0.55712890625 0.04150390625 0.0556640625
0 0.4853515625 0.564453125 0.0712890625 0.0537109375
0 0.67041015625 0.59228515625 0.05126953125 0.04736328125
0 0.77001953125 0.60107421875 0.16796875 0.06201171875
0 0.88525390625 0.615234375 0.052734375 0.0439453125