0 0.10009765625 0.263671875 0.0654296875 0.04443359375
0 0.18994140625 0.263671875 0.0966796875 0.052734375
0 0.1533203125 0.31201171875 0.0966796875 0.04150390625
0 0.08056640625 0.39599609375 0.11572265625 0.12939453125
0 0.22119140625 0.404296875 0.1279296875 0.10400390625
0 0.07275390625 0.51220703125 0.04150390625 0.04443359375
0 0.17626953125 0.51220703125 0.1552734375 0.052734375
0 0.64208984375 0.341796875 0.0283203125 0.19140625
0 0.64404296875 0.10888671875 0.029296875 0.1953125
0 0.7021484375 0.04638671875 0.06103515625 0.0390625
0 0.74951171875 0.05419921875 0.025390625 0.0283203125
0 0.77880859375 0.05810546875 0.0263671875 0.0361328125
0 0.8203125 0.05908203125 0.0498046875 0.03125
0 0.86865234375 0.0625 0.041015625 0.0322265625
0 0.93017578125 0.06689453125 0.07568359375 0.0390625
0 0.98486328125 0.0712890625 0.0283203125 0.03271484375
0 0.73193359375 0.11474609375 0.1181640625 0.0673828125
0 0.8447265625 0.12255859375 0.09619140625 0.06494140625
0 0.92578125 0.12353515625 0.056640625 0.06982421875
0 0.97998046875 0.13037109375 0.0400390625 0.0712890625
0 0.7275390625 0.16943359375 0.0556640625 0.05322265625
0 0.77978515625 0.1787109375 0.0458984375 0.05322265625
0 0.8193359375 0.18115234375 0.0263671875 0.05078125
0 0.84765625 0.185546875 0.0263671875 0.04443359375
0 0.89404296875 0.1875 0.06298828125 0.0478515625
0 0.94677734375 0.1953125 0.0390625 0.0478515625
0 0.984375 0.1904296875 0.03125 0.046875
0 0.70751953125 0.25341796875 0.06298828125 0.05322265625
0 0.7958984375 0.25341796875 0.09130859375 0.06396484375
0 0.87939453125 0.25390625 0.06298828125 0.06494140625
0 0.95849609375 0.2568359375 0.0830078125 0.06640625
0 0.83251953125 0.34521484375 0.3349609375 0.1142578125
0 0.6962890625 0.423828125 0.041015625 0.03515625
0 0.72802734375 0.423828125 0.0234375 0.03515625
0 0.7626953125 0.421875 0.0458984375 0.03125
0 0.81787109375 0.42333984375 0.04833984375 0.03125
0 0.8642578125 0.42138671875 0.046875 0.03271484375
0 0.91162109375 0.42333984375 0.0302734375 0.03125
0 0.9443359375 0.42431640625 0.0380859375 0.03662109375
0 0.984375 0.42578125 0.03125 0.03125
0 0.0712890625 0.78369140625 0.125 0.08349609375
0 0.16845703125 0.79052734375 0.0576171875 0.07275390625
0 0.26025390625 0.791015625 0.1181640625 0.06884765625
0 0.375 0.78662109375 0.091796875 0.08837890625
0 0.48486328125 0.78759765625 0.1083984375 0.09130859375
0 0.56591796875 0.7900390625 0.0478515625 0.078125
0 0.35986328125 0.91845703125 0.4599609375 0.1630859375
0 0.69873046875 0.8291015625 0.12451171875 0.04345703125
0 0.82470703125 0.83544921875 0.1142578125 0.04345703125
0 0.943359375 0.8408203125 0.11328125 0.044921875
0 0.72998046875 0.8896484375 0.1103515625 0.0732421875
0 0.880859375 0.89794921875 0.18115234375 0.06689453125