0 0.236328125 0.345703125 0.15478515625 0.10498046875
0 0.38623046875 0.357421875 0.15234375 0.11181640625
0 0.5673828125 0.31591796875 0.205078125 0.1181640625
0 0.76171875 0.31494140625 0.173828125 0.0966796875
0 0.2119140625 0.5751953125 0.10107421875 0.1533203125
0 0.2841796875 0.54248046875 0.03857421875 0.07177734375
0 0.3486328125 0.4560546875 0.08740234375 0.0849609375
0 0.4599609375 0.4482421875 0.10498046875 0.08349609375
0 0.61083984375 0.44580078125 0.1064453125 0.06494140625
0 0.73876953125 0.44189453125 0.12255859375 0.08642578125
0 0.353515625 0.54345703125 0.09521484375 0.0732421875
0 0.4794921875 0.544921875 0.12646484375 0.0634765625
0 0.630859375 0.5400390625 0.0810546875 0.08984375
0 0.74365234375 0.541015625 0.115234375 0.078125
0 0.33203125 0.64013671875 0.06103515625 0.0732421875
0 0.404296875 0.6376953125 0.076171875 0.068359375
0 0.47119140625 0.6318359375 0.052734375 0.07666015625
0 0.53564453125 0.6435546875 0.06884765625 0.080078125
0 0.60791015625 0.630859375 0.06884765625 0.07177734375
0 0.685546875 0.63330078125 0.076171875 0.06689453125