0 0.2353515625 0.1455078125 0.46875 0.1328125
0 0.1494140625 0.30419921875 0.1875 0.06689453125
0 0.298828125 0.2958984375 0.107421875 0.06103515625
0 0.41259765625 0.2890625 0.109375 0.06689453125
0 0.04833984375 0.41552734375 0.0751953125 0.0283203125
0 0.1220703125 0.40771484375 0.078125 0.0439453125
0 0.21240234375 0.40478515625 0.0986328125 0.0498046875
0 0.31103515625 0.4052734375 0.0888671875 0.048828125
0 0.390625 0.40087890625 0.060546875 0.0576171875
0 0.4462890625 0.40283203125 0.046875 0.0537109375
0 0.55712890625 0.03173828125 0.08740234375 0.06103515625
0 0.6357421875 0.03369140625 0.0595703125 0.0654296875
0 0.70947265625 0.02783203125 0.080078125 0.052734375
0 0.7861328125 0.02783203125 0.060546875 0.04736328125
0 0.86474609375 0.0302734375 0.08642578125 0.0556640625
0 0.95068359375 0.03369140625 0.0751953125 0.0625
0 0.60986328125 0.10107421875 0.0595703125 0.0498046875
0 0.67724609375 0.10107421875 0.0634765625 0.04736328125
0 0.73681640625 0.10107421875 0.048828125 0.06103515625
0 0.7841796875 0.1005859375 0.03955078125 0.048828125
0 0.82958984375 0.0986328125 0.04248046875 0.0498046875
0 0.88623046875 0.09765625 0.0625 0.048828125
0 0.384765625 0.87109375 0.169921875 0.2578125
0 0.234375 0.857421875 0.10546875 0.28515625
0 0.14697265625 0.89501953125 0.04248046875 0.20654296875
0 0.0556640625 0.89453125 0.111328125 0.2109375
0 0.7763671875 0.6240234375 0.091796875 0.0458984375
0 0.8818359375 0.63037109375 0.09814453125 0.05908203125
0 0.69580078125 0.69189453125 0.13623046875 0.06005859375
0 0.81982421875 0.68359375 0.087890625 0.05908203125
0 0.9365234375 0.68603515625 0.126953125 0.0595703125
0 0.74560546875 0.78857421875 0.2421875 0.06884765625