0 0.06689453125 0.267578125 0.1337890625 0.1796875
0 0.0849609375 0.37353515625 0.169921875 0.0322265625
0 0.37255859375 0.09130859375 0.0263671875 0.1220703125
0 0.3984375 0.09716796875 0.025390625 0.111328125
0 0.43359375 0.10400390625 0.041015625 0.1181640625
0 0.478515625 0.10595703125 0.044921875 0.12158203125
0 0.52734375 0.10400390625 0.052734375 0.111328125
0 0.578125 0.1005859375 0.048828125 0.125
0 0.6220703125 0.107421875 0.0390625 0.111328125
0 0.6572265625 0.095703125 0.03125 0.12158203125
0 0.693359375 0.1025390625 0.052734375 0.11474609375
0 0.73828125 0.107421875 0.037109375 0.09716796875
0 0.783203125 0.111328125 0.052734375 0.1181640625
0 0.01025390625 0.42431640625 0.0205078125 0.0693359375
0 0.04296875 0.4296875 0.041015625 0.080078125
0 0.087890625 0.43115234375 0.044921875 0.0830078125
0 0.13671875 0.427734375 0.052734375 0.076171875
0 0.1875 0.4296875 0.048828125 0.080078125
0 0.2314453125 0.4296875 0.0390625 0.080078125
0 0.2666015625 0.42626953125 0.03125 0.0732421875
0 0.302734375 0.427734375 0.052734375 0.076171875
0 0.34423828125 0.42578125 0.0302734375 0.072265625
0 0.783203125 0.40185546875 0.01171875 0.0244140625
0 0.79541015625 0.400390625 0.0166015625 0.021484375
0 0.81689453125 0.400390625 0.0283203125 0.021484375
0 0.8466796875 0.3994140625 0.029296875 0.01953125
0 0.873046875 0.3994140625 0.025390625 0.01953125
0 0.7099609375 0.4638671875 0.025390625 0.04345703125
0 0.73486328125 0.462890625 0.02001953125 0.03564453125
0 0.75390625 0.4638671875 0.0146484375 0.037109375
0 0.7744140625 0.45947265625 0.0244140625 0.0419921875
0 0.79833984375 0.4580078125 0.0234375 0.0390625
0 0.7236328125 0.50390625 0.0380859375 0.02734375
0 0.75390625 0.5009765625 0.029296875 0.0244140625
0 0.7890625 0.4990234375 0.0419921875 0.02734375
0 0.76123046875 0.5283203125 0.03466796875 0.0244140625
0 0.86962890625 0.45458984375 0.03369140625 0.0390625
0 0.9013671875 0.453125 0.0263671875 0.0419921875
0 0.9248046875 0.45458984375 0.02001953125 0.0322265625
0 0.9453125 0.45068359375 0.025390625 0.04345703125
0 0.9716796875 0.45068359375 0.02294921875 0.04345703125
0 0.88623046875 0.49462890625 0.03369140625 0.0244140625
0 0.91796875 0.4912109375 0.02978515625 0.0244140625