0 0.244140625 0.03076171875 0.140625 0.0615234375
0 0.38818359375 0.03759765625 0.1220703125 0.0693359375
0 0.24169921875 0.12744140625 0.125 0.0869140625
0 0.5419921875 0.01904296875 0.173828125 0.0380859375
0 0.71728515625 0.0205078125 0.1494140625 0.041015625
0 0.859375 0.02197265625 0.123046875 0.0439453125
0 0.64501953125 0.14111328125 0.29736328125 0.19921875
0 0.865234375 0.1435546875 0.26953125 0.193359375
0 0.51953125 0.33349609375 0.140625 0.0927734375
0 0.6474609375 0.3408203125 0.134765625 0.078125
0 0.7666015625 0.3359375 0.1171875 0.0732421875
0 0.90576171875 0.3408203125 0.1669921875 0.078125
0 0.22705078125 0.6357421875 0.02001953125 0.0126953125
0 0.244140625 0.63720703125 0.01318359375 0.00927734375
0 0.259765625 0.640625 0.0185546875 0.0107421875
0 0.23193359375 0.64453125 0.01220703125 0.00830078125
0 0.24267578125 0.646484375 0.01025390625 0.00830078125
0 0.25537109375 0.6484375 0.01416015625 0.0087890625
0 0.36328125 0.6220703125 0.04296875 0.0205078125
0 0.3955078125 0.62646484375 0.0185546875 0.01513671875
0 0.42431640625 0.63232421875 0.03515625 0.0185546875
0 0.44580078125 0.634765625 0.0068359375 0.01953125
0 0.37109375 0.64306640625 0.02587890625 0.0185546875
0 0.396484375 0.64501953125 0.02001953125 0.01806640625
0 0.42822265625 0.6494140625 0.0419921875 0.021484375
0 0.34326171875 0.6845703125 0.06884765625 0.0322265625
0 0.41015625 0.69140625 0.05615234375 0.03173828125
0 0.4453125 0.69482421875 0.0078125 0.0283203125
0 0.32275390625 0.72021484375 0.12646484375 0.0517578125
0 0.42138671875 0.7294921875 0.0556640625 0.048828125
0 0.21875 0.77099609375 0.0390625 0.02490234375
0 0.25439453125 0.775390625 0.02685546875 0.0224609375
0 0.28515625 0.78076171875 0.03173828125 0.025390625
0 0.31640625 0.7802734375 0.0244140625 0.02587890625
0 0.34814453125 0.78466796875 0.02978515625 0.0244140625
0 0.38330078125 0.78857421875 0.03515625 0.02880859375
0 0.42578125 0.7919921875 0.046875 0.03125
0 0.46826171875 0.64208984375 0.0380859375 0.1181640625
0 0.6015625 0.63427734375 0.1904296875 0.09521484375
0 0.79150390625 0.63330078125 0.14794921875 0.109375
0 0.94287109375 0.64501953125 0.1142578125 0.0849609375