0 0.8701171875 0.02880859375 0.259765625 0.0576171875
0 0.498046875 0.02490234375 0.09765625 0.0498046875
0 0.64453125 0.0419921875 0.1533203125 0.0703125
0 0.81640625 0.0634765625 0.158203125 0.080078125
0 0.947265625 0.078125 0.10546875 0.0703125
0 0.48583984375 0.09033203125 0.04150390625 0.0556640625
0 0.5595703125 0.09765625 0.0712890625 0.0537109375
0 0.74462890625 0.12548828125 0.05126953125 0.04736328125
0 0.84423828125 0.13427734375 0.16796875 0.06201171875
0 0.95947265625 0.1484375 0.052734375 0.0439453125
0 0.2216796875 0.76806640625 0.01025390625 0.0400390625
0 0.2333984375 0.7626953125 0.01513671875 0.05126953125
0 0.24853515625 0.7587890625 0.01611328125 0.05126953125
0 0.26611328125 0.7568359375 0.01904296875 0.05126953125
0 0.27978515625 0.75 0.01416015625 0.056640625
0 0.29296875 0.75634765625 0.01318359375 0.05517578125
0 0.30859375 0.74267578125 0.0185546875 0.05810546875
0 0.32763671875 0.7392578125 0.02001953125 0.0556640625
0 0.34619140625 0.73779296875 0.01806640625 0.05908203125
0 0.22705078125 0.81591796875 0.01708984375 0.0341796875
0 0.2431640625 0.81591796875 0.0146484375 0.03662109375
0 0.25537109375 0.810546875 0.01171875 0.03173828125
0 0.26953125 0.80517578125 0.0205078125 0.041015625
0 0.2880859375 0.80810546875 0.01806640625 0.0400390625
0 0.3037109375 0.80126953125 0.01611328125 0.03857421875
0 0.32275390625 0.7978515625 0.02197265625 0.04248046875
0 0.34326171875 0.79443359375 0.01953125 0.04052734375
0 0.22998046875 0.8564453125 0.01953125 0.03515625
0 0.244140625 0.85595703125 0.00927734375 0.0302734375
0 0.2548828125 0.85205078125 0.01611328125 0.03857421875
0 0.2734375 0.85400390625 0.02099609375 0.04296875
0 0.2890625 0.84912109375 0.01123046875 0.03955078125
0 0.30810546875 0.84765625 0.02685546875 0.0400390625
0 0.33056640625 0.84423828125 0.01904296875 0.04150390625
0 0.34619140625 0.84619140625 0.01220703125 0.03564453125
0 0.47216796875 0.85498046875 0.0458984375 0.0556640625
0 0.65185546875 0.896484375 0.05322265625 0.041015625
0 0.705078125 0.90576171875 0.048828125 0.04638671875
0 0.56494140625 0.9501953125 0.1044921875 0.099609375
0 0.7353515625 0.962890625 0.201171875 0.07421875
0 0.46435546875 0.99365234375 0.0302734375 0.0126953125
0 0.5 0.99267578125 0.033203125 0.0146484375
0 0.537109375 0.99658203125 0.037109375 0.0068359375