0 0.103515625 0.38037109375 0.09716796875 0.07861328125
0 0.23095703125 0.38623046875 0.13330078125 0.072265625
0 0.35888671875 0.388671875 0.09619140625 0.07177734375
0 0.43310546875 0.400390625 0.0322265625 0.09375
0 0.27294921875 0.4599609375 0.04345703125 0.03515625
0 0.330078125 0.46337890625 0.06494140625 0.0419921875
0 0.39111328125 0.4609375 0.04931640625 0.03759765625
0 0.43359375 0.46337890625 0.03125 0.0419921875
0 0.23583984375 0.51611328125 0.16162109375 0.037109375
0 0.4091796875 0.5234375 0.080078125 0.03515625
0 0.00244140625 0.69775390625 0.0048828125 0.0166015625
0 0.01318359375 0.69873046875 0.01611328125 0.01611328125
0 0.00341796875 0.72021484375 0.0068359375 0.0068359375
0 0.0107421875 0.72265625 0.0078125 0.01123046875
0 0.00146484375 0.73193359375 0.0029296875 0.0087890625
0 0.0078125 0.73046875 0.01025390625 0.01123046875
0 0.00244140625 0.751953125 0.0048828125 0.009765625
0 0.0107421875 0.751953125 0.009765625 0.0078125
0 0.00146484375 0.771484375 0.0029296875 0.0078125
0 0.00244140625 0.79638671875 0.0048828125 0.0068359375
0 0.01220703125 0.7958984375 0.01220703125 0.0048828125
0 0.0048828125 0.80419921875 0.005859375 0.0068359375
0 0.0126953125 0.80322265625 0.009765625 0.00634765625
0 0.00341796875 0.81103515625 0.0068359375 0.0107421875
0 0.01220703125 0.8115234375 0.01318359375 0.00830078125
0 0.0009765625 0.82275390625 0.001953125 0.0068359375
0 0.0048828125 0.8232421875 0.005859375 0.0068359375
0 0.009765625 0.8232421875 0.005859375 0.0068359375
0 0.0166015625 0.822265625 0.0078125 0.00634765625
0 0.00341796875 0.83056640625 0.0068359375 0.0068359375
0 0.01025390625 0.830078125 0.0068359375 0.00537109375
0 0.01611328125 0.8310546875 0.00732421875 0.00732421875
0 0.00244140625 0.837890625 0.0048828125 0.0078125
0 0.0087890625 0.83837890625 0.0078125 0.0078125
0 0.015625 0.8388671875 0.0068359375 0.0068359375
0 0.00244140625 0.8486328125 0.0048828125 0.005859375
0 0.0078125 0.85009765625 0.00537109375 0.00732421875
0 0.01220703125 0.85009765625 0.0078125 0.00732421875
0 0.01904296875 0.8486328125 0.0078125 0.00634765625
0 0.0009765625 0.85791015625 0.001953125 0.0068359375
0 0.00634765625 0.8564453125 0.0087890625 0.005859375
0 0.01318359375 0.8564453125 0.005859375 0.005859375
0 0.01806640625 0.8564453125 0.005859375 0.005859375
0 0.00146484375 0.86328125 0.0029296875 0.005859375
0 0.00634765625 0.8642578125 0.00732421875 0.0048828125
0 0.01171875 0.86376953125 0.0087890625 0.005859375
0 0.0009765625 0.876953125 0.001953125 0.0078125
0 0.00439453125 0.87548828125 0.00537109375 0.005859375
0 0.0087890625 0.87646484375 0.00439453125 0.00390625
0 0.0146484375 0.876953125 0.0087890625 0.0068359375
0 0.0009765625 0.88330078125 0.001953125 0.0048828125
0 0.00537109375 0.88330078125 0.0068359375 0.0048828125
0 0.01318359375 0.88232421875 0.009765625 0.0048828125
0 0.0009765625 0.890625 0.001953125 0.0078125
0 0.00390625 0.890625 0.0068359375 0.01123046875
0 0.01123046875 0.890625 0.01025390625 0.01123046875
0 0.00537109375 0.90576171875 0.0107421875 0.009765625
0 0.00146484375 0.91650390625 0.0029296875 0.0068359375
0 0.0078125 0.916015625 0.00927734375 0.0087890625
0 0.01171875 0.927734375 0.0234375 0.009765625
0 0.001953125 0.9794921875 0.00390625 0.009765625
0 0.0224609375 0.97607421875 0.0078125 0.0087890625
0 0.12646484375 0.642578125 0.01513671875 0.01318359375
0 0.1416015625 0.64892578125 0.01513671875 0.015625
0 0.1533203125 0.65380859375 0.01416015625 0.01611328125
0 0.1689453125 0.65869140625 0.01806640625 0.017578125
0 0.130859375 0.65966796875 0.01708984375 0.015625
0 0.1416015625 0.6630859375 0.01123046875 0.01611328125
0 0.1533203125 0.666015625 0.01416015625 0.017578125
0 0.16455078125 0.671875 0.01318359375 0.01416015625
0 0.26904296875 0.63232421875 0.009765625 0.0048828125
0 0.27880859375 0.63330078125 0.01025390625 0.0068359375
0 0.27001953125 0.638671875 0.0087890625 0.00830078125
0 0.279296875 0.6396484375 0.01123046875 0.00634765625
0 0.35791015625 0.640625 0.009765625 0.0087890625
0 0.33251953125 0.9365234375 0.046875 0.0126953125
0 0.23046875 0.96923828125 0.0146484375 0.01220703125
0 0.2412109375 0.9697265625 0.0087890625 0.01123046875
0 0.25341796875 0.9677734375 0.01513671875 0.0087890625
0 0.26806640625 0.97021484375 0.01513671875 0.009765625
0 0.3916015625 0.96630859375 0.01416015625 0.00634765625
0 0.40673828125 0.9677734375 0.013671875 0.0068359375
0 0.41845703125 0.966796875 0.01025390625 0.01123046875
0 0.38916015625 0.974609375 0.0078125 0.00537109375
0 0.3984375 0.974609375 0.01123046875 0.00537109375
0 0.4072265625 0.974609375 0.00732421875 0.00537109375
0 0.3896484375 0.9814453125 0.0087890625 0.0048828125
0 0.3984375 0.9833984375 0.01025390625 0.0087890625
0 0.71630859375 0.6015625 0.298828125 0.13623046875
0 0.51953125 0.7841796875 0.0732421875 0.04541015625
0 0.5947265625 0.78466796875 0.07177734375 0.04443359375
0 0.66650390625 0.78466796875 0.068359375 0.04443359375
0 0.73046875 0.78271484375 0.05322265625 0.04638671875
0 0.77490234375 0.78271484375 0.0341796875 0.04052734375
0 0.81005859375 0.7822265625 0.03515625 0.04052734375
0 0.86083984375 0.78271484375 0.0634765625 0.04248046875
0 0.9296875 0.779296875 0.0712890625 0.04345703125
0 0.9833984375 0.78466796875 0.033203125 0.0517578125