0 0.4375 0.07421875 0.06103515625 0.0185546875
0 0.50341796875 0.07958984375 0.0703125 0.0263671875
0 0.35498046875 0.154296875 0.0830078125 0.04541015625
0 0.42822265625 0.16064453125 0.06396484375 0.0419921875
0 0.4853515625 0.16064453125 0.0498046875 0.0390625
0 0.53857421875 0.162109375 0.0224609375 0.0390625
0 0.1962890625 0.22265625 0.1689453125 0.1376953125
0 0.4189453125 0.25634765625 0.26171875 0.1689453125
0 0.27587890625 0.3427734375 0.06884765625 0.0439453125
0 0.3330078125 0.34375 0.0517578125 0.0390625
0 0.4140625 0.34765625 0.1201171875 0.03759765625
0 0.51953125 0.35498046875 0.060546875 0.0380859375
0 0.373046875 0.39111328125 0.109375 0.04052734375
0 0.490234375 0.3984375 0.119140625 0.041015625
0 0.18359375 0.4296875 0.0810546875 0.04541015625
0 0.2470703125 0.43359375 0.0517578125 0.03759765625
0 0.28857421875 0.43359375 0.03759765625 0.03759765625
0 0.333984375 0.43505859375 0.046875 0.0283203125
0 0.4033203125 0.439453125 0.09228515625 0.03759765625
0 0.4814453125 0.44287109375 0.0673828125 0.03125
0 0.5322265625 0.4482421875 0.03515625 0.0390625
0 0.62109375 0.046875 0.142578125 0.09375
0 0.87060546875 0.078125 0.2587890625 0.15625
0 0.58984375 0.21728515625 0.080078125 0.0732421875
0 0.6474609375 0.20751953125 0.04296875 0.080078125
0 0.677734375 0.20947265625 0.037109375 0.06982421875
0 0.7216796875 0.2041015625 0.0546875 0.080078125
0 0.5615234375 0.3310546875 0.0234375 0.09765625
0 0.5966796875 0.32958984375 0.07421875 0.0869140625
0 0.6689453125 0.3173828125 0.07421875 0.08349609375
0 0.736328125 0.32080078125 0.052734375 0.1044921875
0 0.79296875 0.31005859375 0.056640625 0.09765625
0 0.8515625 0.30322265625 0.056640625 0.08349609375
0 0.904296875 0.3154296875 0.025390625 0.03125
0 0.96435546875 0.3017578125 0.0712890625 0.080078125
0 0.5703125 0.4248046875 0.041015625 0.048828125
0 0.6103515625 0.421875 0.04296875 0.0419921875
0 0.63671875 0.42724609375 0.009765625 0.017578125
0 0.6552734375 0.42333984375 0.03125 0.04541015625
0 0.6748046875 0.421875 0.015625 0.03466796875
0 0.6845703125 0.42333984375 0.0078125 0.017578125
0 0.6962890625 0.419921875 0.01953125 0.0380859375
0 0.71875 0.41845703125 0.033203125 0.048828125
0 0.767578125 0.4111328125 0.064453125 0.048828125
0 0.802734375 0.4130859375 0.009765625 0.017578125
0 0.822265625 0.4130859375 0.033203125 0.04541015625
0 0.8564453125 0.40625 0.0390625 0.05908203125
0 0.896484375 0.404296875 0.041015625 0.0556640625
0 0.06005859375 0.81640625 0.1201171875 0.083984375
0 0.15478515625 0.82373046875 0.0576171875 0.07275390625
0 0.24658203125 0.82421875 0.1181640625 0.06884765625
0 0.361328125 0.81982421875 0.091796875 0.08837890625
0 0.47119140625 0.82080078125 0.1083984375 0.09130859375
0 0.3330078125 0.93505859375 0.43359375 0.1298828125
0 0.57763671875 0.54345703125 0.0556640625 0.0283203125
0 0.62255859375 0.54638671875 0.025390625 0.0283203125
0 0.65185546875 0.55029296875 0.0263671875 0.0361328125
0 0.693359375 0.55126953125 0.0498046875 0.03125
0 0.74169921875 0.5546875 0.041015625 0.0322265625
0 0.80322265625 0.55908203125 0.07568359375 0.0390625
0 0.85791015625 0.5634765625 0.0283203125 0.03271484375
0 0.89013671875 0.5732421875 0.0322265625 0.0390625
0 0.60693359375 0.60693359375 0.1142578125 0.0673828125
0 0.7177734375 0.61474609375 0.09619140625 0.06494140625
0 0.798828125 0.61572265625 0.056640625 0.06982421875
0 0.87060546875 0.623046875 0.07470703125 0.0712890625
0 0.6005859375 0.66162109375 0.0556640625 0.05322265625
0 0.65283203125 0.6708984375 0.0458984375 0.05322265625
0 0.6923828125 0.67333984375 0.0263671875 0.05078125
0 0.720703125 0.677734375 0.0263671875 0.04443359375
0 0.76708984375 0.6796875 0.06298828125 0.0478515625
0 0.81982421875 0.6875 0.0390625 0.0478515625
0 0.86181640625 0.68310546875 0.0400390625 0.046875
0 0.58056640625 0.7451171875 0.0615234375 0.052734375
0 0.6689453125 0.74560546875 0.09130859375 0.06396484375
0 0.75244140625 0.74609375 0.06298828125 0.06494140625
0 0.84619140625 0.74951171875 0.1123046875 0.06591796875
0 0.7294921875 0.83740234375 0.359375 0.1142578125
0 0.56982421875 0.916015625 0.0400390625 0.03515625
0 0.60107421875 0.916015625 0.0234375 0.03515625
0 0.6357421875 0.9140625 0.0458984375 0.03125
0 0.69091796875 0.91552734375 0.04833984375 0.03125
0 0.7373046875 0.91357421875 0.046875 0.03271484375
0 0.78466796875 0.91552734375 0.0302734375 0.03125
0 0.8173828125 0.91650390625 0.0380859375 0.03662109375
0 0.8603515625 0.91796875 0.037109375 0.03125
0 0.89111328125 0.91845703125 0.0244140625 0.03515625
0 0.93017578125 0.6357421875 0.02734375 0.18505859375