0 0.07861328125 0.02685546875 0.1572265625 0.0537109375
0 0.21728515625 0.0439453125 0.1015625 0.0654296875
0 0.39208984375 0.07470703125 0.201171875 0.08154296875
0 0.17333984375 0.10693359375 0.3466796875 0.1845703125
0 0.44384765625 0.17578125 0.1708984375 0.154296875
0 0.09423828125 0.21240234375 0.14208984375 0.0654296875
0 0.2626953125 0.2373046875 0.1533203125 0.0703125
0 0.4345703125 0.2587890625 0.158203125 0.080078125
0 0.0322265625 0.271484375 0.064453125 0.064453125
0 0.10400390625 0.28564453125 0.04150390625 0.0556640625
0 0.177734375 0.29296875 0.0712890625 0.0537109375
0 0.36279296875 0.32080078125 0.05126953125 0.04736328125
0 0.45361328125 0.3291015625 0.1513671875 0.0625
0 0.7294921875 0.19970703125 0.09521484375 0.20654296875
0 0.869140625 0.26806640625 0.18701171875 0.22412109375
0 0.291015625 0.734375 0.291015625 0.109375
0 0.55712890625 0.93896484375 0.0556640625 0.0263671875
0 0.55712890625 0.9921875 0.0556640625 0.015625
0 0.5888671875 0.99169921875 0.013671875 0.0166015625