0 0.1826171875 0.2294921875 0.0283203125 0.02099609375
0 0.22412109375 0.23193359375 0.03955078125 0.02099609375
0 0.27880859375 0.232421875 0.0537109375 0.02685546875
0 0.36865234375 0.23193359375 0.08203125 0.02099609375
0 0.43896484375 0.23291015625 0.04736328125 0.01904296875
0 0.478515625 0.2314453125 0.025390625 0.02392578125
0 0.50927734375 0.23291015625 0.02685546875 0.02392578125
0 0.544921875 0.23388671875 0.0341796875 0.029296875
0 0.31689453125 0.2578125 0.05126953125 0.02587890625
0 0.37060546875 0.2548828125 0.04736328125 0.021484375
0 0.4267578125 0.2578125 0.0517578125 0.02099609375
0 0.2451171875 0.33154296875 0.15771484375 0.09521484375
0 0.3994140625 0.322265625 0.10107421875 0.10498046875
0 0.53759765625 0.3193359375 0.13232421875 0.1064453125
0 0.67236328125 0.32470703125 0.091796875 0.109375
0 0.77734375 0.32470703125 0.07177734375 0.10400390625
0 0.8720703125 0.3349609375 0.07958984375 0.125
0 0.35107421875 0.40625 0.18505859375 0.03564453125
0 0.5390625 0.408203125 0.154296875 0.03173828125
0 0.73291015625 0.40771484375 0.1962890625 0.029296875
0 0.18896484375 0.45068359375 0.025390625 0.03173828125
0 0.23388671875 0.44970703125 0.0556640625 0.02392578125
0 0.28271484375 0.45068359375 0.03515625 0.02685546875
0 0.3134765625 0.453125 0.01953125 0.021484375
0 0.3408203125 0.451171875 0.0263671875 0.029296875
0 0.37548828125 0.45166015625 0.03271484375 0.02490234375
0 0.41845703125 0.453125 0.04296875 0.0224609375
0 0.46484375 0.4560546875 0.048828125 0.02685546875
0 0.51513671875 0.4560546875 0.0419921875 0.02685546875
0 0.55517578125 0.453125 0.02734375 0.03076171875
0 0.59228515625 0.45263671875 0.03759765625 0.02685546875
0 0.63525390625 0.45166015625 0.03955078125 0.0234375
0 0.67919921875 0.453125 0.04296875 0.021484375
0 0.79638671875 0.45556640625 0.03076171875 0.0224609375
0 0.86376953125 0.45556640625 0.10107421875 0.02587890625
0 0.177734375 0.552734375 0.05615234375 0.04248046875
0 0.23095703125 0.5498046875 0.03955078125 0.05078125
0 0.28076171875 0.548828125 0.05078125 0.052734375
0 0.328125 0.55224609375 0.03857421875 0.0556640625
0 0.365234375 0.55126953125 0.02880859375 0.052734375
0 0.3984375 0.55419921875 0.03076171875 0.06005859375
0 0.154296875 0.658203125 0.18896484375 0.08349609375
0 0.291015625 0.65087890625 0.04296875 0.068359375
0 0.376953125 0.6357421875 0.083984375 0.11328125
0 0.07421875 0.72998046875 0.03076171875 0.04345703125
0 0.15576171875 0.728515625 0.12744140625 0.041015625
0 0.310546875 0.7294921875 0.03076171875 0.015625
0 0.3544921875 0.732421875 0.0537109375 0.021484375