0 0.072265625 0.13330078125 0.14453125 0.1904296875
0 0.28271484375 0.123046875 0.1943359375 0.2109375
0 0.1064453125 0.31787109375 0.212890625 0.1435546875
0 0.31103515625 0.33740234375 0.1376953125 0.1044921875
0 0.59619140625 0.24560546875 0.0517578125 0.03662109375
0 0.65625 0.23681640625 0.0625 0.04248046875
0 0.70458984375 0.2265625 0.0302734375 0.041015625
0 0.73193359375 0.2265625 0.025390625 0.02978515625
0 0.765625 0.21875 0.0341796875 0.04248046875
0 0.703125 0.29833984375 0.2919921875 0.11962890625
0 0.947265625 0.27685546875 0.10546875 0.1025390625
0 0.73828125 0.3857421875 0.134765625 0.0078125
0 0.8486328125 0.3828125 0.0546875 0.013671875
0 0.93798828125 0.37890625 0.1240234375 0.021484375
0 0.51806640625 0.2490234375 0.10205078125 0.041015625
0 0.35888671875 0.39892578125 0.0419921875 0.0185546875
0 0.28662109375 0.4794921875 0.0830078125 0.04541015625
0 0.353515625 0.48583984375 0.052734375 0.0419921875
0 0.1279296875 0.5478515625 0.1689453125 0.1376953125
0 0.2998046875 0.58154296875 0.16015625 0.1689453125
0 0.20751953125 0.66796875 0.06884765625 0.0439453125
0 0.2646484375 0.6689453125 0.0517578125 0.0390625
0 0.33251953125 0.67236328125 0.0947265625 0.0380859375
0 0.3046875 0.71630859375 0.109375 0.04052734375
0 0.115234375 0.7548828125 0.0810546875 0.04541015625
0 0.1787109375 0.7587890625 0.0517578125 0.03759765625
0 0.22021484375 0.7587890625 0.03759765625 0.03759765625
0 0.265625 0.76025390625 0.046875 0.0283203125
0 0.333984375 0.76416015625 0.091796875 0.0380859375
0 0.8525390625 0.41162109375 0.294921875 0.0439453125
0 0.580078125 0.53955078125 0.20361328125 0.1494140625
0 0.7685546875 0.529296875 0.15869140625 0.16650390625
0 0.87255859375 0.55126953125 0.0380859375 0.04150390625
0 0.9443359375 0.5283203125 0.111328125 0.1796875
0 0.67236328125 0.69140625 0.18017578125 0.12060546875
0 0.86083984375 0.69140625 0.20947265625 0.1083984375
0 0.978515625 0.67431640625 0.04296875 0.0947265625
0 0.7626953125 0.82666015625 0.14697265625 0.103515625
0 0.90087890625 0.8095703125 0.10986328125 0.14111328125
0 0.97998046875 0.81591796875 0.0400390625 0.1357421875
0 0.70361328125 0.95556640625 0.1904296875 0.0888671875
0 0.845703125 0.94580078125 0.09130859375 0.08203125
0 0.92041015625 0.94287109375 0.04931640625 0.05908203125
0 0.97021484375 0.93505859375 0.0595703125 0.0673828125