0 0.16064453125 0.01416015625 0.1630859375 0.0283203125
0 0.005859375 0.04052734375 0.01171875 0.0126953125
0 0.03076171875 0.044921875 0.0322265625 0.0126953125
0 0.0595703125 0.0478515625 0.02587890625 0.015625
0 0.0791015625 0.048828125 0.0107421875 0.015625
0 0.0986328125 0.04833984375 0.02490234375 0.0146484375
0 0.1376953125 0.052734375 0.0517578125 0.02001953125
0 0.025390625 0.0654296875 0.05078125 0.013671875
0 0.056640625 0.0654296875 0.01318359375 0.013671875
0 0.0703125 0.06689453125 0.0126953125 0.0146484375
0 0.0087890625 0.0849609375 0.017578125 0.015625
0 0.0341796875 0.08740234375 0.03369140625 0.02197265625
0 0.06396484375 0.0869140625 0.0205078125 0.0166015625
0 0.08447265625 0.08935546875 0.0205078125 0.017578125
0 0.0986328125 0.09130859375 0.0087890625 0.02001953125
0 0.1201171875 0.08984375 0.0322265625 0.0185546875
0 0.14892578125 0.09375 0.0244140625 0.015625
0 0.17138671875 0.09423828125 0.02099609375 0.0146484375
0 0.2001953125 0.095703125 0.03759765625 0.017578125
0 0.0205078125 0.27734375 0.02197265625 0.02099609375
0 0.03662109375 0.279296875 0.0126953125 0.0166015625
0 0.052734375 0.28076171875 0.02099609375 0.0166015625
0 0.068359375 0.2822265625 0.01171875 0.02001953125
0 0.0771484375 0.28125 0.00634765625 0.017578125
0 0.0859375 0.28173828125 0.0126953125 0.0166015625
0 0.1005859375 0.2822265625 0.01806640625 0.0302734375
0 0.1171875 0.28515625 0.01416015625 0.02392578125
0 0.033203125 0.30126953125 0.02099609375 0.02099609375
0 0.076171875 0.3017578125 0.02099609375 0.017578125
0 0.099609375 0.306640625 0.02734375 0.02490234375
0 0.87353515625 0.3203125 0.2529296875 0.111328125
0 0.83349609375 0.44970703125 0.3330078125 0.1591796875
0 0.09716796875 0.783203125 0.16796875 0.1015625
0 0.224609375 0.796875 0.0810546875 0.06982421875
0 0.333984375 0.8046875 0.130859375 0.0703125
0 0.15478515625 0.87890625 0.0947265625 0.06982421875
0 0.2841796875 0.8828125 0.1572265625 0.06591796875
0 0.380859375 0.88720703125 0.037109375 0.0634765625
0 0.0595703125 0.94482421875 0.0322265625 0.0380859375
0 0.11669921875 0.95166015625 0.08251953125 0.0478515625
0 0.19482421875 0.95458984375 0.0732421875 0.0419921875
0 0.251953125 0.95556640625 0.05029296875 0.0400390625
0 0.310546875 0.95654296875 0.076171875 0.0380859375
0 0.3740234375 0.95947265625 0.05078125 0.0400390625
0 0.818359375 0.5751953125 0.25 0.091796875
0 0.80712890625 0.65771484375 0.04052734375 0.0380859375
0 0.8359375 0.65478515625 0.01220703125 0.0322265625
0 0.857421875 0.65380859375 0.03125 0.03369140625
0 0.88818359375 0.66015625 0.02685546875 0.03662109375
0 0.9189453125 0.6533203125 0.0302734375 0.0380859375
0 0.94921875 0.65478515625 0.0302734375 0.0380859375
0 0.98193359375 0.65625 0.0361328125 0.041015625