0 0.4443359375 0.3486328125 0.06103515625 0.0185546875
0 0.51025390625 0.35400390625 0.0703125 0.0263671875
0 0.36181640625 0.4287109375 0.0830078125 0.04541015625
0 0.43505859375 0.43505859375 0.06396484375 0.0419921875
0 0.4921875 0.43505859375 0.0498046875 0.0390625
0 0.5703125 0.4365234375 0.07177734375 0.0390625
0 0.62646484375 0.4375 0.046875 0.03759765625
0 0.203125 0.4970703125 0.1689453125 0.1376953125
0 0.44140625 0.53125 0.2919921875 0.1689453125
0 0.7373046875 0.5234375 0.2939453125 0.125
0 0.28271484375 0.6171875 0.06884765625 0.0439453125
0 0.33984375 0.6181640625 0.0517578125 0.0390625
0 0.4208984375 0.6220703125 0.1201171875 0.03759765625
0 0.53125 0.6298828125 0.06884765625 0.03759765625
0 0.5888671875 0.6328125 0.0498046875 0.0341796875
0 0.65625 0.6328125 0.0908203125 0.03759765625
0 0.3798828125 0.66552734375 0.109375 0.04052734375
0 0.53125 0.67333984375 0.1875 0.04052734375
0 0.1904296875 0.7041015625 0.0810546875 0.04541015625
0 0.25390625 0.7080078125 0.0517578125 0.03759765625
0 0.29541015625 0.7080078125 0.03759765625 0.03759765625
0 0.3408203125 0.70947265625 0.046875 0.0283203125
0 0.41015625 0.7138671875 0.09228515625 0.03759765625
0 0.48828125 0.71728515625 0.0673828125 0.03125
0 0.5615234375 0.72265625 0.07958984375 0.0390625
0 0.64306640625 0.7265625 0.07958984375 0.04052734375
0 0.7158203125 0.73046875 0.078125 0.0361328125