0 0.75341796875 0.0400390625 0.1513671875 0.0771484375
0 0.6318359375 0.130859375 0.16015625 0.09228515625
0 0.8291015625 0.1328125 0.21728515625 0.1005859375
0 0.740234375 0.244140625 0.20556640625 0.07470703125
0 0.19677734375 0.6416015625 0.068359375 0.0859375
0 0.25341796875 0.619140625 0.052734375 0.07275390625
0 0.31640625 0.61328125 0.08544921875 0.1005859375
0 0.08056640625 0.66845703125 0.1611328125 0.1455078125
0 0.00634765625 0.74755859375 0.0126953125 0.0263671875
0 0.5869140625 0.7490234375 0.029296875 0.0380859375
0 0.5869140625 0.8193359375 0.033203125 0.0498046875
0 0.7236328125 0.7490234375 0.029296875 0.0380859375
0 0.8466796875 0.7490234375 0.029296875 0.0380859375
0 0.7255859375 0.8193359375 0.033203125 0.0498046875
0 0.84765625 0.81787109375 0.03515625 0.046875
0 0.9052734375 0.79443359375 0.025390625 0.03515625
0 0.9423828125 0.79736328125 0.037109375 0.029296875
0 0.986328125 0.7939453125 0.02734375 0.03515625
0 0.892578125 0.84716796875 0.02734375 0.029296875
0 0.9189453125 0.84423828125 0.029296875 0.03515625
0 0.9619140625 0.845703125 0.056640625 0.0263671875