0 0.0244140625 0.044921875 0.048828125 0.0390625
0 0.58837890625 0.27197265625 0.09375 0.0595703125
0 0.47607421875 0.34375 0.02099609375 0.015625
0 0.4970703125 0.345703125 0.01953125 0.01513671875
0 0.5302734375 0.35107421875 0.04541015625 0.01611328125
0 0.5625 0.3525390625 0.02099609375 0.01513671875
0 0.58447265625 0.3544921875 0.029296875 0.01611328125
0 0.60888671875 0.35791015625 0.01904296875 0.013671875
0 0.638671875 0.359375 0.04248046875 0.01708984375
0 0.67236328125 0.3623046875 0.0263671875 0.01611328125
0 0.6953125 0.365234375 0.01953125 0.013671875
0 0.71533203125 0.3681640625 0.02294921875 0.015625
0 0.48876953125 0.3740234375 0.04150390625 0.02099609375
0 0.51806640625 0.3779296875 0.01806640625 0.01708984375
0 0.54638671875 0.37939453125 0.03662109375 0.01806640625
0 0.5791015625 0.38037109375 0.029296875 0.02197265625
0 0.61181640625 0.3837890625 0.03369140625 0.02197265625
0 0.64013671875 0.38720703125 0.02001953125 0.01904296875
0 0.67724609375 0.39111328125 0.0517578125 0.0205078125
0 0.71630859375 0.396484375 0.02783203125 0.0205078125
0 0.4970703125 0.41259765625 0.0458984375 0.0361328125
0 0.56201171875 0.4140625 0.07958984375 0.044921875
0 0.63623046875 0.423828125 0.06689453125 0.04833984375
0 0.70458984375 0.4287109375 0.06982421875 0.0361328125
0 0.48388671875 0.4404296875 0.02490234375 0.015625
0 0.50439453125 0.4423828125 0.01611328125 0.0146484375
0 0.53173828125 0.4462890625 0.03662109375 0.0185546875
0 0.56298828125 0.447265625 0.02734375 0.017578125
0 0.591796875 0.4501953125 0.02880859375 0.01708984375
0 0.62353515625 0.45166015625 0.03515625 0.017578125
0 0.650390625 0.453125 0.01953125 0.01318359375
0 0.66796875 0.4541015625 0.0166015625 0.01416015625
0 0.693359375 0.45703125 0.0361328125 0.015625
0 0.71875 0.4580078125 0.01611328125 0.013671875
0 0.7373046875 0.4599609375 0.02099609375 0.01611328125
0 0.57421875 0.46533203125 0.0263671875 0.01513671875
0 0.6259765625 0.46875 0.07861328125 0.01806640625
0 0.52587890625 0.47900390625 0.0498046875 0.0166015625
0 0.01123046875 0.78076171875 0.0107421875 0.0185546875
0 0.0166015625 0.75927734375 0.021484375 0.03369140625
0 0.03466796875 0.73876953125 0.0302734375 0.0322265625
0 0.06591796875 0.7333984375 0.0322265625 0.02783203125
0 0.08642578125 0.748046875 0.0205078125 0.029296875
0 0.09814453125 0.77001953125 0.0185546875 0.03369140625
0 0.01318359375 0.8193359375 0.0146484375 0.02783203125
0 0.02685546875 0.84521484375 0.0302734375 0.0400390625
0 0.06201171875 0.857421875 0.0478515625 0.021484375
0 0.0927734375 0.8369140625 0.03125 0.04736328125
0 0.29052734375 0.81640625 0.2177734375 0.13671875
0 0.13818359375 0.94384765625 0.2763671875 0.1123046875
0 0.453125 0.556640625 0.107421875 0.0546875
0 0.43701171875 0.609375 0.0751953125 0.05078125