0 0.0791015625 0.076171875 0.158203125 0.15234375
0 0.04931640625 0.21923828125 0.0986328125 0.0673828125
0 0.21923828125 0.2412109375 0.2568359375 0.0595703125
0 0.0654296875 0.27392578125 0.09375 0.02978515625
0 0.13671875 0.283203125 0.06103515625 0.01953125
0 0.18798828125 0.28759765625 0.04150390625 0.02099609375
0 0.25146484375 0.291015625 0.0830078125 0.02197265625
0 0.02734375 0.29150390625 0.0517578125 0.0185546875
0 0.07763671875 0.2998046875 0.06201171875 0.0224609375
0 0.1181640625 0.30224609375 0.02294921875 0.01171875
0 0.15576171875 0.3056640625 0.06103515625 0.015625
0 0.203125 0.3095703125 0.0419921875 0.01611328125
0 0.23388671875 0.31103515625 0.03857421875 0.01318359375
0 0.27392578125 0.3125 0.04541015625 0.01416015625
0 0.15478515625 0.4296875 0.072265625 0.013671875
0 0.10498046875 0.44580078125 0.048828125 0.01708984375
0 0.1591796875 0.44873046875 0.06396484375 0.0185546875
0 0.10595703125 0.4609375 0.06103515625 0.01953125
0 0.5400390625 0.13623046875 0.033203125 0.06689453125
0 0.5810546875 0.13037109375 0.044921875 0.06298828125
0 0.6455078125 0.125 0.087890625 0.06689453125
0 0.70703125 0.12841796875 0.0390625 0.05908203125
0 0.76953125 0.13037109375 0.07421875 0.0556640625
0 0.8427734375 0.12841796875 0.072265625 0.06689453125
0 0.90625 0.12841796875 0.05078125 0.05908203125
0 0.05712890625 0.76904296875 0.1142578125 0.1240234375
0 0.20849609375 0.7724609375 0.181640625 0.1337890625
0 0.388671875 0.77294921875 0.142578125 0.1357421875
0 0.46728515625 0.80029296875 0.01416015625 0.02294921875
0 0.4814453125 0.80322265625 0.01708984375 0.02294921875
0 0.47509765625 0.85791015625 0.0302734375 0.0185546875
0 0.54833984375 0.82177734375 0.02099609375 0.02587890625
0 0.5859375 0.8193359375 0.0078125 0.0185546875
0 0.896484375 0.81103515625 0.01318359375 0.01708984375
0 0.9951171875 0.8056640625 0.009765625 0.01953125