0 0.205078125 0.11572265625 0.2685546875 0.06884765625
0 0.55810546875 0.1064453125 0.39599609375 0.078125
0 0.27099609375 0.2626953125 0.4248046875 0.1904296875
0 0.72900390625 0.25244140625 0.408203125 0.2109375
0 0.3134765625 0.45166015625 0.47705078125 0.1533203125
0 0.71875 0.4814453125 0.27490234375 0.13427734375
0 0.14501953125 0.6298828125 0.16064453125 0.1376953125
0 0.30810546875 0.63427734375 0.158203125 0.1376953125
0 0.486328125 0.6318359375 0.13525390625 0.14208984375
0 0.67919921875 0.6328125 0.22900390625 0.1435546875
0 0.85205078125 0.6787109375 0.125 0.07666015625