0 0.74072265625 0.02783203125 0.0966796875 0.0556640625
0 0.87060546875 0.03076171875 0.134765625 0.052734375
0 0.9765625 0.0390625 0.046875 0.07421875
0 0.72265625 0.09814453125 0.0595703125 0.06591796875
0 0.85400390625 0.10498046875 0.1787109375 0.08251953125
0 0.9775390625 0.10400390625 0.044921875 0.0673828125
0 0.74267578125 0.27734375 0.0888671875 0.0546875
0 0.8603515625 0.283203125 0.12451171875 0.0546875
0 0.9677734375 0.29150390625 0.064453125 0.0595703125
0 0.724609375 0.36328125 0.05126953125 0.05029296875
0 0.8193359375 0.36376953125 0.123046875 0.0517578125
0 0.9453125 0.3740234375 0.10595703125 0.0576171875
0 0.75537109375 0.44482421875 0.09814453125 0.048828125
0 0.87451171875 0.44873046875 0.1103515625 0.04736328125
0 0.96923828125 0.45654296875 0.0615234375 0.0576171875
0 0.14501953125 0.66357421875 0.13623046875 0.08349609375
0 0.29931640625 0.66796875 0.142578125 0.0751953125
0 0.07958984375 0.78857421875 0.1591796875 0.1865234375
0 0.41650390625 0.83056640625 0.447265625 0.16015625
0 0.07373046875 0.9287109375 0.09619140625 0.06982421875
0 0.18359375 0.93359375 0.06640625 0.06689453125
0 0.30126953125 0.94775390625 0.14892578125 0.0615234375
0 0.447265625 0.951171875 0.11865234375 0.068359375
0 0.5634765625 0.96533203125 0.0810546875 0.056640625
0 0.66943359375 0.9697265625 0.0400390625 0.052734375
0 0.1123046875 0.98828125 0.134765625 0.0234375
0 0.248046875 0.98779296875 0.109375 0.0244140625
0 0.35009765625 0.9921875 0.0673828125 0.015625
0 0.73974609375 0.7080078125 0.1005859375 0.04296875
0 0.8193359375 0.712890625 0.046875 0.033203125
0 0.82177734375 0.796875 0.2646484375 0.123046875
0 0.8212890625 0.89208984375 0.09375 0.0625