0 0.38134765625 0.43310546875 0.140625 0.07080078125
0 0.52978515625 0.4443359375 0.13134765625 0.0693359375
0 0.673828125 0.1611328125 0.048828125 0.078125
0 0.69677734375 0.390625 0.0947265625 0.076171875
0 0.6826171875 0.45849609375 0.06640625 0.0654296875
0 0.14990234375 0.63037109375 0.1962890625 0.2607421875
0 0.37744140625 0.66064453125 0.1943359375 0.29736328125
0 0.56884765625 0.65185546875 0.13232421875 0.2490234375
0 0.06982421875 0.87841796875 0.05615234375 0.1201171875
0 0.17529296875 0.88134765625 0.13427734375 0.1142578125
0 0.2822265625 0.89208984375 0.06005859375 0.09912109375
0 0.33251953125 0.8935546875 0.0361328125 0.09619140625
0 0.37646484375 0.904296875 0.0439453125 0.0810546875
0 0.45068359375 0.8994140625 0.080078125 0.09619140625
0 0.71630859375 0.95751953125 0.07177734375 0.08349609375
0 0.779296875 0.953125 0.0498046875 0.0859375
0 0.896484375 0.95458984375 0.18408203125 0.072265625