0 0.33935546875 0.2216796875 0.1005859375 0.03515625
0 0.43212890625 0.22412109375 0.0654296875 0.03271484375
0 0.5078125 0.22021484375 0.07275390625 0.05322265625
0 0.6044921875 0.2255859375 0.1005859375 0.0380859375
0 0.4208984375 0.26611328125 0.0615234375 0.03662109375
0 0.50830078125 0.2666015625 0.09033203125 0.03515625
0 0.21630859375 0.3427734375 0.0537109375 0.0380859375
0 0.28759765625 0.34033203125 0.0830078125 0.0458984375
0 0.2275390625 0.38037109375 0.021484375 0.02734375
0 0.26611328125 0.38037109375 0.05712890625 0.0302734375
0 0.55029296875 0.34619140625 0.0771484375 0.0390625
0 0.60498046875 0.35009765625 0.02294921875 0.02880859375
0 0.66259765625 0.34814453125 0.07958984375 0.04296875
0 0.7333984375 0.3525390625 0.05224609375 0.02880859375
0 0.607421875 0.3857421875 0.0439453125 0.03125
0 0.662109375 0.388671875 0.060546875 0.03125
0 0.73876953125 0.40673828125 0.05224609375 0.02392578125
0 0.86962890625 0.560546875 0.01416015625 0.0107421875
0 0.8857421875 0.56103515625 0.01611328125 0.00927734375
0 0.85546875 0.57861328125 0.03466796875 0.0234375
0 0.8994140625 0.5810546875 0.046875 0.02392578125
0 0.96484375 0.49072265625 0.06396484375 0.03125
0 0.46435546875 0.5107421875 0.02978515625 0.02001953125
0 0.173828125 0.44775390625 0.0517578125 0.029296875
0 0.2265625 0.447265625 0.0498046875 0.0302734375
0 0.2666015625 0.4462890625 0.0341796875 0.0224609375
0 0.32861328125 0.4462890625 0.1025390625 0.0224609375
0 0.60791015625 0.7880859375 0.03759765625 0.0263671875
0 0.5478515625 0.5517578125 0.02294921875 0.0087890625
0 0.18310546875 0.583984375 0.013671875 0.02001953125
0 0.32861328125 0.587890625 0.02685546875 0.0107421875
0 0.72216796875 0.55810546875 0.015625 0.01611328125