0 0.0400390625 0.24560546875 0.080078125 0.1533203125
0 0.130859375 0.27294921875 0.0888671875 0.11328125
0 0.2734375 0.28466796875 0.173828125 0.11328125
0 0.43798828125 0.29931640625 0.1298828125 0.10986328125
0 0.12841796875 0.44482421875 0.2568359375 0.1884765625
0 0.61376953125 0.1630859375 0.1318359375 0.2216796875
0 0.74169921875 0.13037109375 0.10400390625 0.19775390625
0 0.06982421875 0.68505859375 0.0908203125 0.1376953125
0 0.22705078125 0.66650390625 0.19091796875 0.16650390625
0 0.41064453125 0.677734375 0.14208984375 0.14111328125
0 0.11083984375 0.83544921875 0.18115234375 0.12255859375
0 0.302734375 0.85498046875 0.1728515625 0.0771484375
0 0.4580078125 0.85986328125 0.103515625 0.0966796875
0 0.07568359375 0.9775390625 0.0537109375 0.044921875
0 0.1318359375 0.96533203125 0.05517578125 0.0498046875
0 0.1875 0.96533203125 0.0439453125 0.0498046875
0 0.23779296875 0.97021484375 0.05322265625 0.0380859375
0 0.2978515625 0.96240234375 0.05712890625 0.0498046875
0 0.35107421875 0.95947265625 0.037109375 0.05615234375
0 0.490234375 0.96240234375 0.0390625 0.0380859375
0 0.53271484375 0.958984375 0.0458984375 0.060546875
0 0.59033203125 0.97412109375 0.06689453125 0.04931640625
0 0.6552734375 0.97216796875 0.064453125 0.0556640625
0 0.7177734375 0.9736328125 0.068359375 0.052734375
0 0.78662109375 0.98095703125 0.0693359375 0.0380859375
0 0.974609375 0.98486328125 0.02294921875 0.02587890625
0 0.9912109375 0.98876953125 0.009765625 0.02001953125