0 0.50048828125 0.42919921875 0.517578125 0.13330078125
0 0.3896484375 0.58740234375 0.1875 0.06689453125
0 0.5390625 0.5791015625 0.107421875 0.06103515625
0 0.65283203125 0.572265625 0.109375 0.06689453125
0 0.28857421875 0.7138671875 0.0751953125 0.05810546875
0 0.36279296875 0.70361328125 0.078125 0.06787109375
0 0.453125 0.69921875 0.09814453125 0.07080078125
0 0.5517578125 0.69873046875 0.08837890625 0.0693359375
0 0.63134765625 0.69287109375 0.060546875 0.0751953125
0 0.708984375 0.69287109375 0.0908203125 0.06689453125
0 0.3896484375 0.78076171875 0.12060546875 0.0693359375
0 0.49072265625 0.7763671875 0.0751953125 0.06689453125
0 0.55517578125 0.7783203125 0.05419921875 0.0791015625