0 0.14697265625 0.0263671875 0.1728515625 0.052734375
0 0.33203125 0.05615234375 0.17578125 0.1123046875
0 0.0576171875 0.10791015625 0.03857421875 0.02734375
0 0.08935546875 0.11328125 0.02880859375 0.02734375
0 0.12890625 0.11865234375 0.046875 0.02734375
0 0.4306640625 0.02685546875 0.021484375 0.0537109375
0 0.74072265625 0.02978515625 0.0556640625 0.0595703125
0 0.8544921875 0.033203125 0.16650390625 0.06494140625
0 0.9697265625 0.02978515625 0.060546875 0.0595703125
0 0.5791015625 0.234375 0.03857421875 0.05615234375
0 0.5439453125 0.28955078125 0.01611328125 0.025390625
0 0.55908203125 0.28955078125 0.013671875 0.025390625
0 0.58056640625 0.291015625 0.02880859375 0.0224609375
0 0.60205078125 0.2919921875 0.01513671875 0.025390625
0 0.544921875 0.310546875 0.0126953125 0.0224609375
0 0.5439453125 0.33447265625 0.013671875 0.025390625
0 0.57958984375 0.3359375 0.0576171875 0.0283203125
0 0.11572265625 0.67236328125 0.21337890625 0.06884765625
0 0.31298828125 0.67626953125 0.20068359375 0.056640625
0 0.27197265625 0.736328125 0.171875 0.056640625
0 0.38671875 0.73974609375 0.06640625 0.0498046875
0 0.87841796875 0.64794921875 0.02880859375 0.04931640625
0 0.91845703125 0.91064453125 0.02099609375 0.01318359375