0 0.0712890625 0.0146484375 0.1328125 0.029296875
0 0.19921875 0.015625 0.095703125 0.03125
0 0.326171875 0.02734375 0.13671875 0.0546875
0 0.44970703125 0.0224609375 0.0908203125 0.044921875
0 0.52880859375 0.02587890625 0.0419921875 0.0517578125
0 0.11376953125 0.0673828125 0.04345703125 0.03515625
0 0.1708984375 0.07080078125 0.06494140625 0.0419921875
0 0.23193359375 0.068359375 0.04931640625 0.03759765625
0 0.28271484375 0.07080078125 0.04638671875 0.0419921875
0 0.32568359375 0.076171875 0.0341796875 0.04248046875
0 0.36669921875 0.0732421875 0.04150390625 0.037109375
0 0.40771484375 0.07421875 0.03857421875 0.03955078125
0 0.45166015625 0.07861328125 0.04638671875 0.03466796875
0 0.07861328125 0.123046875 0.1572265625 0.037109375
0 0.28125 0.13134765625 0.1416015625 0.03564453125
0 0.4697265625 0.138671875 0.16015625 0.04296875
0 0.009765625 0.26611328125 0.01806640625 0.017578125
0 0.005859375 0.27880859375 0.01171875 0.0146484375
0 0.10986328125 0.23974609375 0.009765625 0.0048828125
0 0.11962890625 0.24072265625 0.01025390625 0.0068359375
0 0.11083984375 0.24609375 0.0087890625 0.00830078125
0 0.1201171875 0.2470703125 0.01123046875 0.00634765625
0 0.19873046875 0.248046875 0.009765625 0.0087890625
0 0.3251953125 0.24658203125 0.0087890625 0.00537109375
0 0.333984375 0.24609375 0.00927734375 0.00439453125
0 0.32470703125 0.25 0.009765625 0.0048828125
0 0.33349609375 0.25048828125 0.0078125 0.005859375
0 0.4091796875 0.4775390625 0.01123046875 0.0146484375
0 0.17333984375 0.5439453125 0.046875 0.0126953125
0 0.326171875 0.54296875 0.0478515625 0.0126953125
0 0.0712890625 0.57666015625 0.0146484375 0.01220703125
0 0.08203125 0.5771484375 0.0087890625 0.01123046875
0 0.09423828125 0.5751953125 0.01513671875 0.0087890625
0 0.10888671875 0.57763671875 0.01513671875 0.009765625
0 0.232421875 0.57373046875 0.01416015625 0.00634765625
0 0.24755859375 0.5751953125 0.013671875 0.0068359375
0 0.25927734375 0.57421875 0.01025390625 0.01123046875
0 0.22998046875 0.58203125 0.0078125 0.00537109375
0 0.2392578125 0.58203125 0.01123046875 0.00537109375
0 0.248046875 0.58203125 0.00732421875 0.00537109375
0 0.23046875 0.5888671875 0.0087890625 0.0048828125
0 0.2392578125 0.5908203125 0.01025390625 0.0087890625
0 0.52392578125 0.31884765625 0.04248046875 0.02001953125
0 0.54638671875 0.37060546875 0.0068359375 0.0087890625
0 0.54638671875 0.38330078125 0.0068359375 0.0126953125
0 0.51611328125 0.52001953125 0.017578125 0.01318359375
0 0.52734375 0.51953125 0.0078125 0.01611328125
0 0.53564453125 0.52294921875 0.009765625 0.0146484375
0 0.52197265625 0.58056640625 0.013671875 0.0078125
0 0.52978515625 0.60205078125 0.005859375 0.00927734375
0 0.533203125 0.6005859375 0.005859375 0.00634765625
0 0.5546875 0.5224609375 0.009765625 0.0390625
0 0.568359375 0.53564453125 0.0146484375 0.0244140625
0 0.58984375 0.54541015625 0.0244140625 0.0341796875
0 0.61376953125 0.56005859375 0.0205078125 0.0322265625
0 0.55517578125 0.55615234375 0.0107421875 0.0283203125
0 0.56982421875 0.56396484375 0.0166015625 0.0302734375
0 0.5966796875 0.57958984375 0.03759765625 0.0380859375
0 0.58203125 0.6376953125 0.0400390625 0.052734375
0 0.6162109375 0.6513671875 0.025390625 0.046875
0 0.5947265625 0.6708984375 0.0546875 0.017578125