0 0.00341796875 0.154296875 0.0068359375 0.19140625
0 0.13037109375 0.0087890625 0.0458984375 0.017578125
0 0.16943359375 0.00927734375 0.0263671875 0.0185546875
0 0.19775390625 0.009765625 0.0263671875 0.01953125
0 0.244140625 0.01171875 0.0625 0.0234375
0 0.296875 0.015625 0.0390625 0.03125
0 0.33935546875 0.01318359375 0.0400390625 0.0263671875
0 0.05810546875 0.06591796875 0.06298828125 0.05322265625
0 0.146484375 0.06591796875 0.09130859375 0.06396484375
0 0.22998046875 0.06640625 0.06298828125 0.06494140625
0 0.32373046875 0.06982421875 0.1123046875 0.06591796875
0 0.201171875 0.158203125 0.37109375 0.11376953125
0 0.046875 0.236328125 0.041015625 0.03515625
0 0.07861328125 0.236328125 0.0234375 0.03515625
0 0.11328125 0.234375 0.0458984375 0.03125
0 0.16845703125 0.23583984375 0.04833984375 0.03125
0 0.21484375 0.23388671875 0.046875 0.03271484375
0 0.26220703125 0.23583984375 0.0302734375 0.03125
0 0.294921875 0.23681640625 0.0380859375 0.03662109375
0 0.337890625 0.23828125 0.037109375 0.03125
0 0.36865234375 0.23876953125 0.0244140625 0.03515625
0 0.4072265625 0.02392578125 0.02734375 0.0478515625
0 0.564453125 0.1142578125 0.12890625 0.09375
0 0.681640625 0.1220703125 0.0732421875 0.078125
0 0.75390625 0.125 0.03125 0.072265625
0 0.78955078125 0.13134765625 0.03125 0.06005859375
0 0.8505859375 0.125 0.07763671875 0.072265625
0 0.94287109375 0.12939453125 0.07568359375 0.0810546875
0 0.9912109375 0.12890625 0.017578125 0.068359375
0 0.5302734375 0.24462890625 0.060546875 0.1083984375
0 0.6396484375 0.2451171875 0.11767578125 0.09619140625
0 0.80078125 0.255859375 0.09326171875 0.0810546875
0 0.88525390625 0.2587890625 0.05322265625 0.0810546875
0 0.5322265625 0.37744140625 0.064453125 0.1142578125
0 0.66943359375 0.39111328125 0.1689453125 0.111328125
0 0.80615234375 0.39111328125 0.03759765625 0.0869140625