0 0.6103515625 0.015625 0.1015625 0.03125
0 0.5849609375 0.048828125 0.04541015625 0.013671875
0 0.63525390625 0.05126953125 0.0517578125 0.0166015625
0 0.74267578125 0.0087890625 0.0947265625 0.017578125
0 0.8427734375 0.01025390625 0.09619140625 0.02001953125
0 0.91796875 0.01220703125 0.04931640625 0.0166015625
0 0.96533203125 0.0126953125 0.04541015625 0.015625
0 0.72265625 0.0283203125 0.0478515625 0.01416015625
0 0.7578125 0.029296875 0.0224609375 0.01416015625
0 0.86962890625 0.03125 0.19873046875 0.0166015625
0 0.98583984375 0.03173828125 0.0283203125 0.0146484375
0 0.76318359375 0.04736328125 0.0439453125 0.0166015625
0 0.806640625 0.04736328125 0.0400390625 0.01513671875
0 0.857421875 0.04833984375 0.05615234375 0.01953125
0 0.89599609375 0.048828125 0.01611328125 0.01416015625
0 0.919921875 0.04736328125 0.02685546875 0.0166015625
0 0.95263671875 0.0498046875 0.0361328125 0.01513671875
0 0.98583984375 0.05029296875 0.0283203125 0.0185546875
0 0.775390625 0.06591796875 0.0546875 0.0185546875
0 0.833984375 0.06591796875 0.06005859375 0.01708984375
0 0.9326171875 0.0673828125 0.134765625 0.015625
0 0.86865234375 0.0830078125 0.076171875 0.0166015625
0 0.9296875 0.083984375 0.04150390625 0.01708984375
0 0.9755859375 0.083984375 0.048828125 0.017578125
0 0.72119140625 0.1279296875 0.13330078125 0.02978515625
0 0.8857421875 0.1318359375 0.1904296875 0.03076171875
0 0.66796875 0.16357421875 0.11181640625 0.03125
0 0.79833984375 0.16650390625 0.14111328125 0.0322265625
0 0.9130859375 0.171875 0.080078125 0.03125
0 0.76904296875 0.20166015625 0.16015625 0.03369140625
0 0.92578125 0.20703125 0.0732421875 0.02392578125
0 0.984375 0.20703125 0.03125 0.029296875
0 0.0576171875 0.7119140625 0.07568359375 0.0244140625
0 0.03271484375 0.72705078125 0.01171875 0.00830078125
0 0.0439453125 0.7265625 0.01171875 0.009765625
0 0.05517578125 0.72607421875 0.0126953125 0.00830078125
0 0.06689453125 0.7255859375 0.0107421875 0.009765625
0 0.0771484375 0.7255859375 0.0107421875 0.00732421875
0 0.21142578125 0.69970703125 0.13232421875 0.05126953125
0 0.322265625 0.689453125 0.08544921875 0.05712890625
0 0.40771484375 0.68701171875 0.080078125 0.0498046875
0 0.28515625 0.76123046875 0.3671875 0.09130859375
0 0.50830078125 0.62451171875 0.0166015625 0.01953125
0 0.51806640625 0.61572265625 0.0166015625 0.0146484375
0 0.5439453125 0.61767578125 0.02734375 0.02783203125
0 0.52685546875 0.64794921875 0.04443359375 0.0302734375
0 0.50439453125 0.671875 0.02734375 0.04638671875
0 0.5302734375 0.6826171875 0.029296875 0.01953125
0 0.51611328125 0.9833984375 0.0439453125 0.033203125
0 0.4970703125 0.95703125 0.0146484375 0.01806640625
0 0.50830078125 0.94873046875 0.0146484375 0.01806640625
0 0.52978515625 0.95263671875 0.0263671875 0.029296875
0 0.61669921875 0.33447265625 0.1142578125 0.1357421875
0 0.73974609375 0.35888671875 0.1240234375 0.11474609375
0 0.6064453125 0.53466796875 0.09375 0.2373046875
0 0.71875 0.53515625 0.1181640625 0.22705078125
0 0.81396484375 0.53662109375 0.09228515625 0.20849609375
0 0.61865234375 0.708984375 0.0703125 0.0830078125
0 0.69384765625 0.70654296875 0.068359375 0.08837890625
0 0.75 0.708984375 0.0400390625 0.072265625
0 0.603515625 0.8251953125 0.087890625 0.07421875
0 0.68603515625 0.80810546875 0.083984375 0.06689453125
0 0.77294921875 0.7998046875 0.09033203125 0.0615234375
0 0.8369140625 0.79052734375 0.0458984375 0.05859375
0 0.572265625 0.91064453125 0.025390625 0.0693359375
0 0.61767578125 0.89501953125 0.05224609375 0.0693359375
0 0.6748046875 0.89111328125 0.06201171875 0.06689453125
0 0.73583984375 0.87353515625 0.05615234375 0.0693359375