0 0.07470703125 0.1240234375 0.02392578125 0.03857421875
0 0.087890625 0.158203125 0.03271484375 0.04345703125
0 0.10986328125 0.16845703125 0.0185546875 0.02685546875
0 0.1298828125 0.16748046875 0.02880859375 0.03515625
0 0.15234375 0.15234375 0.02880859375 0.04833984375
0 0.162109375 0.12255859375 0.01611328125 0.044921875
0 0.02685546875 0.29931640625 0.0537109375 0.0498046875
0 0.072265625 0.30322265625 0.03125 0.04345703125
0 0.1123046875 0.310546875 0.041015625 0.0517578125
0 0.15771484375 0.30224609375 0.044921875 0.044921875
0 0.21044921875 0.29833984375 0.0576171875 0.05322265625
0 0.24853515625 0.3076171875 0.0185546875 0.04150390625
0 0.27587890625 0.30078125 0.03125 0.05517578125
0 0.0546875 0.3583984375 0.0361328125 0.033203125
0 0.08740234375 0.357421875 0.02880859375 0.03173828125
0 0.11181640625 0.35888671875 0.0224609375 0.02490234375
0 0.138671875 0.35986328125 0.03369140625 0.0234375
0 0.16552734375 0.35888671875 0.02001953125 0.02490234375
0 0.18994140625 0.3623046875 0.03125 0.0283203125
0 0.01220703125 0.3876953125 0.0244140625 0.033203125
0 0.0361328125 0.39404296875 0.021484375 0.03173828125
0 0.068359375 0.39599609375 0.048828125 0.03857421875
0 0.1064453125 0.3916015625 0.02734375 0.033203125
0 0.13916015625 0.392578125 0.03759765625 0.0283203125
0 0.16748046875 0.392578125 0.021484375 0.0283203125
0 0.19189453125 0.390625 0.02490234375 0.03173828125
0 0.21533203125 0.39306640625 0.02001953125 0.02978515625
0 0.23583984375 0.38916015625 0.021484375 0.03515625
0 0.263671875 0.390625 0.03857421875 0.03173828125
0 0.3505859375 0.056640625 0.05517578125 0.07666015625
0 0.41162109375 0.05322265625 0.0673828125 0.07666015625
0 0.4677734375 0.05322265625 0.052734375 0.08349609375
0 0.53173828125 0.0576171875 0.06982421875 0.0751953125
0 0.5908203125 0.0556640625 0.0537109375 0.078125
0 0.64111328125 0.0556640625 0.05126953125 0.0751953125
0 0.6875 0.0537109375 0.044921875 0.08203125
0 0.43310546875 0.1689453125 0.072265625 0.0849609375
0 0.49365234375 0.17138671875 0.05126953125 0.07666015625
0 0.54931640625 0.1767578125 0.06494140625 0.06689453125
0 0.6259765625 0.1708984375 0.0888671875 0.08154296875
0 0.3623046875 0.2841796875 0.0712890625 0.078125
0 0.43359375 0.283203125 0.07373046875 0.08984375
0 0.49853515625 0.29345703125 0.06396484375 0.09326171875
0 0.55712890625 0.28759765625 0.05615234375 0.091796875
0 0.61669921875 0.283203125 0.0625 0.08349609375
0 0.2841796875 0.7021484375 0.29638671875 0.13818359375
0 0.1259765625 0.9013671875 0.18359375 0.197265625
0 0.84619140625 0.74560546875 0.03759765625 0.02685546875
0 0.8583984375 0.76953125 0.05615234375 0.02490234375
0 0.90625 0.7578125 0.04736328125 0.0517578125
0 0.95361328125 0.7470703125 0.01513671875 0.0166015625
0 0.970703125 0.7470703125 0.01611328125 0.0166015625
0 0.9892578125 0.74560546875 0.021484375 0.0185546875
0 0.98046875 0.7705078125 0.0390625 0.03515625
0 0.72216796875 0.51806640625 0.0244140625 0.0302734375
0 0.75439453125 0.51708984375 0.03857421875 0.02001953125
0 0.724609375 0.56005859375 0.029296875 0.0361328125
0 0.77685546875 0.56201171875 0.06640625 0.033203125
0 0.83447265625 0.564453125 0.0439453125 0.03173828125
0 0.72509765625 0.60546875 0.0302734375 0.033203125
0 0.77001953125 0.60302734375 0.05517578125 0.03173828125