0 0.09326171875 0.75 0.1865234375 0.087890625
0 0.24462890625 0.75634765625 0.0888671875 0.0986328125
0 0.212890625 0.85693359375 0.1083984375 0.02001953125
0 0.4404296875 0.53076171875 0.1640625 0.0615234375
0 0.6796875 0.53076171875 0.248046875 0.0615234375
0 0.9130859375 0.53173828125 0.173828125 0.0634765625
0 0.29931640625 0.5830078125 0.0205078125 0.0234375
0 0.34228515625 0.58203125 0.06103515625 0.02685546875
0 0.39697265625 0.58203125 0.048828125 0.02978515625
0 0.44384765625 0.57666015625 0.03759765625 0.02978515625
0 0.49658203125 0.57763671875 0.0625 0.03173828125
0 0.54150390625 0.57861328125 0.02734375 0.02685546875
0 0.5712890625 0.576171875 0.02734375 0.02490234375
0 0.60498046875 0.57373046875 0.0400390625 0.02685546875
0 0.650390625 0.576171875 0.04248046875 0.02490234375
0 0.70654296875 0.576171875 0.02978515625 0.02490234375
0 0.7822265625 0.57763671875 0.11865234375 0.0283203125
0 0.90087890625 0.57666015625 0.1162109375 0.0234375
0 0.9794921875 0.578125 0.041015625 0.0234375
0 0.51513671875 0.625 0.05517578125 0.03662109375
0 0.59326171875 0.625 0.09130859375 0.04345703125
0 0.533203125 0.68603515625 0.0986328125 0.0849609375
0 0.61474609375 0.68505859375 0.05859375 0.07666015625
0 0.49560546875 0.7958984375 0.0439453125 0.13818359375
0 0.55029296875 0.79931640625 0.06005859375 0.134765625
0 0.615234375 0.796875 0.06494140625 0.13671875
0 0.49267578125 0.89453125 0.02978515625 0.03515625
0 0.52880859375 0.89111328125 0.0400390625 0.04150390625
0 0.57763671875 0.89111328125 0.052734375 0.044921875
0 0.62451171875 0.8935546875 0.0361328125 0.03662109375