0 0.09716796875 0.423828125 0.1943359375 0.095703125
0 0.26025390625 0.470703125 0.0185546875 0.017578125
0 0.28369140625 0.470703125 0.0166015625 0.017578125
0 0.40673828125 0.4296875 0.1455078125 0.099609375
0 0.50537109375 0.42431640625 0.0478515625 0.1103515625
0 0.62939453125 0.27294921875 0.06640625 0.03662109375
0 0.732421875 0.26953125 0.1298828125 0.046875
0 0.8427734375 0.26611328125 0.07763671875 0.0498046875
0 0.93017578125 0.2626953125 0.08740234375 0.046875
0 0.98974609375 0.2568359375 0.0205078125 0.044921875
0 0.7529296875 0.34375 0.38134765625 0.11181640625
0 0.09130859375 0.521484375 0.1826171875 0.0546875
0 0.29248046875 0.517578125 0.17724609375 0.0546875
0 0.02587890625 0.5654296875 0.0390625 0.025390625
0 0.06982421875 0.5693359375 0.0390625 0.029296875
0 0.13134765625 0.5634765625 0.078125 0.025390625
0 0.2119140625 0.56640625 0.08349609375 0.02734375
0 0.27978515625 0.56640625 0.046875 0.0234375
0 0.32763671875 0.564453125 0.0546875 0.0234375
0 0.0244140625 0.7578125 0.04150390625 0.0234375
0 0.06103515625 0.7509765625 0.03662109375 0.021484375
0 0.09228515625 0.7529296875 0.02587890625 0.021484375
0 0.27197265625 0.75 0.05712890625 0.01953125
0 0.53466796875 0.4892578125 0.0107421875 0.01953125