0 0.1875 0.45849609375 0.09765625 0.0625
0 0.181640625 0.578125 0.1796875 0.046875
0 0.181640625 0.609375 0.0390625 0.02099609375
0 0.1357421875 0.63525390625 0.083984375 0.03125
0 0.232421875 0.6328125 0.0703125 0.03125
0 0.388671875 0.390625 0.05859375 0.03662109375
0 0.435546875 0.39599609375 0.0390625 0.046875
0 0.494140625 0.38818359375 0.0859375 0.04150390625
0 0.552734375 0.38916015625 0.03125 0.03369140625
0 0.6171875 0.38818359375 0.09765625 0.04150390625
0 0.6923828125 0.38916015625 0.052734375 0.0390625
0 0.7607421875 0.38671875 0.080078125 0.04443359375
0 0.3759765625 0.44921875 0.056640625 0.0390625
0 0.4267578125 0.45068359375 0.044921875 0.04150390625
0 0.4697265625 0.44677734375 0.052734375 0.03369140625
0 0.51953125 0.44921875 0.046875 0.0390625
0 0.56640625 0.44921875 0.046875 0.0390625
0 0.60546875 0.44677734375 0.03125 0.03369140625
0 0.640625 0.44677734375 0.03515625 0.0390625
0 0.6806640625 0.44775390625 0.044921875 0.04150390625
0 0.7275390625 0.44921875 0.044921875 0.0390625
0 0.7861328125 0.44775390625 0.064453125 0.03662109375
0 0.447265625 0.49365234375 0.08203125 0.04931640625
0 0.505859375 0.48828125 0.04296875 0.0390625
0 0.55078125 0.4921875 0.05078125 0.046875
0 0.6005859375 0.48583984375 0.048828125 0.0390625
0 0.658203125 0.48681640625 0.0703125 0.03662109375
0 0.7275390625 0.48681640625 0.072265625 0.03662109375
0 0.5615234375 0.52587890625 0.052734375 0.03125
0 0.611328125 0.52490234375 0.05078125 0.0390625
0 0.412109375 0.61328125 0.0625 0.04931640625
0 0.474609375 0.61181640625 0.0625 0.03662109375
0 0.537109375 0.61181640625 0.05859375 0.04150390625
0 0.5908203125 0.60693359375 0.048828125 0.03125
0 0.650390625 0.61181640625 0.07421875 0.04150390625
0 0.7021484375 0.61083984375 0.037109375 0.04443359375
0 0.755859375 0.60791015625 0.07421875 0.04443359375
0 0.486328125 0.65478515625 0.04296875 0.04931640625
0 0.5244140625 0.65625 0.037109375 0.046875
0 0.564453125 0.65234375 0.04296875 0.03369140625
0 0.607421875 0.65478515625 0.05078125 0.04443359375