0 0.0517578125 0.02099609375 0.0087890625 0.00537109375
0 0.060546875 0.0205078125 0.00927734375 0.00439453125
0 0.05126953125 0.0244140625 0.009765625 0.0048828125
0 0.06005859375 0.02490234375 0.0078125 0.005859375
0 0.1357421875 0.251953125 0.01123046875 0.0146484375
0 0.052734375 0.3173828125 0.0478515625 0.0126953125
0 0.25048828125 0.09326171875 0.04248046875 0.02001953125
0 0.2861328125 0.09130859375 0.02734375 0.0224609375
0 0.2783203125 0.1455078125 0.0166015625 0.00927734375
0 0.2939453125 0.14794921875 0.01171875 0.0087890625
0 0.27978515625 0.158203125 0.02001953125 0.01220703125
0 0.29443359375 0.158203125 0.0107421875 0.009765625
0 0.28173828125 0.16943359375 0.015625 0.009765625
0 0.24267578125 0.29443359375 0.017578125 0.01318359375
0 0.25390625 0.2939453125 0.0078125 0.01611328125
0 0.26220703125 0.29736328125 0.009765625 0.0146484375
0 0.24853515625 0.35498046875 0.013671875 0.0078125
0 0.25634765625 0.37646484375 0.005859375 0.00927734375
0 0.259765625 0.375 0.005859375 0.00634765625
0 0.47265625 0.0166015625 0.0283203125 0.02099609375
0 0.51416015625 0.01904296875 0.03955078125 0.02099609375
0 0.56884765625 0.01953125 0.0537109375 0.02685546875
0 0.65869140625 0.01904296875 0.08203125 0.02099609375
0 0.72900390625 0.02001953125 0.04736328125 0.01904296875
0 0.7685546875 0.0185546875 0.025390625 0.02392578125
0 0.79931640625 0.02001953125 0.02685546875 0.02392578125
0 0.8349609375 0.02099609375 0.0341796875 0.029296875
0 0.60693359375 0.044921875 0.05126953125 0.02587890625
0 0.66064453125 0.0419921875 0.04736328125 0.021484375
0 0.716796875 0.044921875 0.0517578125 0.02099609375
0 0.53515625 0.11865234375 0.15771484375 0.09521484375
0 0.689453125 0.109375 0.10107421875 0.10498046875
0 0.82763671875 0.1064453125 0.13232421875 0.1064453125
0 0.9580078125 0.111328125 0.083984375 0.109375
0 0.64111328125 0.193359375 0.18505859375 0.03564453125
0 0.8291015625 0.1953125 0.154296875 0.03173828125
0 0.96240234375 0.1943359375 0.0751953125 0.029296875
0 0.47900390625 0.23779296875 0.025390625 0.03173828125
0 0.52392578125 0.23681640625 0.0556640625 0.02392578125
0 0.57275390625 0.23779296875 0.03515625 0.02685546875
0 0.603515625 0.240234375 0.01953125 0.021484375
0 0.630859375 0.23828125 0.0263671875 0.029296875
0 0.66552734375 0.23876953125 0.03271484375 0.02490234375
0 0.70849609375 0.240234375 0.04296875 0.0224609375
0 0.7548828125 0.2431640625 0.048828125 0.02685546875
0 0.80517578125 0.2431640625 0.0419921875 0.02685546875
0 0.84521484375 0.240234375 0.02734375 0.03076171875
0 0.88232421875 0.23974609375 0.03759765625 0.02685546875
0 0.92529296875 0.23876953125 0.03955078125 0.0234375
0 0.96923828125 0.240234375 0.04296875 0.021484375
0 0.4677734375 0.33984375 0.05615234375 0.04248046875
0 0.52099609375 0.3369140625 0.03955078125 0.05078125
0 0.57080078125 0.3359375 0.05078125 0.052734375
0 0.6181640625 0.33935546875 0.03857421875 0.0556640625
0 0.6552734375 0.33837890625 0.02880859375 0.052734375
0 0.6884765625 0.34130859375 0.03076171875 0.06005859375
0 0.44384765625 0.42626953125 0.1884765625 0.0458984375
0 0.5810546875 0.42626953125 0.04296875 0.0458984375
0 0.6669921875 0.40771484375 0.083984375 0.0830078125
0 0.22900390625 0.68994140625 0.1416015625 0.0537109375
0 0.18701171875 0.5009765625 0.2255859375 0.103515625
0 0.58154296875 0.5693359375 0.033203125 0.05126953125
0 0.6123046875 0.568359375 0.0283203125 0.048828125
0 0.642578125 0.57373046875 0.0341796875 0.04296875
0 0.68896484375 0.5693359375 0.05615234375 0.05126953125
0 0.7421875 0.56689453125 0.0498046875 0.048828125
0 0.7802734375 0.57080078125 0.0283203125 0.05126953125
0 0.8203125 0.5693359375 0.0498046875 0.05126953125
0 0.85693359375 0.56396484375 0.02197265625 0.05126953125
0 0.8955078125 0.56689453125 0.05126953125 0.0400390625
0 0.9443359375 0.55908203125 0.02490234375 0.052734375
0 0.97802734375 0.56494140625 0.0439453125 0.0595703125
0 0.5712890625 0.6298828125 0.03955078125 0.04736328125
0 0.61279296875 0.62841796875 0.0458984375 0.04443359375
0 0.6484375 0.63134765625 0.029296875 0.052734375
0 0.68359375 0.6279296875 0.04150390625 0.05126953125
0 0.71826171875 0.6298828125 0.029296875 0.0556640625
0 0.75341796875 0.626953125 0.04150390625 0.0498046875
0 0.7890625 0.625 0.03564453125 0.04296875
0 0.82373046875 0.6298828125 0.0341796875 0.0556640625
0 0.86376953125 0.62646484375 0.04150390625 0.0458984375
0 0.93212890625 0.626953125 0.0927734375 0.04443359375
0 0.67431640625 0.673828125 0.033203125 0.0234375
0 0.71240234375 0.67578125 0.04052734375 0.02783203125
0 0.7509765625 0.67724609375 0.03662109375 0.03076171875
0 0.78125 0.673828125 0.02001953125 0.0263671875
0 0.79931640625 0.67431640625 0.0166015625 0.02490234375
0 0.8291015625 0.67626953125 0.044921875 0.029296875
0 0.86181640625 0.6728515625 0.0185546875 0.02490234375
0 0.88916015625 0.67626953125 0.03564453125 0.0263671875
0 0.9267578125 0.67529296875 0.03857421875 0.0263671875