0 0.1484375 0.03369140625 0.296875 0.0673828125
0 0.38623046875 0.04833984375 0.14208984375 0.0654296875
0 0.5546875 0.0732421875 0.1533203125 0.0703125
0 0.0146484375 0.08203125 0.029296875 0.048828125
0 0.05712890625 0.09228515625 0.0478515625 0.048828125
0 0.08349609375 0.095703125 0.0146484375 0.05224609375
0 0.11376953125 0.09716796875 0.05517578125 0.0556640625
0 0.17822265625 0.0986328125 0.076171875 0.06201171875
0 0.2470703125 0.10302734375 0.052734375 0.05078125
0 0.31591796875 0.10791015625 0.08203125 0.06396484375
0 0.39599609375 0.12158203125 0.04150390625 0.0556640625
0 0.4697265625 0.12890625 0.0712890625 0.0537109375
0 0.63916015625 0.15625 0.0205078125 0.046875
0 0.68798828125 0.0126953125 0.0771484375 0.025390625
0 0.79833984375 0.01611328125 0.1181640625 0.0322265625
0 0.91455078125 0.02001953125 0.0810546875 0.0400390625
0 0.9150390625 0.08154296875 0.0810546875 0.05517578125
0 0.7021484375 0.0654296875 0.0673828125 0.06689453125
0 0.6962890625 0.13330078125 0.06640625 0.03857421875
0 0.7734375 0.14208984375 0.072265625 0.033203125
0 0.87451171875 0.1455078125 0.04736328125 0.02978515625
0 0.9521484375 0.15185546875 0.095703125 0.0361328125
0 0.82373046875 0.373046875 0.0712890625 0.08154296875
0 0.40087890625 0.60302734375 0.11962890625 0.08642578125
0 0.5654296875 0.6220703125 0.16796875 0.087890625
0 0.12158203125 0.685546875 0.04150390625 0.0185546875
0 0.1591796875 0.68896484375 0.03076171875 0.0166015625
0 0.19189453125 0.6904296875 0.0263671875 0.015625
0 0.2255859375 0.69091796875 0.0390625 0.02099609375
0 0.27099609375 0.69384765625 0.03466796875 0.02099609375
0 0.3271484375 0.697265625 0.072265625 0.02294921875
0 0.39453125 0.7021484375 0.03759765625 0.02294921875
0 0.4423828125 0.70703125 0.0498046875 0.02001953125
0 0.4931640625 0.71240234375 0.0234375 0.015625
0 0.67578125 0.65576171875 0.0283203125 0.02587890625
0 0.72265625 0.65478515625 0.05908203125 0.0283203125
0 0.7724609375 0.6474609375 0.03125 0.0322265625
0 0.8076171875 0.646484375 0.0380859375 0.03369140625
0 0.65380859375 0.92138671875 0.0087890625 0.0126953125
0 0.67431640625 0.921875 0.03076171875 0.01171875
0 0.69873046875 0.921875 0.0166015625 0.01318359375
0 0.66064453125 0.93408203125 0.0224609375 0.0126953125
0 0.6787109375 0.93505859375 0.0107421875 0.009765625
0 0.6962890625 0.935546875 0.0234375 0.01171875
0 0.65869140625 0.94873046875 0.0185546875 0.0126953125
0 0.67822265625 0.947265625 0.015625 0.01220703125
0 0.6923828125 0.947265625 0.01123046875 0.01220703125
0 0.712890625 0.94580078125 0.029296875 0.01611328125
0 0.65087890625 0.95751953125 0.0029296875 0.0048828125
0 0.65478515625 0.95751953125 0.005859375 0.00537109375
0 0.66064453125 0.95703125 0.00537109375 0.0048828125
0 0.6650390625 0.95751953125 0.00634765625 0.005859375
0 0.67041015625 0.95751953125 0.0068359375 0.00537109375
0 0.67626953125 0.95751953125 0.00439453125 0.00439453125
0 0.68017578125 0.95703125 0.00439453125 0.0048828125
0 0.685546875 0.95703125 0.0068359375 0.00537109375
0 0.693359375 0.95751953125 0.009765625 0.00537109375
0 0.7021484375 0.95751953125 0.00732421875 0.005859375