0 0.38330078125 0.166015625 0.17919921875 0.16259765625
0 0.62158203125 0.13818359375 0.236328125 0.16796875
0 0.32568359375 0.29736328125 0.14892578125 0.09716796875
0 0.46337890625 0.31103515625 0.10009765625 0.0751953125
0 0.5927734375 0.3203125 0.10205078125 0.06787109375
0 0.720703125 0.31689453125 0.10009765625 0.06689453125
0 0.33154296875 0.4150390625 0.142578125 0.08349609375
0 0.4560546875 0.41796875 0.08349609375 0.08349609375
0 0.712890625 0.43212890625 0.0966796875 0.06689453125
0 0.31884765625 0.52490234375 0.08740234375 0.06103515625
0 0.3974609375 0.52685546875 0.0595703125 0.0654296875
0 0.47119140625 0.52099609375 0.080078125 0.052734375
0 0.5478515625 0.52099609375 0.060546875 0.04736328125
0 0.62646484375 0.5234375 0.08642578125 0.0556640625
0 0.71240234375 0.52685546875 0.0751953125 0.0625
0 0.37158203125 0.59423828125 0.0595703125 0.0498046875
0 0.43896484375 0.59423828125 0.0634765625 0.04736328125
0 0.49853515625 0.59423828125 0.048828125 0.06103515625
0 0.5458984375 0.59375 0.03955078125 0.048828125
0 0.59130859375 0.591796875 0.04248046875 0.0498046875
0 0.64794921875 0.5908203125 0.0625 0.048828125
0 0.0341796875 0.3818359375 0.0625 0.0361328125
0 0.0888671875 0.38134765625 0.0341796875 0.03173828125
0 0.02587890625 0.4228515625 0.0498046875 0.02099609375
0 0.06982421875 0.4228515625 0.03759765625 0.02099609375
0 0.0986328125 0.4228515625 0.017578125 0.01806640625
0 0.044921875 0.0185546875 0.02099609375 0.0234375
0 0.1259765625 0.01953125 0.0185546875 0.0224609375
0 0.20458984375 0.0224609375 0.01123046875 0.0224609375
0 0.0126953125 0.08935546875 0.01025390625 0.02099609375
0 0.0888671875 0.08837890625 0.02001953125 0.0234375
0 0.1708984375 0.0888671875 0.0185546875 0.01953125
0 0.05517578125 0.15625 0.0166015625 0.01806640625
0 0.13427734375 0.16064453125 0.0185546875 0.02099609375
0 0.21435546875 0.16064453125 0.0185546875 0.02099609375
0 0.17822265625 0.22900390625 0.0185546875 0.01953125