0 0.1552734375 0.0947265625 0.310546875 0.189453125
0 0.052734375 0.2568359375 0.10546875 0.111328125
0 0.212890625 0.25390625 0.12255859375 0.09912109375
0 0.32958984375 0.2470703125 0.0595703125 0.115234375
0 0.2509765625 0.3583984375 0.216796875 0.1015625
0 0.72900390625 0.02978515625 0.0673828125 0.0595703125
0 0.81689453125 0.02978515625 0.1083984375 0.0595703125
0 0.89501953125 0.0361328125 0.0400390625 0.072265625
0 0.72412109375 0.08251953125 0.02587890625 0.05126953125
0 0.771484375 0.08740234375 0.06787109375 0.0478515625
0 0.8515625 0.09619140625 0.09619140625 0.0478515625
0 0.7421875 0.130859375 0.05810546875 0.044921875
0 0.79345703125 0.13671875 0.0439453125 0.05126953125
0 0.84912109375 0.142578125 0.06787109375 0.044921875
0 0.744140625 0.1787109375 0.06201171875 0.05126953125
0 0.80517578125 0.18017578125 0.06396484375 0.0478515625
0 0.32275390625 0.6455078125 0.0732421875 0.123046875
0 0.341796875 0.74658203125 0.03515625 0.0576171875
0 0.30029296875 0.80419921875 0.02880859375 0.0478515625
0 0.3232421875 0.81103515625 0.02294921875 0.03857421875
0 0.3466796875 0.802734375 0.025390625 0.05078125
0 0.58056640625 0.69287109375 0.14990234375 0.08642578125
0 0.7841796875 0.66796875 0.22021484375 0.10009765625
0 0.955078125 0.64892578125 0.08984375 0.0751953125
0 0.57421875 0.8212890625 0.33251953125 0.17333984375
0 0.8828125 0.75927734375 0.234375 0.1865234375
0 0.40283203125 0.95068359375 0.0869140625 0.0771484375
0 0.4921875 0.9384765625 0.09619140625 0.07177734375
0 0.5869140625 0.93115234375 0.080078125 0.06689453125
0 0.69091796875 0.91943359375 0.09375 0.08984375
0 0.78857421875 0.92041015625 0.09130859375 0.068359375
0 0.8935546875 0.9052734375 0.083984375 0.09814453125
0 0.97119140625 0.89990234375 0.0576171875 0.0810546875
0 0.408203125 0.9931640625 0.09375 0.013671875
0 0.51806640625 0.9873046875 0.1162109375 0.025390625
0 0.62939453125 0.986328125 0.0888671875 0.02734375
0 0.72314453125 0.98291015625 0.0810546875 0.0341796875
0 0.8056640625 0.98291015625 0.06640625 0.0341796875
0 0.88671875 0.97705078125 0.0859375 0.0458984375
0 0.96875 0.9697265625 0.0625 0.060546875