0 0.13037109375 0.26806640625 0.02978515625 0.02001953125
0 0.15771484375 0.27001953125 0.02490234375 0.021484375
0 0.13134765625 0.28564453125 0.02392578125 0.02001953125
0 0.15380859375 0.28857421875 0.0234375 0.021484375
0 0.3720703125 0.0078125 0.046875 0.015625
0 0.44091796875 0.07373046875 0.02099609375 0.021484375
0 0.44189453125 0.08349609375 0.021484375 0.021484375
0 0.36962890625 0.1357421875 0.03662109375 0.0224609375
0 0.3984375 0.1376953125 0.021484375 0.02392578125
0 0.3671875 0.1630859375 0.07080078125 0.03515625
0 0.4287109375 0.16455078125 0.05322265625 0.03515625
0 0.373046875 0.20166015625 0.04931640625 0.04248046875
0 0.41796875 0.20263671875 0.04833984375 0.0439453125
0 0.779296875 0.11474609375 0.03857421875 0.03564453125
0 0.8115234375 0.11474609375 0.0224609375 0.02880859375
0 0.83251953125 0.11474609375 0.01904296875 0.0244140625
0 0.8583984375 0.11083984375 0.02978515625 0.0361328125
0 0.884765625 0.11083984375 0.02294921875 0.03271484375
0 0.91162109375 0.109375 0.02880859375 0.03955078125
0 0.94384765625 0.11376953125 0.033203125 0.0419921875
0 0.97802734375 0.111328125 0.03369140625 0.03515625
0 0.876953125 0.15185546875 0.07421875 0.03515625
0 0.79931640625 0.32373046875 0.0302734375 0.0107421875
0 0.763671875 0.3603515625 0.00537109375 0.0068359375
0 0.78125 0.36083984375 0.025390625 0.02294921875
0 0.8017578125 0.36181640625 0.0146484375 0.0224609375
0 0.8173828125 0.3603515625 0.013671875 0.02099609375
0 0.84130859375 0.359375 0.0302734375 0.0224609375
0 0.865234375 0.36083984375 0.01416015625 0.01904296875
0 0.8857421875 0.3583984375 0.02099609375 0.02490234375
0 0.763671875 0.38818359375 0.00537109375 0.005859375
0 0.78271484375 0.38671875 0.02880859375 0.02197265625
0 0.80712890625 0.38916015625 0.0166015625 0.02294921875
0 0.826171875 0.3857421875 0.02197265625 0.02392578125
0 0.8466796875 0.38671875 0.01513671875 0.0224609375
0 0.8701171875 0.3876953125 0.02880859375 0.02197265625
0 0.8984375 0.38720703125 0.0234375 0.0224609375
0 0.763671875 0.41650390625 0.00537109375 0.00634765625
0 0.7734375 0.416015625 0.01171875 0.01904296875
0 0.8017578125 0.4130859375 0.04052734375 0.0263671875
0 0.83447265625 0.4140625 0.01953125 0.02490234375
0 0.8564453125 0.41650390625 0.0205078125 0.02587890625
0 0.880859375 0.41552734375 0.0234375 0.021484375
0 0.90625 0.41552734375 0.0234375 0.0244140625
0 0.935546875 0.41650390625 0.029296875 0.02294921875
0 0.97216796875 0.41748046875 0.03955078125 0.02783203125
0 0.763671875 0.44482421875 0.00537109375 0.0068359375
0 0.77880859375 0.4423828125 0.02197265625 0.01953125
0 0.80419921875 0.44189453125 0.0263671875 0.02294921875
0 0.82666015625 0.443359375 0.0146484375 0.017578125
0 0.85009765625 0.44287109375 0.02978515625 0.0224609375
0 0.8740234375 0.44287109375 0.01513671875 0.02197265625
0 0.88623046875 0.44482421875 0.0078125 0.017578125
0 0.90283203125 0.4423828125 0.021484375 0.0244140625
0 0.91748046875 0.44677734375 0.00537109375 0.00537109375
0 0.92919921875 0.4453125 0.01318359375 0.02001953125
0 0.9482421875 0.44384765625 0.021484375 0.02294921875
0 0.763671875 0.47216796875 0.00537109375 0.00537109375
0 0.77880859375 0.47021484375 0.02099609375 0.02001953125
0 0.80419921875 0.4697265625 0.025390625 0.021484375
0 0.82568359375 0.4716796875 0.0146484375 0.01904296875
0 0.84619140625 0.46923828125 0.021484375 0.02392578125
0 0.8662109375 0.47021484375 0.0146484375 0.02294921875
0 0.88037109375 0.47265625 0.0146484375 0.0185546875
0 0.900390625 0.47021484375 0.02001953125 0.02392578125
0 0.9150390625 0.47412109375 0.005859375 0.005859375
0 0.9296875 0.4736328125 0.02099609375 0.02099609375
0 0.9521484375 0.4716796875 0.021484375 0.025390625
0 0.78369140625 0.50537109375 0.0400390625 0.0283203125
0 0.28466796875 0.615234375 0.5693359375 0.19140625
0 0.01904296875 0.7197265625 0.0380859375 0.033203125
0 0.06103515625 0.71826171875 0.044921875 0.02978515625
0 0.3759765625 0.71728515625 0.0400390625 0.0283203125
0 0.46875 0.71630859375 0.146484375 0.02978515625
0 0.55419921875 0.71484375 0.0302734375 0.033203125
0 0.26025390625 0.80322265625 0.048828125 0.07666015625
0 0.2529296875 0.89892578125 0.03857421875 0.07177734375
0 0.2451171875 0.97998046875 0.02734375 0.0400390625
0 0.0224609375 0.8466796875 0.044921875 0.09765625
0 0.85302734375 0.53662109375 0.0927734375 0.0341796875
0 0.953125 0.53173828125 0.09375 0.0244140625
0 0.85595703125 0.619140625 0.16748046875 0.0712890625
0 0.97412109375 0.61767578125 0.0517578125 0.0654296875
0 0.84228515625 0.6943359375 0.3154296875 0.083984375
0 0.79248046875 0.74951171875 0.06591796875 0.0283203125
0 0.833984375 0.748046875 0.0224609375 0.01806640625
0 0.8798828125 0.74267578125 0.0703125 0.0283203125
0 0.95166015625 0.73974609375 0.0771484375 0.02490234375
0 0.712890625 0.81298828125 0.0703125 0.02978515625
0 0.765625 0.80810546875 0.0400390625 0.0234375
0 0.8076171875 0.8056640625 0.04443359375 0.0283203125
0 0.85595703125 0.80126953125 0.048828125 0.0234375
0 0.78564453125 0.84228515625 0.2158203125 0.0595703125
0 0.57861328125 0.83349609375 0.0185546875 0.0478515625
0 0.5986328125 0.85400390625 0.04443359375 0.04296875