0 0.10498046875 0.11865234375 0.2099609375 0.2373046875
0 0.1220703125 0.29296875 0.17431640625 0.08154296875
0 0.115234375 0.40478515625 0.1708984375 0.126953125
0 0.04345703125 0.4912109375 0.0869140625 0.037109375
0 0.1279296875 0.48486328125 0.07275390625 0.03369140625
0 0.578125 0.0810546875 0.0166015625 0.009765625
0 0.775390625 0.2275390625 0.130859375 0.16015625
0 0.90185546875 0.2529296875 0.1376953125 0.146484375
0 0.85498046875 0.43701171875 0.2900390625 0.1455078125
0 0.416015625 0.55419921875 0.185546875 0.0888671875
0 0.54638671875 0.5517578125 0.0556640625 0.083984375
0 0.6123046875 0.55908203125 0.0703125 0.0986328125
0 0.68017578125 0.55615234375 0.0595703125 0.0927734375
0 0.41015625 0.646484375 0.1513671875 0.10107421875
0 0.55517578125 0.6513671875 0.125 0.09619140625
0 0.65234375 0.67138671875 0.0693359375 0.130859375
0 0.76123046875 0.6923828125 0.1025390625 0.1875
0 0.8994140625 0.63330078125 0.201171875 0.2470703125