0 0.4833984375 0.2880859375 0.1298828125 0.05419921875
0 0.5625 0.28759765625 0.0302734375 0.04150390625
0 0.34033203125 0.4921875 0.38916015625 0.3154296875
0 0.65576171875 0.4443359375 0.2998046875 0.26953125
0 0.337890625 0.66064453125 0.11474609375 0.05419921875
0 0.41748046875 0.64990234375 0.0400390625 0.0498046875
0 0.4765625 0.64990234375 0.04541015625 0.0498046875
0 0.5419921875 0.6484375 0.08740234375 0.04736328125
0 0.62890625 0.65087890625 0.08837890625 0.0595703125
0 0.69677734375 0.64453125 0.04736328125 0.0556640625
0 0.32373046875 0.72314453125 0.05615234375 0.048828125
0 0.388671875 0.72021484375 0.0654296875 0.0458984375
0 0.46484375 0.72021484375 0.08837890625 0.0654296875
0 0.541015625 0.71337890625 0.060546875 0.0595703125
0 0.59765625 0.7216796875 0.0625 0.05419921875
0 0.66796875 0.71923828125 0.08056640625 0.05810546875