0 0.224609375 0.064453125 0.10986328125 0.078125
0 0.1884765625 0.1923828125 0.03125 0.0498046875
0 0.21875 0.1708984375 0.04248046875 0.07080078125
0 0.25341796875 0.1494140625 0.0361328125 0.06396484375
0 0.2431640625 0.33056640625 0.134765625 0.09912109375
0 0.359375 0.33056640625 0.083984375 0.1064453125
0 0.44140625 0.3125 0.0673828125 0.0849609375
0 0.5224609375 0.28955078125 0.08544921875 0.10986328125
0 0.28271484375 0.43701171875 0.10498046875 0.0849609375
0 0.353515625 0.42626953125 0.03271484375 0.07080078125
0 0.39208984375 0.42626953125 0.03466796875 0.078125
0 0.45458984375 0.42626953125 0.08056640625 0.0849609375
0 0.6943359375 0.25 0.03125 0.16015625
0 0.853515625 0.15185546875 0.0751953125 0.07421875
0 0.779296875 0.34375 0.060546875 0.068359375
0 0.87548828125 0.33251953125 0.11474609375 0.1005859375
0 0.97216796875 0.33984375 0.0556640625 0.087890625
0 0.38330078125 0.6865234375 0.21337890625 0.1865234375
0 0.919921875 0.556640625 0.0234375 0.02197265625
0 0.96142578125 0.552734375 0.0595703125 0.02587890625
0 0.9501953125 0.5986328125 0.07373046875 0.048828125
0 0.869140625 0.65087890625 0.11669921875 0.05419921875
0 0.96728515625 0.64208984375 0.0654296875 0.0751953125
0 0.90087890625 0.73291015625 0.1982421875 0.1630859375