0 0.19091796875 0.009765625 0.3212890625 0.01953125
0 0.13818359375 0.03271484375 0.06591796875 0.0283203125
0 0.1796875 0.03125 0.0224609375 0.01806640625
0 0.2255859375 0.02587890625 0.0703125 0.0283203125
0 0.29736328125 0.02294921875 0.0771484375 0.02490234375
0 0.36328125 0.01708984375 0.05078125 0.02685546875
0 0.42822265625 0.013671875 0.07958984375 0.0263671875
0 0.05859375 0.09619140625 0.0703125 0.02978515625
0 0.111328125 0.09130859375 0.0400390625 0.0234375
0 0.1533203125 0.0888671875 0.04443359375 0.0283203125
0 0.20166015625 0.08447265625 0.048828125 0.0234375
0 0.13134765625 0.12548828125 0.2158203125 0.0595703125
0 0.47314453125 0.056640625 0.06396484375 0.02685546875
0 0.54443359375 0.0498046875 0.0791015625 0.02685546875
0 0.59814453125 0.044921875 0.02490234375 0.0234375
0 0.6220703125 0.04541015625 0.015625 0.0185546875
0 0.88134765625 0.05078125 0.14453125 0.0458984375
0 0.978515625 0.048828125 0.04296875 0.0546875
0 0.27880859375 0.41943359375 0.1279296875 0.0400390625
0 0.4150390625 0.419921875 0.130859375 0.041015625
0 0.56103515625 0.42138671875 0.1376953125 0.0439453125
0 0.46630859375 0.46875 0.04150390625 0.02490234375
0 0.51318359375 0.47265625 0.05419921875 0.03076171875
0 0.55859375 0.4716796875 0.03662109375 0.033203125
0 0.60107421875 0.47021484375 0.02197265625 0.02490234375
0 0.62060546875 0.4716796875 0.0185546875 0.029296875
0 0.0595703125 0.60986328125 0.0302734375 0.0400390625
0 0.07373046875 0.5888671875 0.02099609375 0.03173828125
0 0.08984375 0.57275390625 0.0283203125 0.0390625
0 0.10986328125 0.54931640625 0.029296875 0.0390625
0 0.14501953125 0.55419921875 0.03662109375 0.05126953125
0 0.17236328125 0.59912109375 0.04150390625 0.06103515625
0 0.23388671875 0.552734375 0.02294921875 0.03466796875
0 0.25439453125 0.521484375 0.015625 0.01953125
0 0.29541015625 0.521484375 0.03759765625 0.04736328125
0 0.32373046875 0.56396484375 0.0458984375 0.05126953125
0 0.3994140625 0.54443359375 0.0146484375 0.01806640625
0 0.45556640625 0.525390625 0.0341796875 0.04443359375
0 0.48583984375 0.56884765625 0.04150390625 0.05810546875
0 0.5634765625 0.51025390625 0.013671875 0.01953125
0 0.599609375 0.50634765625 0.03125 0.04150390625
0 0.61865234375 0.53369140625 0.0224609375 0.0283203125
0 0.75390625 0.55029296875 0.14208984375 0.11376953125
0 0.87353515625 0.5400390625 0.08984375 0.12255859375
0 0.9599609375 0.5380859375 0.080078125 0.119140625
0 0.77783203125 0.6611328125 0.25390625 0.07861328125