0 0.3720703125 0.0634765625 0.255859375 0.126953125
0 0.15966796875 0.22314453125 0.060546875 0.06396484375
0 0.2197265625 0.22314453125 0.05859375 0.06396484375
0 0.302734375 0.21142578125 0.10400390625 0.06396484375
0 0.38330078125 0.20849609375 0.048828125 0.0810546875
0 0.42138671875 0.2158203125 0.03125 0.05517578125
0 0.4697265625 0.2099609375 0.060546875 0.05517578125
0 0.158203125 0.30126953125 0.0703125 0.0361328125
0 0.29443359375 0.2958984375 0.2060546875 0.046875
0 0.45361328125 0.2900390625 0.0927734375 0.05859375
0 0.2451171875 0.48193359375 0.2021484375 0.14306640625
0 0.18212890625 0.65576171875 0.06396484375 0.1142578125
0 0.62109375 0.65966796875 0.10693359375 0.05322265625
0 0.73388671875 0.66552734375 0.111328125 0.06005859375
0 0.82373046875 0.68017578125 0.06689453125 0.04931640625
0 0.88916015625 0.681640625 0.06494140625 0.06103515625
0 0.95166015625 0.68115234375 0.068359375 0.0556640625
0 0.99267578125 0.69189453125 0.0146484375 0.0478515625
0 0.603515625 0.72900390625 0.10498046875 0.04833984375
0 0.73486328125 0.732421875 0.1494140625 0.0576171875
0 0.82275390625 0.73974609375 0.02001953125 0.04345703125
0 0.8701171875 0.73583984375 0.0712890625 0.0556640625
0 0.94140625 0.74169921875 0.0654296875 0.052734375
0 0.98681640625 0.748046875 0.02294921875 0.03857421875
0 0.9443359375 0.98681640625 0.025390625 0.0263671875
0 0.9716796875 0.98876953125 0.0234375 0.0224609375