0 0.59814453125 0.09375 0.05712890625 0.06298828125
0 0.923828125 0.017578125 0.076171875 0.03515625
0 0.98095703125 0.0166015625 0.0380859375 0.033203125
0 0.96240234375 0.064453125 0.0751953125 0.037109375
0 0.95068359375 0.15673828125 0.0986328125 0.0380859375
0 0.96875 0.20556640625 0.056640625 0.037109375
0 0.02001953125 0.515625 0.0400390625 0.01171875
0 0.1396484375 0.54248046875 0.1103515625 0.06298828125
0 0.2509765625 0.54541015625 0.10107421875 0.04345703125
0 0.12646484375 0.60986328125 0.0146484375 0.0234375
0 0.16259765625 0.60986328125 0.05419921875 0.02587890625
0 0.21337890625 0.61083984375 0.044921875 0.02685546875
0 0.2578125 0.6103515625 0.04150390625 0.02783203125
0 0.1064453125 0.67431640625 0.02734375 0.01123046875
0 0.1552734375 0.6748046875 0.02490234375 0.009765625
0 0.20361328125 0.67578125 0.02734375 0.01123046875
0 0.25048828125 0.67626953125 0.02490234375 0.0107421875
0 0.294921875 0.6767578125 0.02587890625 0.009765625
0 0.10791015625 0.8310546875 0.02587890625 0.01220703125
0 0.134765625 0.83154296875 0.02734375 0.0146484375
0 0.16064453125 0.83056640625 0.02294921875 0.01318359375
0 0.1162109375 0.84814453125 0.04296875 0.0185546875
0 0.171875 0.84814453125 0.0634765625 0.0185546875
0 0.24755859375 0.84765625 0.08251953125 0.01806640625
0 0.5205078125 0.6767578125 0.09814453125 0.0283203125
0 0.52392578125 0.73291015625 0.0888671875 0.02587890625
0 0.52587890625 0.76611328125 0.08984375 0.025390625
0 0.52685546875 0.80078125 0.08984375 0.02099609375
0 0.52783203125 0.8310546875 0.06689453125 0.02685546875
0 0.5302734375 0.865234375 0.044921875 0.025390625
0 0.5302734375 0.89794921875 0.048828125 0.02685546875
0 0.53466796875 0.93212890625 0.08447265625 0.02685546875
0 0.53369140625 0.96435546875 0.09716796875 0.03076171875
0 0.5341796875 0.99365234375 0.076171875 0.0126953125
0 0.005859375 0.98095703125 0.01171875 0.0087890625
0 0.01953125 0.9814453125 0.013671875 0.0087890625