0 0.14208984375 0.3369140625 0.1015625 0.041015625
0 0.22509765625 0.3388671875 0.0546875 0.033203125
0 0.30322265625 0.3388671875 0.08056640625 0.041015625
0 0.39208984375 0.3349609375 0.0859375 0.029296875
0 0.484375 0.3291015625 0.08837890625 0.041015625
0 0.21728515625 0.39453125 0.1953125 0.0546875
0 0.42431640625 0.390625 0.17724609375 0.0546875
0 0.15771484375 0.4384765625 0.0390625 0.025390625
0 0.20166015625 0.4423828125 0.0390625 0.029296875
0 0.26318359375 0.4365234375 0.078125 0.025390625
0 0.34375 0.439453125 0.08349609375 0.02734375
0 0.41162109375 0.439453125 0.046875 0.0234375
0 0.45947265625 0.4375 0.0546875 0.0234375
0 0.15625 0.630859375 0.04150390625 0.0234375
0 0.19287109375 0.6240234375 0.03662109375 0.021484375
0 0.22412109375 0.6259765625 0.02587890625 0.021484375
0 0.40380859375 0.623046875 0.05712890625 0.01953125