0 0.0234375 0.33056640625 0.0380859375 0.02734375
0 0.06103515625 0.333984375 0.03857421875 0.03076171875
0 0.0947265625 0.33154296875 0.03173828125 0.0224609375
0 0.12109375 0.3349609375 0.02001953125 0.02587890625
0 0.14013671875 0.3349609375 0.01953125 0.02587890625
0 0.1689453125 0.33642578125 0.037109375 0.029296875
0 0.20703125 0.33642578125 0.0400390625 0.029296875
0 0.2412109375 0.341796875 0.03271484375 0.029296875
0 0.275390625 0.34326171875 0.037109375 0.029296875
0 0.41357421875 0.3369140625 0.14453125 0.07177734375
0 0.4013671875 0.052734375 0.05517578125 0.021484375
0 0.44482421875 0.05224609375 0.03369140625 0.02001953125
0 0.35986328125 0.08056640625 0.03759765625 0.03271484375
0 0.4052734375 0.08251953125 0.046875 0.03271484375
0 0.44677734375 0.083984375 0.02978515625 0.0390625
0 0.501953125 0.083984375 0.07373046875 0.03271484375
0 0.35546875 0.11767578125 0.01806640625 0.015625
0 0.376953125 0.11669921875 0.0263671875 0.017578125
0 0.41455078125 0.119140625 0.052734375 0.015625
0 0.45166015625 0.11767578125 0.02294921875 0.01904296875
0 0.47509765625 0.11767578125 0.025390625 0.015625
0 0.515625 0.119140625 0.05615234375 0.01904296875
0 0.36572265625 0.16162109375 0.0439453125 0.029296875
0 0.4013671875 0.16162109375 0.02685546875 0.0224609375
0 0.427734375 0.1650390625 0.02392578125 0.029296875
0 0.35986328125 0.1865234375 0.03515625 0.0224609375
0 0.4091796875 0.1884765625 0.06494140625 0.0224609375
0 0.47509765625 0.18017578125 0.0625 0.072265625
0 0.50927734375 0.1943359375 0.01708984375 0.02099609375
0 0.52978515625 0.197265625 0.025390625 0.02734375
0 0.5029296875 0.017578125 0.0185546875 0.01416015625
0 0.49609375 0.04638671875 0.017578125 0.0126953125
0 0.51416015625 0.0458984375 0.01953125 0.01416015625
0 0.533203125 0.0458984375 0.01806640625 0.01416015625
0 0.5703125 0.07763671875 0.00732421875 0.0087890625
0 0.5888671875 0.35498046875 0.04931640625 0.19140625
0 0.5908203125 0.51513671875 0.052734375 0.0888671875
0 0.6318359375 0.30810546875 0.02783203125 0.0830078125
0 0.63330078125 0.45947265625 0.0263671875 0.2001953125
0 0.662109375 0.4775390625 0.02001953125 0.1103515625
0 0.8037109375 0.41796875 0.07470703125 0.25341796875
0 0.80419921875 0.1650390625 0.07568359375 0.166015625
0 0.9501953125 0.52880859375 0.021484375 0.0615234375
0 0.9501953125 0.45703125 0.0224609375 0.07080078125
0 0.94482421875 0.380859375 0.03369140625 0.06396484375
0 0.94677734375 0.283203125 0.03125 0.12109375
0 0.94677734375 0.18994140625 0.03076171875 0.0537109375
0 0.9541015625 0.11181640625 0.029296875 0.09716796875
0 0.9453125 0.02783203125 0.03515625 0.0556640625
0 0.171875 0.6455078125 0.19921875 0.171875
0 0.38232421875 0.6806640625 0.1689453125 0.2421875