0 0.16650390625 0.3681640625 0.3330078125 0.287109375
0 0.99072265625 0.29931640625 0.0185546875 0.0771484375
0 0.0771484375 0.65185546875 0.08984375 0.0244140625
0 0.1494140625 0.66015625 0.06640625 0.041015625
0 0.205078125 0.6689453125 0.056640625 0.05859375
0 0.267578125 0.67919921875 0.068359375 0.0791015625
0 0.3369140625 0.68603515625 0.07421875 0.0927734375
0 0.3759765625 0.708984375 0.015625 0.02783203125
0 0.390625 0.7109375 0.017578125 0.080078125
0 0.4853515625 0.7705078125 0.171875 0.26171875
0 0.83642578125 0.64208984375 0.0087890625 0.0048828125