0 0.2890625 0.25830078125 0.46240234375 0.193359375
0 0.74462890625 0.2509765625 0.40869140625 0.22509765625
0 0.59326171875 0.552734375 0.0888671875 0.044921875
0 0.6689453125 0.556640625 0.06689453125 0.0400390625
0 0.7431640625 0.5576171875 0.08642578125 0.03857421875
0 0.8232421875 0.57763671875 0.10888671875 0.0517578125
0 0.68798828125 0.60400390625 0.11328125 0.044921875
0 0.7724609375 0.60986328125 0.0556640625 0.0400390625
0 0.83447265625 0.6181640625 0.0732421875 0.046875
0 0.9111328125 0.63330078125 0.08447265625 0.05322265625
0 0.3076171875 0.80078125 0.064453125 0.02490234375
0 0.39892578125 0.8017578125 0.11767578125 0.02685546875
0 0.51318359375 0.80419921875 0.12451171875 0.0283203125
0 0.60791015625 0.80419921875 0.06005859375 0.0283203125
0 0.693359375 0.80078125 0.05322265625 0.02490234375
0 0.73876953125 0.7958984375 0.0419921875 0.021484375
0 0.81201171875 0.791015625 0.06005859375 0.03515625
0 0.31005859375 0.93603515625 0.02880859375 0.021484375