0 0.56298828125 0.18505859375 0.1162109375 0.0517578125
0 0.68994140625 0.19287109375 0.125 0.07080078125
0 0.79736328125 0.2138671875 0.06494140625 0.03271484375
0 0.50439453125 0.392578125 0.12109375 0.0634765625
0 0.62451171875 0.3994140625 0.09619140625 0.0537109375
0 0.7255859375 0.40234375 0.09130859375 0.0556640625
0 0.57666015625 0.455078125 0.05859375 0.0419921875
0 0.634765625 0.46044921875 0.05517578125 0.0458984375
0 0.72119140625 0.46240234375 0.10986328125 0.0498046875
0 0.8232421875 0.42529296875 0.06103515625 0.02880859375
0 0.294921875 0.666015625 0.10986328125 0.099609375
0 0.44873046875 0.6669921875 0.18505859375 0.08642578125
0 0.6025390625 0.666015625 0.107421875 0.0654296875
0 0.7255859375 0.6767578125 0.1337890625 0.08642578125
0 0.85693359375 0.70166015625 0.06396484375 0.03662109375
0 0.44140625 0.734375 0.0673828125 0.0556640625
0 0.53125 0.73681640625 0.1025390625 0.0498046875
0 0.6474609375 0.7333984375 0.1201171875 0.0537109375