0 0.20703125 0.1640625 0.16357421875 0.11181640625
0 0.34619140625 0.1650390625 0.10009765625 0.0966796875
0 0.45361328125 0.3466796875 0.53271484375 0.18310546875
0 0.21435546875 0.4775390625 0.11376953125 0.0615234375
0 0.29931640625 0.484375 0.04638671875 0.0751953125
0 0.36572265625 0.47607421875 0.076171875 0.078125
0 0.46240234375 0.48095703125 0.080078125 0.078125
0 0.5517578125 0.48486328125 0.0810546875 0.08349609375
0 0.65380859375 0.49072265625 0.08251953125 0.0849609375
0 0.73046875 0.509765625 0.048828125 0.0634765625
0 0.1962890625 0.546875 0.0625 0.06689453125
0 0.26416015625 0.552734375 0.07373046875 0.07177734375
0 0.3369140625 0.5576171875 0.0361328125 0.068359375
0 0.39892578125 0.55810546875 0.07763671875 0.0732421875
0 0.484375 0.56396484375 0.06103515625 0.0849609375
0 0.56396484375 0.5693359375 0.09228515625 0.0849609375
0 0.65673828125 0.5859375 0.05859375 0.09814453125
0 0.72314453125 0.60107421875 0.06884765625 0.0849609375
0 0.2001953125 0.619140625 0.0625 0.078125
0 0.28515625 0.6259765625 0.09765625 0.078125
0 0.4248046875 0.6435546875 0.142578125 0.06689453125
0 0.548828125 0.64892578125 0.0673828125 0.0849609375
0 0.67333984375 0.6748046875 0.166015625 0.080078125
0 0.22119140625 0.708984375 0.09228515625 0.07177734375
0 0.35302734375 0.71826171875 0.16357421875 0.0732421875
0 0.505859375 0.72607421875 0.13623046875 0.09814453125
0 0.61865234375 0.7373046875 0.0849609375 0.0849609375
0 0.7119140625 0.75244140625 0.0888671875 0.09521484375
0 0.23828125 0.78173828125 0.11865234375 0.080078125
0 0.53125 0.8251953125 0.4501953125 0.13330078125