0 0.0703125 0.01904296875 0.140625 0.0380859375
0 0.0927734375 0.09814453125 0.09130859375 0.11181640625
0 0.0244140625 0.20263671875 0.048828125 0.0556640625
0 0.02587890625 0.2607421875 0.046875 0.05224609375
0 0.03515625 0.3134765625 0.064453125 0.0595703125
0 0.10498046875 0.3046875 0.080078125 0.048828125
0 0.2587890625 0.486328125 0.365234375 0.1328125
0 0.466796875 0.47412109375 0.044921875 0.1083984375
0 0.17919921875 0.5703125 0.06982421875 0.03173828125
0 0.24560546875 0.5654296875 0.0625 0.03125
0 0.30810546875 0.5634765625 0.0556640625 0.0302734375
0 0.35986328125 0.56201171875 0.0419921875 0.03076171875
0 0.58251953125 0.42529296875 0.0205078125 0.0107421875
0 0.6083984375 0.42529296875 0.033203125 0.0107421875
0 0.64111328125 0.42724609375 0.0283203125 0.0146484375
0 0.6708984375 0.42431640625 0.02734375 0.0087890625
0 0.69970703125 0.42529296875 0.0263671875 0.0107421875
0 0.72900390625 0.4228515625 0.0283203125 0.005859375
0 0.76513671875 0.42236328125 0.0400390625 0.0048828125
0 0.5048828125 0.45361328125 0.03125 0.0478515625
0 0.5673828125 0.4541015625 0.087890625 0.03759765625
0 0.64208984375 0.45751953125 0.0576171875 0.046875
0 0.70458984375 0.44873046875 0.0595703125 0.04833984375
0 0.7880859375 0.4462890625 0.1015625 0.04833984375
0 0.87109375 0.44482421875 0.0546875 0.04296875