0 0.27685546875 0.12744140625 0.0224609375 0.0244140625
0 0.27734375 0.1103515625 0.03125 0.0322265625
0 0.232421875 0.3720703125 0.03369140625 0.0341796875
0 0.25732421875 0.35693359375 0.02392578125 0.0302734375
0 0.30029296875 0.35888671875 0.0625 0.04150390625
0 0.26025390625 0.42919921875 0.0322265625 0.0205078125
0 0.28857421875 0.42431640625 0.021484375 0.0244140625
0 0.27294921875 0.4365234375 0.0224609375 0.005859375
0 0.298828125 0.435546875 0.029296875 0.0078125
0 0.2744140625 0.4091796875 0.125 0.060546875
0 0.4423828125 0.3486328125 0.0185546875 0.0322265625
0 0.4296875 0.35693359375 0.0263671875 0.07568359375
0 0.77294921875 0.0908203125 0.2275390625 0.181640625
0 0.13916015625 0.63525390625 0.08544921875 0.03515625
0 0.20751953125 0.63916015625 0.03955078125 0.03125
0 0.27001953125 0.64404296875 0.052734375 0.029296875
0 0.34423828125 0.64892578125 0.078125 0.0234375
0 0.42919921875 0.65087890625 0.07958984375 0.0234375
0 0.5048828125 0.65185546875 0.05712890625 0.025390625
0 0.083984375 0.66259765625 0.05419921875 0.04296875
0 0.15380859375 0.67041015625 0.07958984375 0.0390625
0 0.24951171875 0.67431640625 0.10009765625 0.0390625
0 0.3427734375 0.67822265625 0.072265625 0.0390625
0 0.4111328125 0.68115234375 0.0498046875 0.037109375
0 0.47021484375 0.68603515625 0.05859375 0.03515625
0 0.53857421875 0.68603515625 0.06640625 0.03515625