0 0.3125 0.23779296875 0.1767578125 0.263671875
0 0.28076171875 0.54736328125 0.103515625 0.0869140625
0 0.36767578125 0.55126953125 0.0634765625 0.0947265625
0 0.24609375 0.62353515625 0.08203125 0.0517578125
0 0.32470703125 0.63134765625 0.0419921875 0.0361328125
0 0.37646484375 0.6298828125 0.0654296875 0.0390625
0 0.6240234375 0.12109375 0.21142578125 0.1064453125
0 0.8076171875 0.1083984375 0.138671875 0.09375
0 0.5615234375 0.20458984375 0.07177734375 0.0673828125
0 0.6416015625 0.19677734375 0.0791015625 0.0673828125
0 0.72119140625 0.18994140625 0.0654296875 0.07177734375
0 0.8095703125 0.19384765625 0.10302734375 0.06103515625
0 0.421875 0.3017578125 0.025390625 0.025390625
0 0.4501953125 0.29931640625 0.02587890625 0.02197265625
0 0.48291015625 0.29541015625 0.03564453125 0.02978515625
0 0.5224609375 0.29833984375 0.02294921875 0.02978515625
0 0.5556640625 0.2880859375 0.0341796875 0.0341796875
0 0.5869140625 0.2880859375 0.0283203125 0.03125
0 0.61572265625 0.2919921875 0.02587890625 0.0263671875
0 0.78515625 0.27978515625 0.02490234375 0.0234375
0 0.83740234375 0.27490234375 0.0751953125 0.0263671875
0 0.4189453125 0.44775390625 0.01953125 0.0810546875
0 0.00537109375 0.8671875 0.0107421875 0.029296875
0 0.037109375 0.86767578125 0.0478515625 0.029296875
0 0.07763671875 0.87451171875 0.03125 0.0263671875
0 0.1083984375 0.8740234375 0.02587890625 0.033203125
0 0.1376953125 0.8759765625 0.0302734375 0.029296875
0 0.17333984375 0.869140625 0.0341796875 0.03173828125
0 0.21484375 0.87255859375 0.044921875 0.02783203125
0 0.26123046875 0.87158203125 0.0439453125 0.029296875
0 0.30029296875 0.8759765625 0.0283203125 0.03466796875
0 0.3349609375 0.87646484375 0.03759765625 0.02490234375
0 0.3740234375 0.87451171875 0.03857421875 0.0263671875
0 0.4013671875 0.876953125 0.015625 0.03125
0 0.05419921875 0.90283203125 0.0341796875 0.03076171875
0 0.08984375 0.90576171875 0.0341796875 0.02783203125
0 0.11865234375 0.9091796875 0.02294921875 0.0234375
0 0.16064453125 0.90869140625 0.05126953125 0.033203125
0 0.20068359375 0.90771484375 0.02685546875 0.029296875
0 0.2314453125 0.9111328125 0.04052734375 0.0224609375
0 0.2802734375 0.91259765625 0.03857421875 0.0224609375
0 0.02490234375 0.96875 0.0439453125 0.0625
0 0.099609375 0.97216796875 0.091796875 0.0556640625
0 0.20458984375 0.97607421875 0.1083984375 0.0478515625
0 0.30078125 0.974609375 0.072265625 0.05078125
0 0.3642578125 0.978515625 0.041015625 0.04296875
0 0.3994140625 0.982421875 0.01953125 0.03515625