0 0.1044921875 0.00537109375 0.060546875 0.0107421875
0 0.07958984375 0.0634765625 0.04736328125 0.06005859375
0 0.150390625 0.0654296875 0.0859375 0.0634765625
0 0.232421875 0.068359375 0.0703125 0.0625
0 0.134765625 0.13720703125 0.06787109375 0.068359375
0 0.54150390625 0.291015625 0.1171875 0.19921875
0 0.63671875 0.291015625 0.0537109375 0.171875
0 0.724609375 0.291015625 0.115234375 0.1787109375
0 0.841796875 0.31884765625 0.1220703125 0.2060546875
0 0.94873046875 0.29931640625 0.1025390625 0.1962890625
0 0.61279296875 0.46728515625 0.2861328125 0.0849609375
0 0.8330078125 0.47265625 0.138671875 0.07421875
0 0.49853515625 0.1328125 0.0986328125 0.076171875
0 0.583984375 0.1416015625 0.05859375 0.0654296875
0 0.66455078125 0.134765625 0.091796875 0.0859375
0 0.74609375 0.1416015625 0.06201171875 0.0791015625
0 0.8408203125 0.1552734375 0.12060546875 0.072265625
0 0.4677734375 0.88330078125 0.037109375 0.1123046875
0 0.51318359375 0.96630859375 0.1279296875 0.0673828125
0 0.80419921875 0.8037109375 0.10205078125 0.03271484375
0 0.9814453125 0.77978515625 0.037109375 0.0361328125
0 0.853515625 0.87353515625 0.29296875 0.0849609375
0 0.71875 0.62353515625 0.0302734375 0.03125
0 0.75146484375 0.6201171875 0.0322265625 0.03369140625
0 0.79443359375 0.61865234375 0.05029296875 0.0322265625
0 0.8447265625 0.61279296875 0.04638671875 0.03125
0 0.8701171875 0.611328125 0.0087890625 0.02685546875
0 0.89599609375 0.60888671875 0.04345703125 0.03125
0 0.75244140625 0.6455078125 0.0234375 0.0126953125
0 0.6005859375 0.6298828125 0.0302734375 0.01708984375
0 0.5478515625 0.61865234375 0.037109375 0.02099609375
0 0.5498046875 0.6416015625 0.03564453125 0.0224609375
0 0.48583984375 0.615234375 0.04443359375 0.02294921875
0 0.48876953125 0.642578125 0.041015625 0.02392578125
0 0.48046875 0.677734375 0.01806640625 0.013671875
0 0.4951171875 0.67529296875 0.01123046875 0.0107421875