0 0.39306640625 0.3623046875 0.1279296875 0.13134765625
0 0.51220703125 0.3583984375 0.10302734375 0.1201171875
0 0.5859375 0.3583984375 0.03662109375 0.1171875
0 0.36962890625 0.4833984375 0.0439453125 0.0517578125
0 0.42333984375 0.47900390625 0.05517578125 0.0576171875
0 0.48876953125 0.48193359375 0.06884765625 0.0546875
0 0.556640625 0.48583984375 0.0595703125 0.05322265625
0 0.6337890625 0.09130859375 0.03857421875 0.01416015625
0 0.61083984375 0.1142578125 0.0283203125 0.02490234375
0 0.63623046875 0.1142578125 0.02685546875 0.02490234375
0 0.6630859375 0.1123046875 0.02392578125 0.02490234375
0 0.6552734375 0.2861328125 0.03955078125 0.02197265625