0 0.111328125 0.06201171875 0.0810546875 0.029296875
0 0.2919921875 0.0595703125 0.15380859375 0.044921875
0 0.4091796875 0.0595703125 0.06884765625 0.0419921875
0 0.50341796875 0.05712890625 0.1123046875 0.0419921875
0 0.10693359375 0.19287109375 0.076171875 0.025390625
0 0.29296875 0.18994140625 0.15576171875 0.044921875
0 0.41015625 0.19091796875 0.06689453125 0.03955078125
0 0.50439453125 0.18701171875 0.1103515625 0.0361328125
0 0.875 0.02197265625 0.041015625 0.0439453125
0 0.9248046875 0.03173828125 0.0546875 0.04150390625
0 0.97802734375 0.037109375 0.0439453125 0.046875
0 0.98583984375 0.083984375 0.0283203125 0.046875
0 0.853515625 0.111328125 0.064453125 0.04931640625
0 0.9287109375 0.12158203125 0.07421875 0.04931640625
0 0.98291015625 0.1240234375 0.0341796875 0.044921875
0 0.859375 0.15966796875 0.060546875 0.046875
0 0.93359375 0.17138671875 0.080078125 0.04443359375
0 0.98779296875 0.171875 0.0244140625 0.046875
0 0.9267578125 0.21142578125 0.04296875 0.04150390625
0 0.97412109375 0.21240234375 0.0517578125 0.0439453125
0 0.92236328125 0.2685546875 0.1552734375 0.046875
0 0.03564453125 0.56396484375 0.0712890625 0.3193359375
0 0.16162109375 0.51904296875 0.1884765625 0.24072265625
0 0.3984375 0.5048828125 0.24560546875 0.2998046875
0 0.3916015625 0.845703125 0.05078125 0.0751953125
0 0.72900390625 0.63525390625 0.04248046875 0.0341796875
0 0.783203125 0.63330078125 0.056640625 0.03564453125
0 0.845703125 0.6259765625 0.0556640625 0.03271484375
0 0.90478515625 0.62060546875 0.0537109375 0.033203125
0 0.9638671875 0.62158203125 0.0517578125 0.02685546875
0 0.74853515625 0.67626953125 0.0888671875 0.04541015625
0 0.833984375 0.67724609375 0.06640625 0.04638671875
0 0.9306640625 0.67138671875 0.1142578125 0.05322265625
0 0.6611328125 0.7666015625 0.03955078125 0.021484375
0 0.69677734375 0.76513671875 0.0263671875 0.0234375
0 0.65771484375 0.83740234375 0.041015625 0.02392578125
0 0.6962890625 0.83544921875 0.0322265625 0.02392578125
0 0.65185546875 0.9052734375 0.03173828125 0.0205078125
0 0.68701171875 0.90673828125 0.0361328125 0.02490234375
0 0.65234375 0.9755859375 0.0322265625 0.0224609375
0 0.68017578125 0.97509765625 0.01953125 0.02392578125
0 0.857421875 0.76611328125 0.0380859375 0.02197265625
0 0.89990234375 0.76513671875 0.0439453125 0.025390625
0 0.8564453125 0.84033203125 0.0283203125 0.0205078125
0 0.89404296875 0.84033203125 0.0439453125 0.025390625
0 0.85595703125 0.90673828125 0.02001953125 0.021484375
0 0.890625 0.90771484375 0.04443359375 0.02685546875
0 0.8779296875 0.953125 0.009765625 0.017578125
0 0.8798828125 0.9736328125 0.03564453125 0.02294921875
0 0.98828125 0.904296875 0.02099609375 0.02099609375
0 0.95556640625 0.97705078125 0.02001953125 0.025390625
0 0.9833984375 0.97900390625 0.033203125 0.0244140625