0 0.443359375 0.05322265625 0.02587890625 0.01806640625
0 0.46142578125 0.05419921875 0.0166015625 0.0205078125
0 0.48291015625 0.05859375 0.02880859375 0.02490234375
0 0.646484375 0.2568359375 0.0703125 0.04833984375
0 0.70947265625 0.2626953125 0.05615234375 0.04931640625
0 0.74755859375 0.26806640625 0.01416015625 0.01416015625
0 0.78515625 0.2744140625 0.05078125 0.0576171875
0 0.8603515625 0.28662109375 0.091796875 0.087890625
0 0.919921875 0.29736328125 0.01611328125 0.01318359375
0 0.9638671875 0.29296875 0.0615234375 0.05419921875
0 0.794921875 0.12744140625 0.41015625 0.2548828125
0 0.294921875 0.58740234375 0.58984375 0.2119140625
0 0.294921875 0.7568359375 0.58984375 0.1171875
0 0.08251953125 0.86474609375 0.1650390625 0.0849609375
0 0.4091796875 0.884765625 0.361328125 0.083984375