0 0.27001953125 0.298828125 0.333984375 0.2734375
0 0.49365234375 0.30126953125 0.1708984375 0.2548828125
0 0.20703125 0.474609375 0.10400390625 0.078125
0 0.2900390625 0.474609375 0.0498046875 0.078125
0 0.4296875 0.47900390625 0.22216796875 0.06884765625
0 0.56298828125 0.47412109375 0.0322265625 0.0654296875
0 0.4326171875 0.5390625 0.15576171875 0.044921875
0 0.5458984375 0.5361328125 0.06640625 0.0390625
0 0.7158203125 0.0849609375 0.193359375 0.169921875
0 0.908203125 0.0673828125 0.18359375 0.134765625
0 0.9169921875 0.251953125 0.0712890625 0.0859375
0 0.97900390625 0.2353515625 0.037109375 0.1181640625
0 0.0810546875 0.95703125 0.162109375 0.0859375
0 0.33349609375 0.9453125 0.3076171875 0.109375
0 0.5400390625 0.947265625 0.078125 0.10546875
0 0.919921875 0.6171875 0.16015625 0.095703125
0 0.91650390625 0.71044921875 0.1015625 0.07666015625
0 0.9853515625 0.708984375 0.029296875 0.08203125
0 0.884765625 0.81005859375 0.07470703125 0.06396484375
0 0.9609375 0.79736328125 0.078125 0.0947265625
0 0.84033203125 0.880859375 0.04541015625 0.0390625
0 0.93359375 0.87744140625 0.1328125 0.0458984375