0 0.21142578125 0.2060546875 0.109375 0.05810546875
0 0.33447265625 0.20458984375 0.1298828125 0.0634765625
0 0.20947265625 0.263671875 0.08837890625 0.04150390625
0 0.28662109375 0.259765625 0.06591796875 0.0302734375
0 0.349609375 0.26513671875 0.05322265625 0.0283203125
0 0.38916015625 0.26416015625 0.0205078125 0.0458984375
0 0.2529296875 0.31640625 0.15966796875 0.0546875
0 0.19873046875 0.3583984375 0.041015625 0.046875
0 0.22802734375 0.36669921875 0.01611328125 0.03662109375
0 0.29248046875 0.369140625 0.10546875 0.04833984375
0 0.37353515625 0.3740234375 0.0517578125 0.041015625
0 0.4033203125 0.26123046875 0.0078125 0.0380859375
0 0.41796875 0.25927734375 0.02001953125 0.02880859375
0 0.4326171875 0.27001953125 0.0126953125 0.03125
0 0.4541015625 0.29052734375 0.033203125 0.07177734375
0 0.4736328125 0.35400390625 0.0244140625 0.0888671875
0 0.56787109375 0.3544921875 0.1005859375 0.08984375
0 0.67236328125 0.36279296875 0.1025390625 0.0732421875
0 0.7724609375 0.37939453125 0.08203125 0.0400390625
0 0.33740234375 0.6279296875 0.02880859375 0.0322265625
0 0.3642578125 0.62890625 0.02294921875 0.03076171875
0 0.384765625 0.6298828125 0.01611328125 0.03076171875
0 0.39599609375 0.62890625 0.0068359375 0.033203125
0 0.34228515625 0.66552734375 0.01904296875 0.02685546875
0 0.3701171875 0.66455078125 0.03515625 0.0361328125
0 0.39404296875 0.66748046875 0.0107421875 0.0322265625
0 0.3388671875 0.70068359375 0.0380859375 0.0361328125
0 0.3671875 0.7021484375 0.01904296875 0.0361328125
0 0.3876953125 0.70361328125 0.0234375 0.0361328125
0 0.7041015625 0.53369140625 0.21044921875 0.083984375
0 0.58447265625 0.64990234375 0.1767578125 0.14306640625
0 0.79541015625 0.6611328125 0.21923828125 0.126953125
0 0.53564453125 0.5732421875 0.0078125 0.01611328125