0 0.13720703125 0.20751953125 0.0556640625 0.09619140625
0 0.236328125 0.22607421875 0.13671875 0.12353515625
0 0.14892578125 0.3603515625 0.05224609375 0.05029296875
0 0.224609375 0.376953125 0.091796875 0.044921875
0 0.29296875 0.39404296875 0.0390625 0.0107421875
0 0.568359375 0.205078125 0.1171875 0.095703125
0 0.68994140625 0.2021484375 0.115234375 0.08740234375
0 0.81494140625 0.2021484375 0.125 0.08740234375
0 0.939453125 0.20068359375 0.12109375 0.0751953125
0 0.23291015625 0.41796875 0.0751953125 0.037109375
0 0.32373046875 0.41796875 0.0908203125 0.037109375
0 0.115234375 0.50146484375 0.01708984375 0.03173828125
0 0.134765625 0.50048828125 0.0244140625 0.0380859375
0 0.97021484375 0.40869140625 0.0595703125 0.0185546875