0 0.33349609375 0.2978515625 0.2783203125 0.18359375
0 0.66552734375 0.3056640625 0.3193359375 0.2060546875
0 0.27197265625 0.53173828125 0.3857421875 0.30126953125
0 0.7099609375 0.5625 0.427734375 0.27490234375
0 0.18115234375 0.75830078125 0.1142578125 0.0927734375
0 0.3125 0.7626953125 0.123046875 0.0693359375
0 0.46044921875 0.755859375 0.0830078125 0.08544921875
0 0.5966796875 0.76611328125 0.177734375 0.09716796875
0 0.7373046875 0.77197265625 0.095703125 0.09423828125
0 0.8369140625 0.7626953125 0.09375 0.095703125
0 0.232421875 0.8427734375 0.060546875 0.046875
0 0.39013671875 0.84423828125 0.2412109375 0.0498046875