0 0.19677734375 0.39697265625 0.041015625 0.02392578125
0 0.23974609375 0.40283203125 0.052734375 0.02392578125
0 0.30419921875 0.40283203125 0.033203125 0.02392578125
0 0.33544921875 0.4013671875 0.033203125 0.02685546875
0 0.5458984375 0.4013671875 0.0390625 0.02685546875
0 0.580078125 0.3984375 0.029296875 0.02685546875
0 0.64794921875 0.66845703125 0.03515625 0.02978515625
0 0.32666015625 0.95068359375 0.05859375 0.08056640625
0 0.3896484375 0.95068359375 0.0703125 0.07470703125
0 0.4453125 0.9521484375 0.037109375 0.07177734375
0 0.5068359375 0.9521484375 0.08203125 0.0654296875
0 0.580078125 0.943359375 0.064453125 0.07177734375
0 0.64306640625 0.9375 0.056640625 0.07177734375
0 0.70458984375 0.95361328125 0.0625 0.06884765625