0 0.50634765625 0.40185546875 0.0224609375 0.0244140625
0 0.5068359375 0.384765625 0.03125 0.0322265625
0 0.4619140625 0.646484375 0.03369140625 0.0341796875
0 0.48681640625 0.63134765625 0.02392578125 0.0302734375
0 0.52978515625 0.63330078125 0.0625 0.04150390625
0 0.490234375 0.705078125 0.03271484375 0.0224609375
0 0.51806640625 0.69873046875 0.021484375 0.0244140625
0 0.50244140625 0.71826171875 0.0224609375 0.01904296875
0 0.52880859375 0.71728515625 0.02978515625 0.02099609375
0 0.50390625 0.68505859375 0.125 0.0625
0 0.671875 0.623046875 0.0185546875 0.0322265625
0 0.6591796875 0.63134765625 0.0263671875 0.07568359375
0 0.435546875 0.7607421875 0.021484375 0.01708984375
0 0.45166015625 0.7587890625 0.013671875 0.0244140625
0 0.46923828125 0.75732421875 0.021484375 0.02099609375
0 0.49072265625 0.75634765625 0.0185546875 0.01904296875
0 0.50634765625 0.75341796875 0.0126953125 0.01708984375
0 0.54736328125 0.74853515625 0.072265625 0.0341796875
0 0.97607421875 0.48779296875 0.04736328125 0.0224609375