0 0.11767578125 0.03271484375 0.1396484375 0.0654296875
0 0.25830078125 0.0419921875 0.1337890625 0.083984375
0 0.37548828125 0.05126953125 0.0986328125 0.1025390625
0 0.15966796875 0.35107421875 0.1513671875 0.06982421875
0 0.26416015625 0.35595703125 0.0498046875 0.06689453125
0 0.3583984375 0.36181640625 0.05859375 0.0615234375
0 0.107421875 0.43896484375 0.10107421875 0.1064453125
0 0.212890625 0.44775390625 0.08984375 0.0966796875
0 0.29931640625 0.44921875 0.06494140625 0.08984375
0 0.3896484375 0.45166015625 0.09619140625 0.09521484375
0 0.1025390625 0.5400390625 0.103515625 0.08837890625
0 0.205078125 0.55078125 0.08642578125 0.06982421875
0 0.2861328125 0.56103515625 0.06396484375 0.08349609375
0 0.0693359375 0.62158203125 0.044921875 0.0283203125
0 0.10791015625 0.62158203125 0.02734375 0.02490234375
0 0.1455078125 0.62255859375 0.03515625 0.0234375
0 0.21728515625 0.619140625 0.1064453125 0.033203125
0 0.3017578125 0.625 0.05517578125 0.03857421875
0 0.38525390625 0.5458984375 0.1201171875 0.08984375
0 0.359375 0.6240234375 0.03271484375 0.033203125
0 0.4208984375 0.62744140625 0.06396484375 0.03662109375
0 0.60693359375 0.12646484375 0.0751953125 0.0751953125
0 0.6630859375 0.12841796875 0.03564453125 0.0556640625
0 0.623046875 0.275390625 0.107421875 0.111328125
0 0.79345703125 0.271484375 0.220703125 0.09716796875
0 0.58740234375 0.35986328125 0.0361328125 0.0478515625
0 0.63623046875 0.36181640625 0.05615234375 0.0498046875
0 0.708984375 0.36767578125 0.0810546875 0.0556640625
0 0.78515625 0.36474609375 0.07080078125 0.04443359375
0 0.8466796875 0.36181640625 0.0478515625 0.04443359375
0 0.60302734375 0.43115234375 0.0673828125 0.0556640625
0 0.65673828125 0.4326171875 0.05615234375 0.052734375
0 0.72265625 0.42724609375 0.08740234375 0.04736328125
0 0.79736328125 0.42724609375 0.05810546875 0.04736328125
0 0.85498046875 0.43115234375 0.060546875 0.0498046875
0 0.5810546875 0.4921875 0.0234375 0.044921875
0 0.66845703125 0.49267578125 0.154296875 0.0498046875
0 0.58544921875 0.56201171875 0.0322265625 0.0498046875
0 0.7431640625 0.55908203125 0.1875 0.04443359375
0 0.02587890625 0.85400390625 0.0498046875 0.02587890625
0 0.0732421875 0.85400390625 0.044921875 0.02197265625
0 0.12646484375 0.85595703125 0.0615234375 0.02587890625
0 0.01904296875 0.89501953125 0.005859375 0.0078125