0 0.24462890625 0.02001953125 0.068359375 0.033203125
0 0.33544921875 0.02001953125 0.07421875 0.0234375
0 0.23974609375 0.0498046875 0.04736328125 0.01708984375
0 0.3173828125 0.04736328125 0.09130859375 0.01513671875
0 0.18994140625 0.06640625 0.04150390625 0.01025390625
0 0.22412109375 0.064453125 0.021484375 0.01025390625
0 0.251953125 0.06298828125 0.03515625 0.01025390625
0 0.28662109375 0.06396484375 0.0302734375 0.01171875
0 0.32080078125 0.06298828125 0.03857421875 0.01025390625
0 0.3603515625 0.06201171875 0.0302734375 0.01171875
0 0.39111328125 0.06201171875 0.033203125 0.01171875
0 0.21337890625 0.07958984375 0.0537109375 0.01318359375
0 0.251953125 0.08056640625 0.02392578125 0.01513671875
0 0.779296875 0.09423828125 0.21875 0.1884765625
0 0.26806640625 0.43359375 0.1279296875 0.048828125
0 0.41748046875 0.43359375 0.1513671875 0.048828125
0 0.03564453125 0.5703125 0.0712890625 0.072265625
0 0.12109375 0.56396484375 0.08251953125 0.09033203125
0 0.21142578125 0.5673828125 0.08349609375 0.0927734375
0 0.31591796875 0.5751953125 0.11279296875 0.076171875
0 0.46337890625 0.5615234375 0.12158203125 0.076171875
0 0.58251953125 0.568359375 0.10107421875 0.0947265625
0 0.65625 0.55615234375 0.02734375 0.0849609375
0 0.3134765625 0.85546875 0.0517578125 0.0439453125
0 0.53076171875 0.73828125 0.02001953125 0.0185546875
0 0.603515625 0.74072265625 0.03173828125 0.02294921875
0 0.681640625 0.666015625 0.0234375 0.06640625
0 0.740234375 0.681640625 0.09326171875 0.06640625
0 0.69287109375 0.77734375 0.0458984375 0.083984375
0 0.7919921875 0.78759765625 0.14794921875 0.11474609375
0 0.81591796875 0.89208984375 0.03076171875 0.04345703125