0 0.65478515625 0.11962890625 0.01904296875 0.02001953125
0 0.65869140625 0.138671875 0.02978515625 0.06103515625
0 0.7265625 0.0712890625 0.03515625 0.0234375
0 0.7578125 0.068359375 0.0244140625 0.025390625
0 0.787109375 0.0595703125 0.04296875 0.025390625
0 0.82080078125 0.0595703125 0.0224609375 0.025390625
0 0.83544921875 0.056640625 0.0087890625 0.0234375
0 0.421875 0.4443359375 0.08251953125 0.02685546875
0 0.33056640625 0.50634765625 0.08349609375 0.02880859375
0 0.41943359375 0.50537109375 0.087890625 0.03076171875
0 0.466796875 0.5029296875 0.013671875 0.02880859375
0 0.5341796875 0.60986328125 0.03125 0.02685546875
0 0.56884765625 0.60791015625 0.046875 0.02685546875
0 0.6064453125 0.60546875 0.0361328125 0.025390625
0 0.6474609375 0.6025390625 0.0458984375 0.02685546875
0 0.54443359375 0.63427734375 0.02783203125 0.021484375
0 0.58203125 0.63134765625 0.04931640625 0.0341796875
0 0.6201171875 0.6279296875 0.0322265625 0.0234375