0 0.0986328125 0.02001953125 0.099609375 0.0400390625
0 0.236328125 0.17333984375 0.47265625 0.1826171875
0 0.01171875 0.30419921875 0.0234375 0.0615234375
0 0.05224609375 0.3115234375 0.04638671875 0.0751953125
0 0.11865234375 0.30322265625 0.076171875 0.078125
0 0.21533203125 0.30810546875 0.080078125 0.078125
0 0.3046875 0.31201171875 0.0810546875 0.08349609375
0 0.40673828125 0.31787109375 0.08251953125 0.0849609375
0 0.4833984375 0.3369140625 0.048828125 0.0634765625
0 0.02685546875 0.37939453125 0.0537109375 0.0712890625
0 0.08984375 0.384765625 0.0361328125 0.068359375
0 0.15185546875 0.38525390625 0.07763671875 0.0732421875
0 0.2373046875 0.39111328125 0.06103515625 0.0849609375
0 0.31689453125 0.396484375 0.09228515625 0.0849609375
0 0.40966796875 0.4130859375 0.05859375 0.09814453125
0 0.47607421875 0.42822265625 0.06884765625 0.0849609375
0 0.04345703125 0.453125 0.0869140625 0.078125
0 0.177734375 0.470703125 0.142578125 0.06689453125
0 0.3017578125 0.47607421875 0.0673828125 0.0849609375
0 0.42626953125 0.501953125 0.166015625 0.080078125
0 0.009765625 0.53564453125 0.01953125 0.0712890625
0 0.10595703125 0.54541015625 0.16357421875 0.0732421875
0 0.2587890625 0.55322265625 0.13623046875 0.09814453125
0 0.37158203125 0.564453125 0.0849609375 0.0849609375
0 0.46484375 0.57958984375 0.0888671875 0.09521484375
0 0.02490234375 0.59912109375 0.0498046875 0.0615234375
0 0.28369140625 0.607421875 0.4501953125 0.044921875
0 0.57568359375 0.318359375 0.0126953125 0.048828125
0 0.61328125 0.32373046875 0.0703125 0.04443359375
0 0.67578125 0.33056640625 0.0703125 0.046875
0 0.58544921875 0.376953125 0.0322265625 0.056640625
0 0.625 0.38134765625 0.0625 0.0546875
0 0.67578125 0.38232421875 0.046875 0.05712890625
0 0.58740234375 0.43408203125 0.0361328125 0.0576171875
0 0.6279296875 0.43994140625 0.056640625 0.05224609375
0 0.6845703125 0.44482421875 0.060546875 0.05224609375
0 0.857421875 0.1650390625 0.02734375 0.04931640625
0 0.9033203125 0.18212890625 0.017578125 0.03662109375
0 0.8837890625 0.1767578125 0.029296875 0.04150390625
0 0.82421875 0.20654296875 0.01953125 0.04443359375
0 0.853515625 0.21435546875 0.04296875 0.04931640625
0 0.890625 0.2275390625 0.03515625 0.04443359375
0 0.9228515625 0.2353515625 0.033203125 0.0390625
0 0.8369140625 0.26416015625 0.033203125 0.04443359375
0 0.8779296875 0.27197265625 0.052734375 0.04443359375
0 0.7294921875 0.32763671875 0.041015625 0.046875
0 0.7353515625 0.39013671875 0.076171875 0.046875
0 0.728515625 0.4423828125 0.03125 0.05712890625
0 0.794921875 0.3330078125 0.09375 0.05224609375
0 0.8046875 0.3916015625 0.06640625 0.04931640625
0 0.76953125 0.44775390625 0.0625 0.0625
0 0.876953125 0.33837890625 0.0703125 0.0625
0 0.892578125 0.3955078125 0.11328125 0.05712890625
0 0.83984375 0.4541015625 0.08203125 0.06494140625
0 0.947265625 0.33837890625 0.0703125 0.05224609375
0 0.9638671875 0.40185546875 0.037109375 0.04931640625
0 0.9248046875 0.4580078125 0.091796875 0.0625
0 0.9814453125 0.466796875 0.037109375 0.0546875
0 0.4189453125 0.74072265625 0.095703125 0.09521484375
0 0.52001953125 0.74853515625 0.0986328125 0.1044921875
0 0.6533203125 0.6416015625 0.09375 0.0234375
0 0.7412109375 0.63623046875 0.07421875 0.0126953125
0 0.583984375 0.69873046875 0.029296875 0.0439453125
0 0.623046875 0.70166015625 0.048828125 0.0546875
0 0.6787109375 0.69140625 0.07421875 0.04931640625
0 0.7568359375 0.69287109375 0.08984375 0.05712890625
0 0.8134765625 0.68896484375 0.03125 0.06005859375
0 0.861328125 0.6796875 0.064453125 0.05224609375
0 0.912109375 0.6796875 0.037109375 0.04150390625
0 0.638671875 0.74462890625 0.056640625 0.03662109375
0 0.71484375 0.74755859375 0.091796875 0.04150390625
0 0.7763671875 0.7421875 0.0234375 0.03125
0 0.814453125 0.74609375 0.048828125 0.0390625
0 0.716796875 0.84912109375 0.048828125 0.03125