0 0.0380859375 0.12158203125 0.0751953125 0.04345703125
0 0.10302734375 0.1318359375 0.0517578125 0.0458984375
0 0.14208984375 0.1328125 0.0234375 0.02978515625
0 0.17333984375 0.14111328125 0.0390625 0.03662109375
0 0.21240234375 0.14111328125 0.0361328125 0.03662109375
0 0.25927734375 0.14794921875 0.0546875 0.03662109375
0 0.31005859375 0.15234375 0.0439453125 0.03662109375
0 0.3603515625 0.15380859375 0.0595703125 0.0341796875
0 0.41943359375 0.16748046875 0.0595703125 0.04345703125
0 0.13916015625 0.49560546875 0.0205078125 0.0458984375
0 0.15625 0.4912109375 0.01708984375 0.03662109375
0 0.17333984375 0.486328125 0.0205078125 0.03662109375
0 0.1953125 0.486328125 0.0234375 0.041015625
0 0.2138671875 0.48974609375 0.01708984375 0.0341796875
0 0.2275390625 0.48876953125 0.0126953125 0.0322265625
0 0.2392578125 0.48876953125 0.0107421875 0.0322265625
0 0.2587890625 0.48876953125 0.0283203125 0.03662109375
0 0.2763671875 0.4912109375 0.01416015625 0.0322265625
0 0.29443359375 0.48876953125 0.02197265625 0.03662109375
0 0.31005859375 0.48974609375 0.0126953125 0.0341796875
0 0.32421875 0.4912109375 0.0185546875 0.03662109375
0 0.34228515625 0.4931640625 0.0234375 0.0458984375
0 0.00341796875 0.49609375 0.0068359375 0.029296875
0 0.0625 0.82861328125 0.125 0.1298828125
0 0.193359375 0.8154296875 0.11767578125 0.1201171875
0 0.3759765625 0.830078125 0.21728515625 0.095703125
0 0.55029296875 0.88232421875 0.0185546875 0.02685546875
0 0.57421875 0.8798828125 0.01611328125 0.0224609375
0 0.64697265625 0.84716796875 0.0458984375 0.1220703125
0 0.009765625 0.93310546875 0.01953125 0.0224609375
0 0.02783203125 0.93359375 0.01611328125 0.02685546875
0 0.0458984375 0.93798828125 0.02001953125 0.02685546875
0 0.06787109375 0.9345703125 0.02392578125 0.0244140625
0 0.08837890625 0.9345703125 0.017578125 0.0244140625
0 0.1064453125 0.93359375 0.021484375 0.0224609375
0 0.13037109375 0.93603515625 0.0263671875 0.03125
0 0.154296875 0.93359375 0.021484375 0.0224609375
0 0.17919921875 0.9345703125 0.0263671875 0.02880859375
0 0.19921875 0.93359375 0.01611328125 0.02685546875
0 0.2158203125 0.93701171875 0.02001953125 0.0244140625
0 0.255859375 0.93603515625 0.0400390625 0.02685546875
0 0.30517578125 0.9345703125 0.06103515625 0.02880859375