0 0.04052734375 0.18017578125 0.0810546875 0.0380859375
0 0.11669921875 0.18505859375 0.06787109375 0.03369140625
0 0.2490234375 0.1806640625 0.130859375 0.02490234375
0 0.02685546875 0.3818359375 0.0537109375 0.037109375
0 0.09228515625 0.3837890625 0.0703125 0.03076171875
0 0.19970703125 0.38427734375 0.119140625 0.03857421875
0 0.30419921875 0.3828125 0.08447265625 0.02880859375
0 0.7021484375 0.00537109375 0.04296875 0.0107421875
0 0.55712890625 0.0556640625 0.037109375 0.0390625
0 0.619140625 0.0537109375 0.06787109375 0.04296875
0 0.70263671875 0.052734375 0.08056640625 0.052734375
0 0.791015625 0.0537109375 0.06494140625 0.04296875
0 0.8681640625 0.052734375 0.06494140625 0.044921875
0 0.95654296875 0.0546875 0.0869140625 0.041015625
0 0.55419921875 0.126953125 0.03076171875 0.041015625
0 0.626953125 0.126953125 0.10205078125 0.044921875
0 0.708984375 0.1259765625 0.06201171875 0.04296875
0 0.783203125 0.123046875 0.0927734375 0.048828125
0 0.87939453125 0.12890625 0.0927734375 0.037109375
0 0.9580078125 0.1259765625 0.06494140625 0.04296875
0 0.9951171875 0.1279296875 0.009765625 0.05078125
0 0.77392578125 0.1748046875 0.0556640625 0.0234375
0 0.83251953125 0.1728515625 0.06787109375 0.02734375
0 0.88671875 0.1748046875 0.04638671875 0.0234375
0 0.94091796875 0.173828125 0.06787109375 0.025390625
0 0.984375 0.173828125 0.03125 0.025390625
0 0.63916015625 0.330078125 0.08349609375 0.021484375
0 0.72119140625 0.330078125 0.08056640625 0.021484375
0 0.791015625 0.330078125 0.05859375 0.021484375
0 0.85888671875 0.328125 0.07763671875 0.021484375
0 0.68408203125 0.36328125 0.04931640625 0.021484375
0 0.74462890625 0.3623046875 0.06494140625 0.0234375
0 0.8125 0.3623046875 0.06494140625 0.01953125
0 0.701171875 0.396484375 0.09619140625 0.021484375
0 0.1630859375 0.5263671875 0.064453125 0.052734375
0 0.22998046875 0.53369140625 0.0712890625 0.0673828125
0 0.30810546875 0.52880859375 0.0712890625 0.0576171875
0 0.18310546875 0.841796875 0.10693359375 0.1201171875
0 0.279296875 0.8515625 0.07275390625 0.10595703125
0 0.33984375 0.837890625 0.0390625 0.1328125
0 0.79248046875 0.6650390625 0.05126953125 0.0634765625
0 0.8515625 0.662109375 0.05419921875 0.0634765625
0 0.92724609375 0.66552734375 0.08740234375 0.0556640625
0 0.986328125 0.66796875 0.02734375 0.0625
0 0.837890625 0.75537109375 0.22314453125 0.14208984375
0 0.71533203125 0.7001953125 0.0283203125 0.02880859375
0 0.7421875 0.69677734375 0.02490234375 0.0302734375