0 0.05908203125 0.2431640625 0.1181640625 0.0859375
0 0.24658203125 0.21923828125 0.103515625 0.07861328125
0 0.35205078125 0.23681640625 0.0791015625 0.07568359375
0 0.2314453125 0.32666015625 0.146484375 0.0947265625
0 0.37060546875 0.35107421875 0.12646484375 0.0576171875
0 0.03515625 0.48876953125 0.0703125 0.0322265625
0 0.1396484375 0.49169921875 0.025390625 0.0283203125
0 0.19091796875 0.48779296875 0.0791015625 0.03271484375
0 0.24365234375 0.486328125 0.033203125 0.02978515625
0 0.27685546875 0.48583984375 0.03125 0.037109375
0 0.3154296875 0.48486328125 0.03662109375 0.02685546875
0 0.3515625 0.48876953125 0.0224609375 0.0283203125
0 0.376953125 0.486328125 0.0419921875 0.03271484375
0 0.427734375 0.48583984375 0.0546875 0.03125
0 0.4951171875 0.0673828125 0.048828125 0.134765625
0 0.50537109375 0.13427734375 0.0283203125 0.0791015625
0 0.51171875 0.201171875 0.015625 0.0546875
0 0.80126953125 0.0302734375 0.1201171875 0.060546875
0 0.88623046875 0.03173828125 0.0419921875 0.0634765625
0 0.939453125 0.03466796875 0.060546875 0.0693359375
0 0.98583984375 0.033203125 0.0283203125 0.06640625
0 0.79296875 0.10205078125 0.05517578125 0.04736328125
0 0.9130859375 0.1044921875 0.173828125 0.052734375
0 0.02392578125 0.791015625 0.0478515625 0.177734375
0 0.1494140625 0.798828125 0.16357421875 0.16015625
0 0.31396484375 0.794921875 0.14111328125 0.158203125
0 0.46142578125 0.7783203125 0.1162109375 0.1796875
0 0.111328125 0.93017578125 0.22265625 0.0732421875
0 0.333984375 0.92578125 0.17138671875 0.0634765625
0 0.5458984375 0.69677734375 0.052734375 0.0947265625
0 0.638671875 0.701171875 0.126953125 0.103515625
0 0.5576171875 0.81640625 0.076171875 0.103515625
0 0.64404296875 0.8115234375 0.0888671875 0.103515625
0 0.7421875 0.810546875 0.09521484375 0.125
0 0.59228515625 0.94482421875 0.107421875 0.1064453125
0 0.732421875 0.9404296875 0.158203125 0.119140625
0 0.8642578125 0.93310546875 0.10888671875 0.1201171875