0 0.029296875 0.40380859375 0.03125 0.0546875
0 0.47119140625 0.0615234375 0.0224609375 0.021484375
0 0.5361328125 0.0595703125 0.0654296875 0.02490234375
0 0.59716796875 0.0615234375 0.046875 0.0205078125
0 0.654296875 0.05859375 0.06103515625 0.0234375
0 0.71142578125 0.05810546875 0.04052734375 0.02490234375
0 0.78857421875 0.056640625 0.0830078125 0.02734375
0 0.8544921875 0.0595703125 0.0419921875 0.01904296875
0 0.91455078125 0.056640625 0.04052734375 0.02490234375
0 0.96142578125 0.05859375 0.05322265625 0.02880859375
0 0.6123046875 0.0888671875 0.1953125 0.0234375
0 0.81298828125 0.0869140625 0.1689453125 0.02197265625
0 0.95703125 0.08447265625 0.0859375 0.0205078125
0 0.48486328125 0.16796875 0.0498046875 0.037109375
0 0.5615234375 0.16650390625 0.08740234375 0.03564453125
0 0.6572265625 0.1650390625 0.0986328125 0.03564453125
0 0.814453125 0.166015625 0.1435546875 0.03173828125
0 0.91748046875 0.16259765625 0.05322265625 0.03564453125
0 0.97509765625 0.16015625 0.0498046875 0.037109375
0 0.47314453125 0.369140625 0.0263671875 0.037109375
0 0.5107421875 0.37109375 0.0546875 0.033203125
0 0.49658203125 0.41455078125 0.0732421875 0.0302734375
0 0.47216796875 0.453125 0.0244140625 0.03515625
0 0.509765625 0.45654296875 0.05322265625 0.02734375
0 0.6083984375 0.34375 0.0439453125 0.02734375
0 0.65283203125 0.34326171875 0.04541015625 0.02587890625
0 0.63232421875 0.376953125 0.0986328125 0.02734375
0 0.63232421875 0.41162109375 0.07666015625 0.02880859375
0 0.61669921875 0.4453125 0.0517578125 0.033203125
0 0.662109375 0.44287109375 0.0419921875 0.03564453125
0 0.60107421875 0.478515625 0.0361328125 0.033203125
0 0.6376953125 0.4775390625 0.0341796875 0.03173828125
0 0.673828125 0.47900390625 0.04052734375 0.02880859375
0 0.80029296875 0.28955078125 0.02490234375 0.01806640625
0 0.2421875 0.5859375 0.025390625 0.01025390625
0 0.60595703125 0.81298828125 0.09033203125 0.0791015625
0 0.67431640625 0.81591796875 0.03271484375 0.080078125
0 0.55810546875 0.8994140625 0.0732421875 0.08837890625
0 0.61962890625 0.91357421875 0.03662109375 0.09619140625
0 0.6728515625 0.9052734375 0.05615234375 0.0966796875
0 0.74462890625 0.91455078125 0.0732421875 0.0966796875
0 0.59521484375 0.97705078125 0.0537109375 0.0458984375
0 0.66015625 0.982421875 0.060546875 0.03515625
0 0.71826171875 0.98046875 0.0361328125 0.0390625