0 0.2939453125 0.244140625 0.14013671875 0.1884765625
0 0.4345703125 0.26416015625 0.1337890625 0.18505859375
0 0.5517578125 0.28076171875 0.0986328125 0.1884765625
0 0.33544921875 0.62353515625 0.1513671875 0.06982421875
0 0.43994140625 0.62841796875 0.0498046875 0.06689453125
0 0.5341796875 0.63427734375 0.05859375 0.0615234375
0 0.283203125 0.71142578125 0.10107421875 0.1064453125
0 0.388671875 0.72021484375 0.08984375 0.0966796875
0 0.47509765625 0.7216796875 0.06494140625 0.08984375
0 0.5654296875 0.72412109375 0.09619140625 0.09521484375
0 0.2783203125 0.8125 0.103515625 0.08837890625
0 0.380859375 0.8232421875 0.08642578125 0.06982421875
0 0.4619140625 0.83349609375 0.06396484375 0.08349609375
0 0.2451171875 0.89404296875 0.044921875 0.0283203125
0 0.28369140625 0.89404296875 0.02734375 0.02490234375
0 0.3212890625 0.89501953125 0.03515625 0.0234375
0 0.39306640625 0.8916015625 0.1064453125 0.033203125
0 0.4775390625 0.8974609375 0.05517578125 0.03857421875
0 0.56103515625 0.818359375 0.1201171875 0.08984375
0 0.53515625 0.896484375 0.03271484375 0.033203125
0 0.5966796875 0.89990234375 0.06396484375 0.03662109375
0 0.248046875 0.9375 0.03857421875 0.04150390625
0 0.302734375 0.9375 0.072265625 0.04150390625
0 0.41064453125 0.93994140625 0.14111328125 0.046875