0 0.3046875 0.0283203125 0.03125 0.0439453125
0 0.33984375 0.04248046875 0.02978515625 0.03955078125
0 0.3740234375 0.0595703125 0.03271484375 0.0478515625
0 0.40771484375 0.07177734375 0.0341796875 0.0439453125
0 0.43994140625 0.08935546875 0.03271484375 0.0458984375
0 0.4736328125 0.10498046875 0.03125 0.03955078125
0 0.50537109375 0.1259765625 0.03271484375 0.0439453125
0 0.5361328125 0.140625 0.0341796875 0.03955078125
0 0.5732421875 0.1552734375 0.03759765625 0.0478515625
0 0.60400390625 0.169921875 0.03271484375 0.03955078125
0 0.72509765625 0.10302734375 0.0625 0.0771484375
0 0.5205078125 0.0458984375 0.03759765625 0.0498046875
0 0.3740234375 0.171875 0.06396484375 0.064453125
0 0.17333984375 0.05224609375 0.0498046875 0.05419921875
0 0.69287109375 0.3154296875 0.3203125 0.11865234375
0 0.69921875 0.50634765625 0.2236328125 0.1875
0 0.53515625 0.689453125 0.27978515625 0.12060546875
0 0.74072265625 0.6865234375 0.11572265625 0.15625
0 0.8603515625 0.6845703125 0.1044921875 0.1064453125
0 0.91015625 0.88134765625 0.0703125 0.04150390625
0 0.45556640625 0.8876953125 0.02978515625 0.0166015625
0 0.45703125 0.9033203125 0.02978515625 0.02294921875
0 0.5234375 0.88037109375 0.0185546875 0.02685546875
0 0.57666015625 0.873046875 0.0185546875 0.02490234375
0 0.6259765625 0.86865234375 0.01708984375 0.02099609375
0 0.52978515625 0.94677734375 0.0185546875 0.03125
0 0.58056640625 0.94189453125 0.0205078125 0.029296875
0 0.6298828125 0.9365234375 0.02197265625 0.03125
0 0.5791015625 0.89599609375 0.0263671875 0.02490234375