0 0.12255859375 0.35107421875 0.05712890625 0.02685546875
0 0.16845703125 0.35595703125 0.02978515625 0.0263671875
0 0.2041015625 0.359375 0.03369140625 0.0234375
0 0.232421875 0.3583984375 0.02099609375 0.02490234375
0 0.26220703125 0.3603515625 0.03369140625 0.025390625
0 0.29345703125 0.365234375 0.02978515625 0.02490234375
0 0.333984375 0.3662109375 0.0458984375 0.0263671875
0 0.373046875 0.369140625 0.033203125 0.0234375
0 0.5361328125 0.0830078125 0.21875 0.166015625
0 0.4072265625 0.22998046875 0.03515625 0.0576171875
0 0.4853515625 0.2109375 0.1083984375 0.05810546875
0 0.58251953125 0.19873046875 0.07470703125 0.05126953125
0 0.63525390625 0.1904296875 0.029296875 0.04052734375
0 0.685546875 0.18701171875 0.06298828125 0.05126953125
0 0.431640625 0.275390625 0.0810546875 0.0654296875
0 0.505859375 0.26806640625 0.05859375 0.05908203125
0 0.57958984375 0.25439453125 0.07861328125 0.0556640625
0 0.654296875 0.2490234375 0.0673828125 0.0556640625
0 0.4833984375 0.447265625 0.0283203125 0.01953125
0 0.486328125 0.46533203125 0.064453125 0.0341796875
0 0.453125 0.5078125 0.0625 0.0234375
0 0.52685546875 0.49755859375 0.05322265625 0.04052734375
0 0.654296875 0.59619140625 0.083984375 0.15185546875
0 0.73486328125 0.59619140625 0.0712890625 0.1533203125
0 0.8212890625 0.59814453125 0.083984375 0.14013671875
0 0.64892578125 0.716796875 0.06591796875 0.07080078125
0 0.72509765625 0.716796875 0.07177734375 0.076171875