0 0.525390625 0.03515625 0.232421875 0.0703125
0 0.7353515625 0.03857421875 0.13671875 0.0771484375
0 0.91552734375 0.041015625 0.1689453125 0.08203125
0 0.53662109375 0.142578125 0.2548828125 0.087890625
0 0.83349609375 0.15869140625 0.28271484375 0.10498046875
0 0.64990234375 0.24951171875 0.21875 0.09423828125
0 0.5703125 0.59423828125 0.109375 0.0693359375
0 0.57666015625 0.630859375 0.0146484375 0.04052734375
0 0.6005859375 0.62451171875 0.033203125 0.0595703125
0 0.62744140625 0.6103515625 0.0205078125 0.03759765625
0 0.65185546875 0.6025390625 0.0302734375 0.046875
0 0.6923828125 0.58837890625 0.044921875 0.05029296875
0 0.72119140625 0.57861328125 0.0185546875 0.0380859375
0 0.7509765625 0.572265625 0.017578125 0.025390625
0 0.78125 0.5693359375 0.046875 0.01953125