0 0.2783203125 0.22607421875 0.111328125 0.06591796875
0 0.39794921875 0.2158203125 0.11865234375 0.07421875
0 0.50537109375 0.21728515625 0.09326171875 0.076171875
0 0.076171875 0.365234375 0.06787109375 0.0361328125
0 0.13916015625 0.365234375 0.0556640625 0.0400390625
0 0.19384765625 0.37060546875 0.04833984375 0.0458984375
0 0.25634765625 0.37744140625 0.06787109375 0.0400390625
0 0.3115234375 0.37353515625 0.0361328125 0.0361328125
0 0.32861328125 0.37744140625 0.02880859375 0.0361328125
0 0.3525390625 0.37451171875 0.04345703125 0.0341796875
0 0.412109375 0.37353515625 0.0361328125 0.0400390625
0 0.455078125 0.37255859375 0.04345703125 0.0341796875
0 0.5068359375 0.37646484375 0.05712890625 0.0458984375
0 0.0458984375 0.45068359375 0.07373046875 0.0419921875
0 0.10888671875 0.45068359375 0.0498046875 0.0341796875
0 0.15771484375 0.45556640625 0.0390625 0.04833984375
0 0.203125 0.45751953125 0.05126953125 0.0439453125
0 0.267578125 0.46240234375 0.06640625 0.05029296875
0 0.3388671875 0.47265625 0.0498046875 0.0458984375
0 0.36865234375 0.474609375 0.01806640625 0.05419921875
0 0.396484375 0.4736328125 0.04052734375 0.0361328125
0 0.4814453125 0.4736328125 0.072265625 0.068359375
0 0.52490234375 0.470703125 0.02685546875 0.05029296875
0 0.12109375 0.53955078125 0.07080078125 0.0400390625
0 0.185546875 0.54150390625 0.0556640625 0.0400390625
0 0.25732421875 0.54248046875 0.0810546875 0.0380859375
0 0.33154296875 0.54248046875 0.0615234375 0.0419921875
0 0.38818359375 0.54248046875 0.04833984375 0.0341796875
0 0.435546875 0.5458984375 0.04345703125 0.0400390625
0 0.4775390625 0.5458984375 0.03466796875 0.0439453125
0 0.15576171875 0.58056640625 0.04052734375 0.0419921875
0 0.224609375 0.5888671875 0.0859375 0.0419921875
0 0.306640625 0.58984375 0.0751953125 0.0400390625
0 0.79248046875 0.3466796875 0.048828125 0.015625
0 0.8056640625 0.40478515625 0.08935546875 0.09033203125
0 0.77880859375 0.46630859375 0.0634765625 0.01904296875
0 0.8271484375 0.4638671875 0.0283203125 0.0244140625
0 0.7080078125 0.546875 0.1171875 0.076171875
0 0.892578125 0.52392578125 0.21484375 0.1044921875
0 0.896484375 0.6064453125 0.20703125 0.08203125