0 0.57470703125 0.0185546875 0.01611328125 0.01904296875
0 0.5908203125 0.01513671875 0.01806640625 0.01416015625
0 0.6015625 0.021484375 0.0146484375 0.01806640625
0 0.58154296875 0.111328125 0.01708984375 0.01611328125
0 0.59521484375 0.10888671875 0.0146484375 0.01708984375
0 0.48779296875 0.14892578125 0.0341796875 0.0322265625
0 0.52880859375 0.14306640625 0.04150390625 0.0302734375
0 0.57373046875 0.1474609375 0.04443359375 0.029296875
0 0.61376953125 0.1435546875 0.03125 0.03125
0 0.6474609375 0.1455078125 0.0361328125 0.03955078125
0 0.68994140625 0.14404296875 0.0439453125 0.0283203125
0 0.25244140625 0.25830078125 0.06689453125 0.06689453125
0 0.33056640625 0.255859375 0.07080078125 0.07177734375
0 0.40478515625 0.2548828125 0.06689453125 0.0576171875
0 0.48779296875 0.24267578125 0.08251953125 0.06982421875
0 0.58740234375 0.24267578125 0.1015625 0.06787109375
0 0.69921875 0.23828125 0.10595703125 0.07080078125
0 0.798828125 0.23486328125 0.07861328125 0.06689453125
0 0.8818359375 0.23828125 0.08056640625 0.06494140625
0 0.9384765625 0.2412109375 0.033203125 0.0546875
0 0.3515625 0.3349609375 0.0732421875 0.06982421875
0 0.44140625 0.32861328125 0.08251953125 0.0576171875
0 0.53955078125 0.3330078125 0.1025390625 0.06787109375
0 0.62744140625 0.3232421875 0.0634765625 0.06298828125
0 0.71044921875 0.3271484375 0.09130859375 0.07080078125
0 0.8115234375 0.3251953125 0.0966796875 0.056640625
0 0.478515625 0.40673828125 0.0908203125 0.0478515625
0 0.5498046875 0.4013671875 0.04248046875 0.04638671875
0 0.60986328125 0.40283203125 0.0751953125 0.04541015625
0 0.70654296875 0.40185546875 0.07421875 0.03125
0 0.40576171875 0.48193359375 0.0419921875 0.04150390625
0 0.44775390625 0.4853515625 0.048828125 0.04052734375
0 0.50244140625 0.48583984375 0.05517578125 0.0498046875
0 0.54443359375 0.47900390625 0.02978515625 0.03662109375
0 0.5791015625 0.47802734375 0.029296875 0.03662109375
0 0.626953125 0.48193359375 0.0634765625 0.04150390625
0 0.67138671875 0.47998046875 0.0185546875 0.03955078125
0 0.70849609375 0.48095703125 0.0498046875 0.03955078125
0 0.759765625 0.47705078125 0.05615234375 0.04052734375
0 0.19873046875 0.84619140625 0.0185546875 0.04248046875