0 0.17578125 0.0390625 0.04736328125 0.048828125
0 0.17578125 0.0771484375 0.04931640625 0.025390625
0 0.17822265625 0.10546875 0.04833984375 0.025390625
0 0.35205078125 0.03369140625 0.01611328125 0.0166015625
0 0.3837890625 0.03515625 0.04833984375 0.02392578125
0 0.34228515625 0.14404296875 0.01318359375 0.044921875
0 0.3427734375 0.11181640625 0.01025390625 0.03076171875
0 0.35595703125 0.087890625 0.02734375 0.03955078125
0 0.38330078125 0.08056640625 0.025390625 0.02880859375
0 0.40185546875 0.10400390625 0.02197265625 0.04296875
0 0.4072265625 0.14892578125 0.01123046875 0.044921875
0 0.35009765625 0.185546875 0.01708984375 0.02880859375
0 0.36328125 0.19677734375 0.01513671875 0.02001953125
0 0.3759765625 0.19873046875 0.01708984375 0.01953125
0 0.39697265625 0.18896484375 0.0234375 0.03955078125
0 0.62353515625 0.20458984375 0.0322265625 0.0400390625
0 0.52001953125 0.0048828125 0.0126953125 0.009765625
0 0.53271484375 0.00439453125 0.0126953125 0.0087890625
0 0.54345703125 0.0048828125 0.0087890625 0.009765625
0 0.55517578125 0.00634765625 0.0126953125 0.0126953125
0 0.5673828125 0.00439453125 0.009765625 0.0087890625
0 0.5771484375 0.00634765625 0.009765625 0.0126953125
0 0.5849609375 0.0048828125 0.005859375 0.009765625
0 0.59619140625 0.0107421875 0.0146484375 0.021484375
0 0.5244140625 0.03515625 0.013671875 0.02783203125
0 0.54052734375 0.03759765625 0.01708984375 0.02880859375
0 0.552734375 0.0322265625 0.009765625 0.03369140625
0 0.5615234375 0.0322265625 0.01025390625 0.03369140625
0 0.5732421875 0.03564453125 0.01513671875 0.0380859375
0 0.01513671875 0.228515625 0.0302734375 0.1875
0 0.08447265625 0.29833984375 0.0830078125 0.1025390625
0 0.16796875 0.19140625 0.0673828125 0.12939453125
0 0.80078125 0.6669921875 0.322265625 0.19140625
0 0.6748046875 0.85009765625 0.0703125 0.1083984375
0 0.759765625 0.85986328125 0.11474609375 0.10205078125
0 0.86376953125 0.85302734375 0.10693359375 0.07470703125
0 0.95556640625 0.8603515625 0.0888671875 0.099609375