0 0.517578125 0.1826171875 0.076171875 0.103515625
0 0.64599609375 0.1552734375 0.1376953125 0.111328125
0 0.634765625 0.275390625 0.310546875 0.140625
0 0.08642578125 0.63134765625 0.0224609375 0.0244140625
0 0.0869140625 0.6142578125 0.03125 0.0322265625
0 0.0419921875 0.8759765625 0.03369140625 0.0341796875
0 0.06689453125 0.86083984375 0.02392578125 0.0302734375
0 0.10986328125 0.86279296875 0.0625 0.04150390625
0 0.0703125 0.9345703125 0.03271484375 0.0224609375
0 0.09814453125 0.92822265625 0.021484375 0.0244140625
0 0.08251953125 0.94775390625 0.0224609375 0.01904296875
0 0.10888671875 0.94677734375 0.02978515625 0.02099609375
0 0.083984375 0.91455078125 0.125 0.0625
0 0.251953125 0.8525390625 0.0185546875 0.0322265625
0 0.2392578125 0.86083984375 0.0263671875 0.07568359375
0 0.015625 0.990234375 0.021484375 0.01708984375
0 0.03125 0.98779296875 0.013671875 0.0244140625
0 0.04931640625 0.98681640625 0.021484375 0.02099609375
0 0.07080078125 0.98583984375 0.0185546875 0.01904296875
0 0.08642578125 0.98291015625 0.0126953125 0.01708984375
0 0.12744140625 0.97802734375 0.072265625 0.0341796875
0 0.5947265625 0.4560546875 0.154296875 0.173828125
0 0.5302734375 0.7529296875 0.080078125 0.0869140625
0 0.61962890625 0.74072265625 0.0859375 0.09326171875
0 0.68359375 0.7451171875 0.02587890625 0.072265625
0 0.50537109375 0.8310546875 0.02587890625 0.06884765625
0 0.55419921875 0.82763671875 0.07177734375 0.06884765625
0 0.6083984375 0.82763671875 0.0361328125 0.05126953125
0 0.640625 0.82470703125 0.02783203125 0.05126953125
0 0.6572265625 0.82763671875 0.01416015625 0.033203125
0 0.68017578125 0.82177734375 0.0361328125 0.05126953125
0 0.5224609375 0.8984375 0.06005859375 0.078125
0 0.57763671875 0.892578125 0.0458984375 0.072265625