0 0.49169921875 0.08154296875 0.03271484375 0.013671875
0 0.5205078125 0.0751953125 0.0283203125 0.01416015625
0 0.49951171875 0.09716796875 0.14892578125 0.05322265625
0 0.52685546875 0.17041015625 0.0478515625 0.02587890625
0 0.53271484375 0.19091796875 0.0537109375 0.02197265625
0 0.54052734375 0.2099609375 0.0498046875 0.0244140625
0 0.6171875 0.31884765625 0.0546875 0.0185546875
0 0.64990234375 0.31298828125 0.021484375 0.015625
0 0.59130859375 0.34619140625 0.07421875 0.03271484375
0 0.66796875 0.33642578125 0.09423828125 0.04541015625
0 0.62255859375 0.375 0.08154296875 0.02978515625
0 0.68359375 0.3662109375 0.0556640625 0.0234375
0 0.46728515625 0.3681640625 0.03369140625 0.02001953125
0 0.49658203125 0.36474609375 0.02197265625 0.017578125
0 0.5205078125 0.3603515625 0.0361328125 0.021484375
0 0.44775390625 0.3876953125 0.046875 0.0205078125
0 0.5048828125 0.37841796875 0.07373046875 0.02685546875
0 0.43408203125 0.2080078125 0.1494140625 0.173828125
0 0.48046875 0.279296875 0.2421875 0.107421875
0 0.96337890625 0.0068359375 0.0732421875 0.013671875
0 0.8193359375 0.0009765625 0.017578125 0.001953125
0 0.8369140625 0.001953125 0.015625 0.00390625
0 0.8505859375 0.001953125 0.013671875 0.00390625
0 0.86279296875 0.00244140625 0.0107421875 0.0048828125
0 0.798828125 0.001953125 0.017578125 0.00390625
0 0.81787109375 0.00390625 0.0185546875 0.00634765625
0 0.83447265625 0.00634765625 0.013671875 0.00537109375
0 0.84912109375 0.0068359375 0.01318359375 0.005859375
0 0.861328125 0.00732421875 0.01025390625 0.00439453125
0 0.77001953125 0.29443359375 0.0234375 0.02001953125
0 0.7783203125 0.279296875 0.0166015625 0.013671875
0 0.78271484375 0.26708984375 0.01953125 0.01171875
0 0.78369140625 0.25830078125 0.013671875 0.0087890625
0 0.78515625 0.24755859375 0.017578125 0.01416015625
0 0.78515625 0.2333984375 0.015625 0.01220703125
0 0.7822265625 0.21728515625 0.01611328125 0.01806640625
0 0.7802734375 0.2021484375 0.01611328125 0.01220703125
0 0.77392578125 0.19140625 0.01806640625 0.01123046875
0 0.76904296875 0.1796875 0.02099609375 0.01025390625
0 0.75634765625 0.1650390625 0.03076171875 0.017578125
0 0.11279296875 0.5205078125 0.18994140625 0.08837890625
0 0.28466796875 0.51025390625 0.1494140625 0.1083984375
0 0.0966796875 0.666015625 0.193359375 0.212890625
0 0.2626953125 0.64892578125 0.08740234375 0.16845703125
0 0.0986328125 0.7890625 0.12890625 0.08837890625
0 0.208984375 0.78466796875 0.08251953125 0.08642578125
0 0.27294921875 0.80078125 0.0224609375 0.021484375
0 0.32763671875 0.79296875 0.0634765625 0.056640625
0 0.015625 0.79931640625 0.03125 0.0595703125
0 0.0546875 0.8681640625 0.08642578125 0.056640625
0 0.1240234375 0.8583984375 0.03271484375 0.05322265625
0 0.17236328125 0.857421875 0.05126953125 0.05517578125
0 0.2314453125 0.8564453125 0.06005859375 0.056640625
0 0.28662109375 0.8583984375 0.0498046875 0.04345703125
0 0.33837890625 0.8583984375 0.0419921875 0.046875
0 0.01611328125 0.92431640625 0.0322265625 0.0498046875
0 0.08837890625 0.919921875 0.048828125 0.03662109375
0 0.19970703125 0.91650390625 0.1689453125 0.0400390625
0 0.2939453125 0.9189453125 0.0126953125 0.01513671875
0 0.6513671875 0.51416015625 0.583984375 0.2099609375
0 0.484375 0.7314453125 0.25 0.197265625
0 0.83984375 0.75146484375 0.31982421875 0.2158203125
0 0.4755859375 0.93115234375 0.232421875 0.1376953125