0 0.47314453125 0.04296875 0.0322265625 0.060546875
0 0.4775390625 0.11962890625 0.0234375 0.0771484375
0 0.66943359375 0.14208984375 0.27783203125 0.15380859375
0 0.98583984375 0.14794921875 0.0283203125 0.0771484375
0 0.8349609375 0.27294921875 0.0859375 0.0126953125
0 0.39501953125 0.4384765625 0.03173828125 0.013671875
0 0.4228515625 0.43798828125 0.02392578125 0.0146484375
0 0.45166015625 0.435546875 0.03173828125 0.013671875
0 0.47900390625 0.43359375 0.0205078125 0.013671875
0 0.39208984375 0.4638671875 0.06103515625 0.03857421875
0 0.45654296875 0.46142578125 0.0654296875 0.0322265625
0 0.74462890625 0.34228515625 0.5107421875 0.0966796875
0 0.619140625 0.43408203125 0.0712890625 0.046875
0 0.6796875 0.42626953125 0.0498046875 0.044921875
0 0.72705078125 0.42724609375 0.04736328125 0.0400390625
0 0.79833984375 0.43212890625 0.09765625 0.046875
0 0.86865234375 0.42724609375 0.0400390625 0.0400390625
0 0.59228515625 0.97607421875 0.2060546875 0.0478515625
0 0.84130859375 0.9912109375 0.1708984375 0.017578125