0 0.0302734375 0.2294921875 0.013671875 0.0166015625
0 0.0478515625 0.2353515625 0.021484375 0.015625
0 0.0390625 0.24609375 0.0263671875 0.01708984375
0 0.30810546875 0.55126953125 0.05712890625 0.02685546875
0 0.35400390625 0.55615234375 0.02978515625 0.0263671875
0 0.3896484375 0.5595703125 0.03369140625 0.0234375
0 0.41796875 0.55859375 0.02099609375 0.02490234375
0 0.44775390625 0.560546875 0.03369140625 0.025390625
0 0.47900390625 0.5654296875 0.02978515625 0.02490234375
0 0.51953125 0.56640625 0.0458984375 0.0263671875
0 0.5751953125 0.5693359375 0.06591796875 0.0234375
0 0.03564453125 0.8369140625 0.01123046875 0.0068359375
0 0.02001953125 0.87451171875 0.01513671875 0.01025390625
0 0.0322265625 0.87158203125 0.01025390625 0.0068359375
0 0.01318359375 0.88525390625 0.013671875 0.0087890625
0 0.025390625 0.8837890625 0.01416015625 0.0087890625
0 0.0419921875 0.88232421875 0.02001953125 0.01171875
0 0.0068359375 0.89453125 0.01123046875 0.01025390625
0 0.02099609375 0.8935546875 0.017578125 0.01171875
0 0.0390625 0.89111328125 0.01611328125 0.01025390625
0 0.02294921875 0.9052734375 0.02392578125 0.01513671875
0 0.0439453125 0.90380859375 0.01611328125 0.01513671875
0 0.06689453125 0.81201171875 0.03955078125 0.0400390625
0 0.107421875 0.81103515625 0.03857421875 0.03125
0 0.16357421875 0.80615234375 0.03466796875 0.03515625
0 0.19921875 0.8056640625 0.03466796875 0.033203125