0 0.7197265625 0.36962890625 0.04248046875 0.068359375
0 0.7578125 0.376953125 0.0390625 0.0615234375
0 0.80517578125 0.37548828125 0.0615234375 0.06982421875
0 0.86376953125 0.38818359375 0.05859375 0.05029296875
0 0.90576171875 0.39013671875 0.025390625 0.048828125
0 0.74462890625 0.85595703125 0.09814453125 0.080078125
0 0.8408203125 0.85693359375 0.08642578125 0.07763671875
0 0.92822265625 0.8603515625 0.08837890625 0.080078125
0 0.71826171875 0.95361328125 0.078125 0.080078125
0 0.787109375 0.96435546875 0.056640625 0.0712890625
0 0.8564453125 0.958984375 0.078125 0.08203125
0 0.9384765625 0.9599609375 0.083984375 0.080078125