0 0.1875 0.02197265625 0.14453125 0.0439453125
0 0.310546875 0.02587890625 0.095703125 0.0517578125
0 0.40478515625 0.0234375 0.0888671875 0.046875
0 0.48388671875 0.0244140625 0.0673828125 0.048828125
0 0.31298828125 0.177734375 0.33056640625 0.22802734375
0 0.177734375 0.333984375 0.08740234375 0.05712890625
0 0.29443359375 0.33837890625 0.134765625 0.0615234375
0 0.88232421875 0.056640625 0.2353515625 0.08984375
0 0.685546875 0.14892578125 0.01171875 0.0244140625
0 0.69970703125 0.1904296875 0.0400390625 0.03515625
0 0.9248046875 0.16650390625 0.150390625 0.0673828125
0 0.931640625 0.2724609375 0.13671875 0.068359375
0 0.76904296875 0.37744140625 0.1787109375 0.0849609375
0 0.951171875 0.36962890625 0.09765625 0.1240234375
0 0.6923828125 0.4892578125 0.025390625 0.03515625
0 0.69287109375 0.52392578125 0.0263671875 0.0322265625
0 0.8837890625 0.45556640625 0.06884765625 0.037109375
0 0.96337890625 0.4677734375 0.0732421875 0.037109375
0 0.9091796875 0.51611328125 0.181640625 0.0751953125
0 0.29296875 0.716796875 0.07080078125 0.048828125
0 0.38037109375 0.7294921875 0.0869140625 0.0380859375
0 0.451171875 0.740234375 0.037109375 0.04150390625
0 0.490234375 0.73583984375 0.02880859375 0.0400390625
0 0.53759765625 0.74072265625 0.0546875 0.04345703125
0 0.6103515625 0.74853515625 0.06982421875 0.044921875
0 0.6640625 0.7509765625 0.03125 0.04296875
0 0.50634765625 0.86767578125 0.234375 0.13525390625
0 0.2646484375 0.95361328125 0.12255859375 0.076171875
0 0.361328125 0.96142578125 0.060546875 0.06591796875
0 0.42431640625 0.97216796875 0.0537109375 0.0556640625
0 0.498046875 0.96875 0.076171875 0.0625
0 0.5615234375 0.9716796875 0.033203125 0.056640625
0 0.62744140625 0.97998046875 0.0927734375 0.0400390625