0 0.19189453125 0.4755859375 0.05859375 0.078125
0 0.248046875 0.48681640625 0.05126953125 0.10009765625
0 0.134765625 0.57568359375 0.07373046875 0.09130859375
0 0.18896484375 0.59033203125 0.03466796875 0.0712890625
0 0.2314453125 0.5966796875 0.05712890625 0.1025390625
0 0.29248046875 0.6044921875 0.0615234375 0.10009765625
0 0.2802734375 0.19921875 0.025390625 0.0244140625
0 0.30126953125 0.20263671875 0.01953125 0.02685546875
0 0.31494140625 0.205078125 0.013671875 0.0224609375
0 0.470703125 0.40966796875 0.02392578125 0.0224609375
0 0.67236328125 0.23486328125 0.02392578125 0.0244140625
0 0.6923828125 0.23828125 0.01953125 0.0224609375
0 0.70654296875 0.24072265625 0.01220703125 0.0224609375
0 0.9931640625 0.43408203125 0.013671875 0.02685546875
0 0.99365234375 0.50244140625 0.0126953125 0.0244140625
0 0.99365234375 0.53076171875 0.0126953125 0.0244140625
0 0.99267578125 0.56787109375 0.0087890625 0.0224609375
0 0.9931640625 0.59912109375 0.013671875 0.03125
0 0.9931640625 0.63818359375 0.013671875 0.02001953125
0 0.99169921875 0.67138671875 0.013671875 0.02001953125
0 0.9931640625 0.705078125 0.013671875 0.0244140625