0 0.44384765625 0.2099609375 0.1083984375 0.27734375
0 0.603515625 0.12353515625 0.158203125 0.2470703125
0 0.09716796875 0.67626953125 0.1943359375 0.0537109375
0 0.07080078125 0.84716796875 0.1416015625 0.1181640625
0 0.078125 0.9521484375 0.15625 0.095703125
0 0.96044921875 0.6669921875 0.0595703125 0.03515625
0 0.7783203125 0.65771484375 0.037109375 0.0166015625
0 0.8115234375 0.66259765625 0.02734375 0.0263671875
0 0.83544921875 0.66845703125 0.0224609375 0.033203125
0 0.8564453125 0.6787109375 0.0185546875 0.03173828125
0 0.88818359375 0.693359375 0.04541015625 0.05029296875
0 0.92236328125 0.70849609375 0.02001953125 0.03515625
0 0.94091796875 0.71826171875 0.02001953125 0.033203125
0 0.96484375 0.728515625 0.025390625 0.03515625
0 0.9873046875 0.73779296875 0.01611328125 0.03173828125
0 0.74267578125 0.7880859375 0.02392578125 0.03515625
0 0.76416015625 0.79736328125 0.021484375 0.03173828125
0 0.79833984375 0.81396484375 0.05224609375 0.04248046875
0 0.8349609375 0.828125 0.021484375 0.02978515625
0 0.8603515625 0.83740234375 0.029296875 0.033203125
0 0.8837890625 0.8466796875 0.017578125 0.02587890625
0 0.912109375 0.857421875 0.04248046875 0.037109375
0 0.94775390625 0.87255859375 0.02783203125 0.02978515625
0 0.97021484375 0.87890625 0.02001953125 0.02783203125
0 0.990234375 0.88671875 0.01953125 0.033203125
0 0.70947265625 0.89208984375 0.06689453125 0.072265625
0 0.75927734375 0.91064453125 0.0361328125 0.0537109375
0 0.79541015625 0.9208984375 0.03857421875 0.0595703125
0 0.841796875 0.9404296875 0.06396484375 0.06103515625
0 0.88720703125 0.95703125 0.0322265625 0.05029296875
0 0.92578125 0.96826171875 0.04541015625 0.0576171875
0 0.97265625 0.97705078125 0.0546875 0.0458984375
0 0.79052734375 0.97412109375 0.1787109375 0.0517578125