0 0.572265625 0.1435546875 0.0498046875 0.05322265625
0 0.61767578125 0.14013671875 0.0400390625 0.06005859375
0 0.68017578125 0.13671875 0.0849609375 0.06689453125
0 0.74365234375 0.1435546875 0.04248046875 0.046875
0 0.7900390625 0.1435546875 0.0498046875 0.046875
0 0.59765625 0.19189453125 0.0400390625 0.02978515625
0 0.64990234375 0.19189453125 0.06494140625 0.02978515625
0 0.7138671875 0.18994140625 0.0576171875 0.033203125
0 0.81005859375 0.259765625 0.0498046875 0.05322265625
0 0.87353515625 0.2568359375 0.08251953125 0.06005859375
0 0.94140625 0.2548828125 0.04736328125 0.0634765625
0 0.8486328125 0.3115234375 0.04248046875 0.04345703125
0 0.89501953125 0.3115234375 0.0498046875 0.04345703125
0 0.82763671875 0.3583984375 0.06982421875 0.02978515625
0 0.8837890625 0.35498046875 0.03759765625 0.02978515625
0 0.93359375 0.35498046875 0.0576171875 0.02978515625