0 0.12841796875 0.15380859375 0.03515625 0.02001953125
0 0.154296875 0.15576171875 0.0146484375 0.02001953125
0 0.173828125 0.15576171875 0.0244140625 0.017578125
0 0.2060546875 0.15576171875 0.04296875 0.02001953125
0 0.24951171875 0.15673828125 0.04931640625 0.02001953125
0 0.28759765625 0.158203125 0.02978515625 0.0166015625
0 0.31640625 0.1591796875 0.02978515625 0.0166015625
0 0.34716796875 0.1591796875 0.02880859375 0.0185546875
0 0.2802734375 0.26318359375 0.1455078125 0.05126953125
0 0.2021484375 0.34375 0.09912109375 0.029296875
0 0.20068359375 0.36181640625 0.0986328125 0.015625
0 0.5576171875 0.26806640625 0.20947265625 0.0966796875
0 0.76806640625 0.265625 0.20166015625 0.08740234375
0 0.39599609375 0.33056640625 0.0830078125 0.0302734375
0 0.4892578125 0.33544921875 0.08203125 0.029296875
0 0.5751953125 0.33740234375 0.0673828125 0.02685546875
0 0.6748046875 0.33740234375 0.12353515625 0.029296875
0 0.77294921875 0.33740234375 0.0537109375 0.029296875
0 0.84765625 0.33837890625 0.078125 0.03125
0 0.70263671875 0.38134765625 0.03662109375 0.03125
0 0.7646484375 0.38232421875 0.0810546875 0.03125
0 0.818359375 0.3837890625 0.0146484375 0.0302734375
0 0.8642578125 0.38037109375 0.06396484375 0.033203125
0 0.36767578125 0.37548828125 0.08984375 0.0341796875
0 0.4384765625 0.37451171875 0.046875 0.0283203125
0 0.49365234375 0.37841796875 0.05322265625 0.0341796875
0 0.546875 0.37646484375 0.0439453125 0.0302734375
0 0.6025390625 0.3828125 0.0615234375 0.03662109375
0 0.47900390625 0.4267578125 0.1591796875 0.05712890625
0 0.6259765625 0.45361328125 0.0625 0.02197265625
0 0.6728515625 0.4541015625 0.0283203125 0.02099609375
0 0.6982421875 0.45458984375 0.0205078125 0.02197265625
0 0.73193359375 0.45458984375 0.0439453125 0.02197265625
0 0.77685546875 0.4541015625 0.04296875 0.02294921875
0 0.8212890625 0.4541015625 0.046875 0.02099609375
0 0.8623046875 0.453125 0.03515625 0.0166015625
0 0.8916015625 0.4521484375 0.02587890625 0.0185546875
0 0.70166015625 0.419921875 0.0361328125 0.03564453125
0 0.7490234375 0.4208984375 0.0166015625 0.033203125
0 0.806640625 0.42138671875 0.05712890625 0.0341796875
0 0.865234375 0.42138671875 0.0087890625 0.0322265625
0 0.0771484375 0.9130859375 0.02490234375 0.02392578125
0 0.0986328125 0.90380859375 0.01708984375 0.02197265625
0 0.14697265625 0.8798828125 0.01708984375 0.02197265625
0 0.1611328125 0.8740234375 0.0126953125 0.0166015625
0 0.498046875 0.90576171875 0.01953125 0.017578125
0 0.49658203125 0.9189453125 0.02587890625 0.02490234375
0 0.8095703125 0.8505859375 0.0166015625 0.017578125
0 0.82470703125 0.857421875 0.01806640625 0.0166015625
0 0.87939453125 0.87548828125 0.0224609375 0.02001953125
0 0.900390625 0.88330078125 0.0244140625 0.0185546875
0 0.68798828125 0.1669921875 0.01318359375 0.01123046875
0 0.6982421875 0.16748046875 0.00927734375 0.0126953125
0 0.7177734375 0.16845703125 0.03125 0.01123046875
0 0.7373046875 0.1689453125 0.0107421875 0.0146484375
0 0.75048828125 0.16845703125 0.0166015625 0.013671875
0 0.7685546875 0.169921875 0.01953125 0.0126953125
0 0.7841796875 0.1689453125 0.01416015625 0.0146484375
0 0.798828125 0.1708984375 0.0166015625 0.0126953125
0 0.8115234375 0.17236328125 0.0087890625 0.01123046875
0 0.82275390625 0.1708984375 0.015625 0.0126953125
0 0.8388671875 0.171875 0.01806640625 0.0126953125
0 0.85302734375 0.171875 0.015625 0.0146484375
0 0.8662109375 0.171875 0.0107421875 0.0126953125
0 0.88037109375 0.17236328125 0.0185546875 0.013671875