0 0.01171875 0.2255859375 0.0234375 0.01953125
0 0.03466796875 0.21826171875 0.0263671875 0.01953125
0 0.0654296875 0.21142578125 0.04150390625 0.02197265625
0 0.09619140625 0.20263671875 0.0302734375 0.02001953125
0 0.1240234375 0.19580078125 0.02880859375 0.017578125
0 0.05078125 0.3759765625 0.013671875 0.01171875
0 0.0595703125 0.369140625 0.0107421875 0.0087890625
0 0.06640625 0.36572265625 0.0078125 0.00732421875
0 0.07275390625 0.3642578125 0.0078125 0.00732421875
0 0.0810546875 0.36279296875 0.01025390625 0.00634765625
0 0.091796875 0.36376953125 0.013671875 0.00732421875
0 0.064453125 0.3740234375 0.01904296875 0.0126953125
0 0.080078125 0.3701171875 0.01708984375 0.0078125
0 0.0322265625 0.4677734375 0.064453125 0.046875
0 0.0849609375 0.45166015625 0.05322265625 0.04345703125
0 0.82763671875 0.02587890625 0.0283203125 0.0517578125
0 0.86181640625 0.02099609375 0.0361328125 0.0419921875
0 0.02099609375 0.775390625 0.01513671875 0.02783203125
0 0.0341796875 0.779296875 0.01416015625 0.025390625
0 0.04638671875 0.7841796875 0.01416015625 0.029296875
0 0.76123046875 0.68603515625 0.103515625 0.0869140625
0 0.84814453125 0.68994140625 0.0634765625 0.0947265625
0 0.72705078125 0.779296875 0.08154296875 0.08447265625
0 0.8056640625 0.7880859375 0.04150390625 0.072265625
0 0.861328125 0.79052734375 0.0732421875 0.08203125