0 0.37109375 0.1494140625 0.13671875 0.205078125
0 0.396484375 0.3212890625 0.0859375 0.10546875
0 0.341796875 0.44580078125 0.1953125 0.1845703125
0 0.3486328125 0.5625 0.181640625 0.193359375
0 0.5087890625 0.05322265625 0.13671875 0.1064453125
0 0.453125 0.1943359375 0.02734375 0.068359375
0 0.51171875 0.203125 0.0654296875 0.0556640625
0 0.59814453125 0.203125 0.08447265625 0.0517578125
0 0.45654296875 0.28857421875 0.0341796875 0.0556640625
0 0.54638671875 0.2978515625 0.11474609375 0.0595703125
0 0.65966796875 0.2939453125 0.08251953125 0.0556640625
0 0.77197265625 0.2958984375 0.109375 0.0595703125
0 0.896484375 0.30517578125 0.10400390625 0.04443359375
0 0.4970703125 0.34716796875 0.0908203125 0.0390625
0 0.5791015625 0.34521484375 0.05126953125 0.03173828125
0 0.65576171875 0.34912109375 0.0810546875 0.0390625
0 0.7431640625 0.353515625 0.0751953125 0.033203125
0 0.8349609375 0.353515625 0.09375 0.02978515625
0 0.9248046875 0.3564453125 0.07275390625 0.0390625
0 0.57470703125 0.38427734375 0.06689453125 0.02783203125
0 0.24560546875 0.88330078125 0.0322265625 0.06884765625
0 0.25146484375 0.9111328125 0.02587890625 0.06396484375
0 0.4248046875 0.75439453125 0.029296875 0.04345703125
0 0.388671875 0.822265625 0.1015625 0.09375
0 0.4130859375 0.90087890625 0.04296875 0.052734375
0 0.46533203125 0.79296875 0.0517578125 0.107421875
0 0.51220703125 0.8046875 0.041015625 0.0888671875
0 0.5546875 0.80322265625 0.04736328125 0.08642578125
0 0.61279296875 0.7900390625 0.06494140625 0.11767578125
0 0.66455078125 0.80322265625 0.04345703125 0.091796875
0 0.7236328125 0.79931640625 0.07470703125 0.1044921875
0 0.80810546875 0.79150390625 0.09033203125 0.115234375
0 0.8828125 0.80859375 0.06298828125 0.08642578125
0 0.94580078125 0.81103515625 0.06298828125 0.11279296875
0 0.9892578125 0.81396484375 0.021484375 0.0810546875
0 0.7119140625 0.693359375 0.04345703125 0.04443359375
0 0.751953125 0.69580078125 0.041015625 0.0390625
0 0.79345703125 0.70361328125 0.04541015625 0.0341796875
0 0.83837890625 0.70361328125 0.04931640625 0.0341796875