0 0.27587890625 0.3369140625 0.05126953125 0.0634765625
0 0.3349609375 0.333984375 0.05419921875 0.0634765625
0 0.41064453125 0.33740234375 0.08740234375 0.0556640625
0 0.3212890625 0.42724609375 0.22314453125 0.14208984375
0 0.19873046875 0.3720703125 0.0283203125 0.02880859375
0 0.2255859375 0.36865234375 0.02490234375 0.0302734375
0 0.79248046875 0.14208984375 0.02685546875 0.02392578125
0 0.89404296875 0.26123046875 0.02783203125 0.07177734375
0 0.93359375 0.2568359375 0.0439453125 0.064453125
0 0.9794921875 0.2412109375 0.041015625 0.087890625
0 0.1064453125 0.71044921875 0.173828125 0.24169921875
0 0.2802734375 0.6962890625 0.16357421875 0.2099609375
0 0.41064453125 0.7080078125 0.0986328125 0.162109375
0 0.71484375 0.7578125 0.1513671875 0.08837890625
0 0.8974609375 0.7587890625 0.205078125 0.087890625
0 0.5791015625 0.86376953125 0.0849609375 0.06689453125
0 0.701171875 0.8603515625 0.15380859375 0.080078125
0 0.8515625 0.859375 0.134765625 0.07177734375
0 0.9619140625 0.8564453125 0.076171875 0.0859375
0 0.49658203125 0.8779296875 0.03515625 0.02490234375
0 0.47216796875 0.958984375 0.0244140625 0.068359375
0 0.49853515625 0.9501953125 0.03125 0.0634765625
0 0.52978515625 0.9560546875 0.02880859375 0.0517578125
0 0.5732421875 0.9521484375 0.05615234375 0.0634765625
0 0.62353515625 0.95703125 0.041015625 0.056640625
0 0.67138671875 0.95947265625 0.05517578125 0.05810546875