0 0.2275390625 0.09423828125 0.0771484375 0.1123046875
0 0.29638671875 0.09326171875 0.05029296875 0.1142578125
0 0.36962890625 0.10498046875 0.087890625 0.13818359375
0 0.46142578125 0.09423828125 0.08544921875 0.1162109375
0 0.5556640625 0.076171875 0.0908203125 0.1484375
0 0.66552734375 0.0771484375 0.11376953125 0.146484375
0 0.78271484375 0.0771484375 0.1044921875 0.150390625
0 0.1982421875 0.21533203125 0.02490234375 0.0419921875
0 0.2294921875 0.21044921875 0.03759765625 0.04833984375
0 0.27294921875 0.21630859375 0.044921875 0.0400390625
0 0.30908203125 0.21923828125 0.02490234375 0.0458984375
0 0.3349609375 0.21142578125 0.02099609375 0.0458984375
0 0.3642578125 0.21142578125 0.033203125 0.0458984375
0 0.408203125 0.21923828125 0.05029296875 0.05029296875
0 0.45703125 0.21533203125 0.0439453125 0.05810546875
0 0.50146484375 0.21142578125 0.03466796875 0.05029296875
0 0.53955078125 0.21630859375 0.033203125 0.05224609375
0 0.5732421875 0.21142578125 0.033203125 0.05419921875
0 0.61669921875 0.21337890625 0.0458984375 0.05810546875
0 0.66064453125 0.21240234375 0.033203125 0.05224609375
0 0.70703125 0.21630859375 0.03466796875 0.0439453125
0 0.779296875 0.21923828125 0.11181640625 0.0458984375
0 0.3505859375 0.4609375 0.05029296875 0.083984375
0 0.40966796875 0.466796875 0.06591796875 0.076171875
0 0.4775390625 0.47802734375 0.06591796875 0.0859375
0 0.53369140625 0.47998046875 0.03662109375 0.0859375
0 0.5791015625 0.46484375 0.05419921875 0.09619140625
0 0.6513671875 0.47216796875 0.08544921875 0.09033203125
0 0.52001953125 0.5439453125 0.11669921875 0.05029296875
0 0.34326171875 0.58935546875 0.03759765625 0.05615234375
0 0.38330078125 0.5849609375 0.0439453125 0.06396484375
0 0.4169921875 0.59423828125 0.0283203125 0.07421875