0 0.21337890625 0.06494140625 0.0908203125 0.08837890625
0 0.29150390625 0.04052734375 0.0556640625 0.0771484375
0 0.291015625 0.1611328125 0.056640625 0.140625
0 0.16064453125 0.2802734375 0.0341796875 0.06005859375
0 0.2021484375 0.279296875 0.048828125 0.0556640625
0 0.26416015625 0.26611328125 0.0634765625 0.06787109375
0 0.30908203125 0.25830078125 0.0205078125 0.0712890625
0 0.205078125 0.3330078125 0.099609375 0.052734375
0 0.712890625 0.2060546875 0.0390625 0.1015625
0 0.748046875 0.17822265625 0.03515625 0.1015625
0 0.7939453125 0.13623046875 0.056640625 0.12939453125
0 0.857421875 0.0712890625 0.06640625 0.1396484375
0 0.931640625 0.041015625 0.08203125 0.08203125
0 0.755859375 0.30615234375 0.0703125 0.1064453125
0 0.8193359375 0.28662109375 0.044921875 0.1455078125
0 0.9189453125 0.216796875 0.142578125 0.28515625
0 0.06201171875 0.4892578125 0.1240234375 0.228515625
0 0.01123046875 0.62451171875 0.0224609375 0.0478515625
0 0.01953125 0.65673828125 0.0390625 0.0244140625
0 0.05615234375 0.88330078125 0.02197265625 0.0400390625
0 0.05224609375 0.8505859375 0.0185546875 0.017578125
0 0.048828125 0.818359375 0.02099609375 0.04052734375
0 0.04736328125 0.7763671875 0.02392578125 0.03515625
0 0.04052734375 0.7431640625 0.01904296875 0.0263671875
0 0.03857421875 0.708984375 0.01904296875 0.04052734375
0 0.123046875 0.8310546875 0.01416015625 0.02880859375
0 0.12255859375 0.80908203125 0.013671875 0.01025390625
0 0.140625 0.91015625 0.0107421875 0.01806640625
0 0.24072265625 0.83447265625 0.1572265625 0.1259765625
0 0.2255859375 0.67431640625 0.1875 0.2685546875
0 0.29736328125 0.6220703125 0.0439453125 0.12890625
0 0.2978515625 0.4990234375 0.04296875 0.087890625
0 0.16943359375 0.37939453125 0.0458984375 0.0400390625
0 0.2060546875 0.380859375 0.0439453125 0.04052734375
0 0.830078125 0.388671875 0.208984375 0.05859375
0 0.759765625 0.51953125 0.32861328125 0.1484375
0 0.970703125 0.54150390625 0.05859375 0.1181640625
0 0.7607421875 0.69287109375 0.16015625 0.16162109375