0 0.17578125 0.212890625 0.2802734375 0.09375
0 0.3759765625 0.2216796875 0.16796875 0.091796875
0 0.29248046875 0.38232421875 0.3349609375 0.1943359375
0 0.48291015625 0.3642578125 0.0458984375 0.126953125
0 0.56494140625 0.37060546875 0.11865234375 0.1083984375
0 0.65869140625 0.3662109375 0.0712890625 0.10986328125
0 0.75244140625 0.35546875 0.076171875 0.13818359375
0 0.83447265625 0.34814453125 0.072265625 0.13330078125
0 0.91259765625 0.34619140625 0.076171875 0.13671875
0 0.9765625 0.35498046875 0.046875 0.1533203125
0 0.54931640625 0.462890625 0.0810546875 0.033203125
0 0.70166015625 0.46923828125 0.0185546875 0.0205078125
0 0.76611328125 0.45849609375 0.0947265625 0.0419921875
0 0.06494140625 0.5634765625 0.1298828125 0.103515625
0 0.28466796875 0.56689453125 0.2666015625 0.14990234375
0 0.0751953125 0.64453125 0.150390625 0.048828125
0 0.2197265625 0.64794921875 0.12109375 0.04833984375
0 0.03271484375 0.923828125 0.0556640625 0.05078125
0 0.07568359375 0.91943359375 0.0283203125 0.0390625
0 0.05322265625 0.978515625 0.0712890625 0.04052734375
0 0.18115234375 0.91796875 0.1005859375 0.04150390625
0 0.17919921875 0.966796875 0.0986328125 0.04296875
0 0.2998046875 0.94970703125 0.068359375 0.03515625
0 0.3681640625 0.90869140625 0.021484375 0.02099609375
0 0.36865234375 0.93505859375 0.0224609375 0.0234375
0 0.36962890625 0.96435546875 0.0224609375 0.02197265625
0 0.3681640625 0.98779296875 0.013671875 0.0244140625
0 0.6953125 0.61767578125 0.1142578125 0.07568359375
0 0.841796875 0.625 0.1357421875 0.07568359375
0 0.966796875 0.6357421875 0.06640625 0.087890625
0 0.86474609375 0.70068359375 0.14453125 0.07177734375
0 0.97265625 0.70068359375 0.0546875 0.0537109375
0 0.8525390625 0.78369140625 0.0498046875 0.03662109375
0 0.89453125 0.7900390625 0.0263671875 0.0361328125
0 0.9248046875 0.78662109375 0.0283203125 0.03466796875
0 0.96630859375 0.791015625 0.0478515625 0.0302734375
0 0.99658203125 0.79052734375 0.0068359375 0.0341796875
0 0.859375 0.82373046875 0.06396484375 0.0234375
0 0.93310546875 0.8271484375 0.0703125 0.02294921875
0 0.98779296875 0.830078125 0.0244140625 0.021484375
0 0.74755859375 0.87451171875 0.0244140625 0.00732421875
0 0.73681640625 0.8837890625 0.02392578125 0.00830078125
0 0.7548828125 0.88427734375 0.0146484375 0.00830078125
0 0.765625 0.88427734375 0.0107421875 0.0078125
0 0.77587890625 0.8857421875 0.01416015625 0.0087890625
0 0.8310546875 0.8642578125 0.01220703125 0.01318359375
0 0.84423828125 0.8642578125 0.015625 0.0126953125
0 0.8662109375 0.8662109375 0.02880859375 0.0107421875
0 0.88818359375 0.8662109375 0.0146484375 0.01220703125
0 0.8994140625 0.8671875 0.0068359375 0.009765625
0 0.9072265625 0.86572265625 0.0087890625 0.01416015625
0 0.91845703125 0.86669921875 0.01513671875 0.01318359375
0 0.93212890625 0.86865234375 0.01171875 0.0146484375
0 0.9423828125 0.86767578125 0.0087890625 0.0126953125
0 0.9560546875 0.8681640625 0.01904296875 0.0126953125
0 0.9716796875 0.86767578125 0.0107421875 0.01416015625
0 0.98095703125 0.869140625 0.0087890625 0.01123046875
0 0.990234375 0.87060546875 0.0107421875 0.0146484375
0 0.99755859375 0.869140625 0.0048828125 0.013671875
0 0.8095703125 0.8798828125 0.025390625 0.01123046875
0 0.8388671875 0.8818359375 0.0341796875 0.01318359375
0 0.8818359375 0.8828125 0.05224609375 0.01513671875
0 0.93359375 0.884765625 0.0498046875 0.01318359375
0 0.962890625 0.8857421875 0.0087890625 0.013671875
0 0.9736328125 0.884765625 0.0107421875 0.013671875
0 0.9853515625 0.884765625 0.01171875 0.01318359375
0 0.99560546875 0.88671875 0.0087890625 0.01171875
0 0.83984375 0.89697265625 0.01513671875 0.01416015625
0 0.85693359375 0.89697265625 0.017578125 0.01318359375
0 0.8720703125 0.896484375 0.0107421875 0.0146484375
0 0.8837890625 0.89697265625 0.01220703125 0.01416015625
0 0.8994140625 0.89794921875 0.01708984375 0.013671875
0 0.9130859375 0.8994140625 0.00927734375 0.0107421875
0 0.9228515625 0.89990234375 0.00927734375 0.01123046875
0 0.93310546875 0.89892578125 0.01171875 0.01416015625
0 0.9443359375 0.900390625 0.01025390625 0.0107421875
0 0.95556640625 0.89990234375 0.01220703125 0.01318359375
0 0.9658203125 0.9013671875 0.00732421875 0.01416015625
0 0.9775390625 0.900390625 0.0146484375 0.015625
0 0.9892578125 0.9013671875 0.01025390625 0.013671875
0 0.9970703125 0.90185546875 0.005859375 0.0126953125
0 0.87109375 0.912109375 0.0146484375 0.01513671875
0 0.884765625 0.91162109375 0.01220703125 0.01318359375
0 0.8955078125 0.91259765625 0.0068359375 0.01513671875
0 0.90625 0.91357421875 0.01416015625 0.01416015625
0 0.919921875 0.912109375 0.01220703125 0.01416015625
0 0.93212890625 0.9140625 0.01171875 0.01318359375
0 0.94140625 0.91259765625 0.00830078125 0.0146484375
0 0.9521484375 0.9150390625 0.013671875 0.0146484375
0 0.9677734375 0.916015625 0.0166015625 0.01318359375
0 0.98828125 0.9169921875 0.0234375 0.013671875