0 0.82470703125 0.39990234375 0.2236328125 0.0791015625
0 0.5771484375 0.41796875 0.017578125 0.04296875
0 0.19384765625 0.49365234375 0.05712890625 0.08056640625
0 0.2509765625 0.50146484375 0.05322265625 0.07275390625
0 0.31396484375 0.50341796875 0.0732421875 0.0927734375
0 0.365234375 0.50927734375 0.029296875 0.0810546875
0 0.19775390625 0.580078125 0.0693359375 0.07666015625
0 0.2509765625 0.58203125 0.03662109375 0.08056640625
0 0.296875 0.59228515625 0.05517578125 0.068359375
0 0.35205078125 0.59814453125 0.05517578125 0.064453125
0 0.185546875 0.69921875 0.048828125 0.08056640625
0 0.23779296875 0.69921875 0.05078125 0.07275390625