0 0.294921875 0.0771484375 0.123046875 0.154296875
0 0.43603515625 0.08056640625 0.1162109375 0.1611328125
0 0.36962890625 0.3046875 0.21728515625 0.27001953125
0 0.35986328125 0.48046875 0.3134765625 0.05859375
0 0.08642578125 0.74072265625 0.08447265625 0.0595703125
0 0.18603515625 0.75732421875 0.115234375 0.052734375
0 0.2919921875 0.76123046875 0.0859375 0.05859375
0 0.14990234375 0.806640625 0.10107421875 0.060546875
0 0.2431640625 0.814453125 0.0732421875 0.0576171875
0 0.0927734375 0.85693359375 0.0537109375 0.0498046875
0 0.16748046875 0.861328125 0.08349609375 0.05078125
0 0.26513671875 0.87255859375 0.09375 0.04443359375
0 0.11962890625 0.91357421875 0.08740234375 0.0556640625
0 0.2353515625 0.92578125 0.1318359375 0.05078125
0 0.1435546875 0.978515625 0.08203125 0.04296875
0 0.232421875 0.97802734375 0.083984375 0.0439453125
0 0.69482421875 0.7373046875 0.0302734375 0.07421875
0 0.8525390625 0.7734375 0.02880859375 0.017578125
0 0.9931640625 0.6015625 0.013671875 0.041015625