0 0.31787109375 0.2861328125 0.03271484375 0.01416015625
0 0.31884765625 0.31201171875 0.07763671875 0.02734375
0 0.26171875 0.34912109375 0.029296875 0.02001953125
0 0.29248046875 0.34814453125 0.0322265625 0.02001953125
0 0.33251953125 0.34814453125 0.044921875 0.0205078125
0 0.3720703125 0.3447265625 0.033203125 0.021484375
0 0.1572265625 0.4033203125 0.07275390625 0.06591796875
0 0.2646484375 0.40380859375 0.12353515625 0.060546875
0 0.41845703125 0.39892578125 0.16845703125 0.05810546875
0 0.3154296875 0.54150390625 0.2314453125 0.1982421875
0 0.1826171875 0.70556640625 0.07568359375 0.0771484375
0 0.2880859375 0.68701171875 0.119140625 0.07568359375
0 0.392578125 0.67822265625 0.0791015625 0.0556640625
0 0.46826171875 0.65673828125 0.076171875 0.05126953125
0 0.18798828125 0.76611328125 0.12109375 0.06005859375
0 0.29541015625 0.7490234375 0.080078125 0.06005859375
0 0.39501953125 0.72314453125 0.09912109375 0.06201171875
0 0.48876953125 0.7060546875 0.072265625 0.05859375
0 0.55615234375 0.24267578125 0.0673828125 0.03759765625
0 0.6376953125 0.23779296875 0.0908203125 0.03955078125
0 0.7275390625 0.2412109375 0.08349609375 0.033203125
0 0.79541015625 0.2412109375 0.046875 0.03564453125
0 0.84326171875 0.2431640625 0.04833984375 0.03369140625
0 0.8896484375 0.24365234375 0.04296875 0.033203125
0 0.6142578125 0.2919921875 0.041015625 0.029296875
0 0.6640625 0.28857421875 0.05859375 0.03564453125
0 0.720703125 0.29248046875 0.06005859375 0.041015625
0 0.767578125 0.2919921875 0.03271484375 0.03662109375
0 0.8095703125 0.28857421875 0.0439453125 0.033203125
0 0.85009765625 0.2880859375 0.0341796875 0.03271484375
0 0.59130859375 0.34716796875 0.06103515625 0.037109375
0 0.6650390625 0.337890625 0.080078125 0.037109375
0 0.744140625 0.33984375 0.0703125 0.04150390625
0 0.79931640625 0.33544921875 0.03662109375 0.03466796875
0 0.8369140625 0.33740234375 0.0400390625 0.03662109375
0 0.88037109375 0.3359375 0.0419921875 0.029296875
0 0.82470703125 0.55810546875 0.01806640625 0.0205078125
0 0.83935546875 0.55615234375 0.01220703125 0.01953125
0 0.8505859375 0.55224609375 0.01171875 0.01953125
0 0.8701171875 0.5478515625 0.0263671875 0.025390625
0 0.822265625 0.5791015625 0.00732421875 0.01220703125
0 0.8330078125 0.57763671875 0.0146484375 0.01513671875
0 0.84912109375 0.57373046875 0.0166015625 0.0166015625
0 0.8623046875 0.572265625 0.01123046875 0.013671875