0 0.38818359375 0.326171875 0.0224609375 0.080078125
0 0.5693359375 0.0517578125 0.19140625 0.103515625
0 0.75146484375 0.05322265625 0.1337890625 0.1064453125
0 0.96142578125 0.06494140625 0.0771484375 0.1005859375
0 0.66357421875 0.265625 0.0439453125 0.08642578125
0 0.791015625 0.25439453125 0.17333984375 0.11181640625
0 0.9111328125 0.26611328125 0.04638671875 0.041015625
0 0.16064453125 0.509765625 0.04931640625 0.09912109375
0 0.26904296875 0.4765625 0.15869140625 0.13134765625
0 0.24755859375 0.5634765625 0.08447265625 0.08203125
0 0.04931640625 0.7177734375 0.0986328125 0.099609375
0 0.16162109375 0.68994140625 0.12451171875 0.11669921875
0 0.29150390625 0.66015625 0.123046875 0.10693359375
0 0.08154296875 0.77783203125 0.03515625 0.03955078125
0 0.12255859375 0.7705078125 0.04296875 0.04443359375
0 0.15625 0.76171875 0.0244140625 0.037109375
0 0.1845703125 0.75537109375 0.0263671875 0.03466796875
0 0.22314453125 0.748046875 0.04150390625 0.03955078125
0 0.25927734375 0.7431640625 0.03076171875 0.04443359375
0 0.28857421875 0.73095703125 0.02783203125 0.04443359375
0 0.31787109375 0.7255859375 0.02783203125 0.03955078125
0 0.3671875 0.71435546875 0.064453125 0.0615234375
0 0.0439453125 0.85595703125 0.06787109375 0.091796875
0 0.10791015625 0.8623046875 0.06005859375 0.0546875
0 0.166015625 0.85107421875 0.06005859375 0.05712890625
0 0.232421875 0.8173828125 0.0908203125 0.10400390625
0 0.28857421875 0.83740234375 0.0244140625 0.04443359375
0 0.3310546875 0.7978515625 0.05078125 0.04443359375
0 0.37451171875 0.7890625 0.037109375 0.0419921875
0 0.3271484375 0.8349609375 0.0400390625 0.03955078125
0 0.373046875 0.8310546875 0.05224609375 0.0419921875
0 0.1083984375 0.91064453125 0.021484375 0.02734375
0 0.14013671875 0.91455078125 0.03857421875 0.02978515625
0 0.17138671875 0.90673828125 0.021484375 0.02978515625
0 0.1962890625 0.904296875 0.021484375 0.03466796875
0 0.2314453125 0.8994140625 0.0400390625 0.02978515625
0 0.27001953125 0.89453125 0.03369140625 0.03466796875
0 0.31396484375 0.89208984375 0.0478515625 0.03955078125
0 0.3544921875 0.88330078125 0.0244140625 0.0322265625
0 0.38720703125 0.87841796875 0.0244140625 0.0322265625
0 0.078125 0.99560546875 0.0390625 0.0087890625
0 0.85888671875 0.458984375 0.1787109375 0.099609375
0 0.85400390625 0.61376953125 0.15771484375 0.1298828125
0 0.99755859375 0.41845703125 0.0048828125 0.0087890625
0 0.9873046875 0.4296875 0.02197265625 0.009765625
0 0.96826171875 0.4482421875 0.01171875 0.0078125
0 0.99462890625 0.52978515625 0.01025390625 0.0078125
0 0.97509765625 0.53759765625 0.0078125 0.0078125
0 0.98681640625 0.53955078125 0.0078125 0.0078125
0 0.96337890625 0.5546875 0.01171875 0.0078125
0 0.990234375 0.63232421875 0.01904296875 0.0107421875