0 0.1806640625 0.20751953125 0.02001953125 0.02490234375
0 0.20068359375 0.20751953125 0.02001953125 0.02490234375
0 0.22021484375 0.20751953125 0.017578125 0.02490234375
0 0.23828125 0.20751953125 0.0185546875 0.029296875
0 0.13720703125 0.2919921875 0.02099609375 0.0810546875
0 0.17138671875 0.2939453125 0.04052734375 0.0810546875
0 0.22119140625 0.30322265625 0.048828125 0.0810546875
0 0.2646484375 0.306640625 0.02490234375 0.0830078125
0 0.1435546875 0.49853515625 0.03564453125 0.03125
0 0.17919921875 0.49853515625 0.033203125 0.0361328125
0 0.21923828125 0.501953125 0.044921875 0.03369140625
0 0.2607421875 0.49951171875 0.0341796875 0.03369140625
0 0.138671875 0.55126953125 0.0458984375 0.07421875
0 0.1982421875 0.560546875 0.06787109375 0.07421875
0 0.2607421875 0.5693359375 0.05126953125 0.06494140625
0 0.15380859375 0.6123046875 0.02197265625 0.03369140625
0 0.18212890625 0.6123046875 0.033203125 0.02490234375
0 0.2265625 0.61328125 0.05126953125 0.02685546875
0 0.171875 0.64013671875 0.02490234375 0.02685546875
0 0.2109375 0.63916015625 0.05322265625 0.02490234375
0 0.46484375 0.42431640625 0.046875 0.08544921875
0 0.50390625 0.4267578125 0.029296875 0.08544921875
0 0.53125 0.4208984375 0.03564453125 0.10546875
0 0.9501953125 0.04541015625 0.099609375 0.0751953125
0 0.958984375 0.14501953125 0.08203125 0.0771484375
0 0.8720703125 0.236328125 0.16015625 0.09228515625
0 0.9384765625 0.34912109375 0.123046875 0.0751953125
0 0.03515625 0.6982421875 0.0625 0.037109375
0 0.091796875 0.69091796875 0.05078125 0.0224609375
0 0.166015625 0.94189453125 0.08984375 0.06005859375
0 0.2529296875 0.94482421875 0.064453125 0.05419921875