0 0.91064453125 0.03564453125 0.0595703125 0.0712890625
0 0.9794921875 0.03564453125 0.041015625 0.0712890625
0 0.04541015625 0.3876953125 0.0263671875 0.015625
0 0.083984375 0.388671875 0.046875 0.017578125
0 0.125 0.390625 0.03173828125 0.01806640625
0 0.162109375 0.39013671875 0.03759765625 0.01953125
0 0.06640625 0.42431640625 0.04150390625 0.03515625
0 0.119140625 0.4228515625 0.05712890625 0.03564453125
0 0.0390625 0.46240234375 0.0224609375 0.0234375
0 0.0693359375 0.462890625 0.033203125 0.02197265625
0 0.103515625 0.462890625 0.029296875 0.02587890625
0 0.1318359375 0.46337890625 0.02392578125 0.0234375
0 0.0908203125 0.51171875 0.126953125 0.0703125
0 0.078125 0.5654296875 0.10107421875 0.044921875
0 0.1591796875 0.5654296875 0.04736328125 0.04638671875
0 0.0390625 0.59619140625 0.02294921875 0.02001953125
0 0.0703125 0.59716796875 0.037109375 0.02099609375
0 0.2939453125 0.41845703125 0.115234375 0.0771484375
0 0.27734375 0.47705078125 0.08251953125 0.04541015625
0 0.36962890625 0.53125 0.1083984375 0.05078125
0 0.63720703125 0.4287109375 0.0947265625 0.09765625
0 0.736328125 0.427734375 0.103515625 0.095703125
0 0.83349609375 0.427734375 0.0830078125 0.095703125
0 0.91015625 0.43115234375 0.07421875 0.1025390625
0 0.68017578125 0.51806640625 0.08251953125 0.0634765625
0 0.74755859375 0.515625 0.052734375 0.05517578125
0 0.80615234375 0.515625 0.06494140625 0.05517578125
0 0.857421875 0.51806640625 0.0400390625 0.04345703125
0 0.9033203125 0.51708984375 0.05126953125 0.0615234375
0 0.6474609375 0.6005859375 0.10009765625 0.0849609375
0 0.71435546875 0.61279296875 0.03125 0.02685546875
0 0.7734375 0.59619140625 0.07373046875 0.080078125
0 0.82763671875 0.609375 0.02490234375 0.0234375
0 0.90869140625 0.59619140625 0.1298828125 0.0732421875
0 0.6337890625 0.69873046875 0.072265625 0.0849609375
0 0.74462890625 0.69189453125 0.13623046875 0.08154296875
0 0.85888671875 0.69140625 0.09228515625 0.06982421875
0 0.94580078125 0.68798828125 0.07373046875 0.080078125
0 0.64453125 0.7861328125 0.076171875 0.0634765625
0 0.72900390625 0.78125 0.08251953125 0.07666015625
0 0.81884765625 0.7880859375 0.08984375 0.0732421875
0 0.92529296875 0.7744140625 0.107421875 0.07666015625
0 0.6474609375 0.86181640625 0.08984375 0.068359375
0 0.73095703125 0.859375 0.06396484375 0.06689453125
0 0.779296875 0.87060546875 0.021484375 0.02490234375
0 0.8271484375 0.859375 0.0712890625 0.06689453125
0 0.92578125 0.85791015625 0.11376953125 0.06689453125
0 0.6650390625 0.93359375 0.0849609375 0.05517578125
0 0.8447265625 0.9296875 0.26123046875 0.0634765625
0 0.626953125 0.986328125 0.03125 0.02734375
0 0.65771484375 0.9853515625 0.0283203125 0.029296875
0 0.68603515625 0.9853515625 0.0244140625 0.029296875
0 0.72412109375 0.984375 0.0517578125 0.03125
0 0.759765625 0.984375 0.017578125 0.03125
0 0.80419921875 0.98388671875 0.0634765625 0.0322265625
0 0.84619140625 0.98291015625 0.0126953125 0.0341796875
0 0.8583984375 0.98876953125 0.01123046875 0.0185546875
0 0.8779296875 0.98193359375 0.03125 0.0361328125
0 0.91650390625 0.98046875 0.044921875 0.03857421875
0 0.96142578125 0.98046875 0.0458984375 0.0390625