0 0.525390625 0.41748046875 0.03662109375 0.0234375
0 0.55517578125 0.4091796875 0.0283203125 0.0185546875
0 0.576171875 0.4033203125 0.02099609375 0.01708984375
0 0.59716796875 0.39892578125 0.0244140625 0.01953125
0 0.62060546875 0.39111328125 0.0263671875 0.01953125
0 0.6513671875 0.38427734375 0.04150390625 0.02197265625
0 0.68212890625 0.37548828125 0.0302734375 0.02001953125
0 0.7099609375 0.36865234375 0.02880859375 0.017578125
0 0.63671875 0.548828125 0.013671875 0.01171875
0 0.6455078125 0.5419921875 0.0107421875 0.0087890625
0 0.65234375 0.53857421875 0.0078125 0.00732421875
0 0.65869140625 0.537109375 0.0078125 0.00732421875
0 0.6669921875 0.53564453125 0.01025390625 0.00634765625
0 0.677734375 0.53662109375 0.013671875 0.00732421875
0 0.650390625 0.546875 0.01904296875 0.0126953125
0 0.666015625 0.54296875 0.01708984375 0.0078125
0 0.61328125 0.64111328125 0.07470703125 0.04736328125
0 0.6708984375 0.62451171875 0.05322265625 0.04345703125