0 0.521484375 0.43408203125 0.8701171875 0.33837890625
0 0.1494140625 0.66064453125 0.1611328125 0.08154296875
0 0.28515625 0.658203125 0.08984375 0.07666015625
0 0.36376953125 0.64990234375 0.0498046875 0.09326171875
0 0.41455078125 0.66259765625 0.03369140625 0.068359375
0 0.47314453125 0.646484375 0.05859375 0.0966796875
0 0.56201171875 0.6650390625 0.09619140625 0.08984375
0 0.6767578125 0.654296875 0.1064453125 0.10498046875
0 0.79736328125 0.654296875 0.10986328125 0.078125
0 0.91943359375 0.64990234375 0.1162109375 0.10009765625
0 0.083984375 0.72998046875 0.03759765625 0.0400390625
0 0.12109375 0.72998046875 0.02734375 0.0400390625
0 0.16943359375 0.728515625 0.06103515625 0.0400390625
0 0.2392578125 0.728515625 0.07373046875 0.0400390625
0 0.29931640625 0.728515625 0.041015625 0.04345703125
0 0.34228515625 0.73095703125 0.04248046875 0.03857421875
0 0.39208984375 0.7275390625 0.05615234375 0.04150390625
0 0.4580078125 0.72900390625 0.06884765625 0.04150390625
0 0.58447265625 0.72900390625 0.0439453125 0.03515625
0 0.697265625 0.72607421875 0.1748046875 0.04150390625
0 0.79638671875 0.7265625 0.01513671875 0.01318359375