0 0.03369140625 0.015625 0.0673828125 0.03125
0 0.04541015625 0.27587890625 0.07373046875 0.0859375
0 0.4482421875 0.283203125 0.00732421875 0.009765625
0 0.455078125 0.28271484375 0.00830078125 0.00927734375
0 0.77392578125 0.04443359375 0.1279296875 0.0888671875
0 0.84326171875 0.15283203125 0.25048828125 0.15869140625
0 0.7724609375 0.259765625 0.125 0.08984375
0 0.75 0.359375 0.080078125 0.125
0 0.85595703125 0.359375 0.09912109375 0.1298828125
0 0.9482421875 0.3662109375 0.103515625 0.12109375
0 0.63427734375 0.64990234375 0.103515625 0.0869140625
0 0.69970703125 0.65380859375 0.0205078125 0.0947265625
0 0.60009765625 0.7431640625 0.08154296875 0.08447265625
0 0.6787109375 0.751953125 0.04150390625 0.072265625
0 0.98388671875 0.96240234375 0.0322265625 0.0751953125
0 0.8896484375 0.96142578125 0.12890625 0.0771484375
0 0.76318359375 0.9619140625 0.1064453125 0.076171875