0 0.0625 0.03271484375 0.0625 0.0654296875
0 0.13671875 0.03955078125 0.0703125 0.0791015625
0 0.2265625 0.048828125 0.0908203125 0.0751953125
0 0.29296875 0.06640625 0.033203125 0.076171875
0 0.384765625 0.0185546875 0.033203125 0.037109375
0 0.18994140625 0.6689453125 0.0703125 0.1044921875
0 0.26806640625 0.67626953125 0.0830078125 0.1044921875
0 0.14501953125 0.7802734375 0.0322265625 0.05078125
0 0.173828125 0.7802734375 0.02294921875 0.05078125
0 0.19970703125 0.78125 0.0380859375 0.0537109375
0 0.23046875 0.78369140625 0.02587890625 0.05859375
0 0.26171875 0.78662109375 0.03662109375 0.0380859375
0 0.29296875 0.78759765625 0.0166015625 0.05078125
0 0.3046875 0.787109375 0.009765625 0.05078125
0 0.57177734375 0.44677734375 0.0888671875 0.0341796875
0 0.65380859375 0.455078125 0.0673828125 0.05078125
0 0.49755859375 0.4970703125 0.10107421875 0.078125
0 0.48681640625 0.6142578125 0.09765625 0.16015625
0 0.576171875 0.60595703125 0.10888671875 0.19677734375
0 0.68359375 0.63623046875 0.11376953125 0.16015625
0 0.46044921875 0.72705078125 0.02490234375 0.03515625
0 0.484375 0.728515625 0.02490234375 0.03515625
0 0.50732421875 0.72607421875 0.0263671875 0.03662109375
0 0.5361328125 0.72705078125 0.03369140625 0.03173828125
0 0.5703125 0.72802734375 0.02490234375 0.03662109375
0 0.5986328125 0.734375 0.03125 0.03662109375
0 0.63232421875 0.73388671875 0.02880859375 0.03173828125
0 0.681640625 0.73876953125 0.02001953125 0.03173828125
0 0.71923828125 0.7421875 0.0576171875 0.03173828125