0 0.4609375 0.0634765625 0.05126953125 0.08349609375
0 0.5361328125 0.06640625 0.0927734375 0.0673828125
0 0.673828125 0.0546875 0.1748046875 0.076171875
0 0.31591796875 0.1611328125 0.06982421875 0.0634765625
0 0.3974609375 0.15478515625 0.0927734375 0.06201171875
0 0.48291015625 0.146484375 0.07177734375 0.0673828125
0 0.544921875 0.13916015625 0.04150390625 0.0634765625
0 0.66064453125 0.13720703125 0.18115234375 0.0673828125
0 0.7890625 0.12841796875 0.07177734375 0.06005859375
0 0.86962890625 0.12548828125 0.08935546875 0.0546875
0 0.5 0.21728515625 0.03955078125 0.03466796875
0 0.54150390625 0.21630859375 0.0439453125 0.03271484375
0 0.595703125 0.212890625 0.05224609375 0.0361328125
0 0.6689453125 0.2080078125 0.09814453125 0.0380859375
0 0.35205078125 0.77734375 0.0126953125 0.1943359375
0 0.30615234375 0.7109375 0.0166015625 0.06201171875
0 0.31982421875 0.8662109375 0.00830078125 0.03076171875
0 0.12451171875 0.72998046875 0.01123046875 0.09619140625
0 0.552734375 0.78369140625 0.02587890625 0.2109375
0 0.837890625 0.77734375 0.02587890625 0.212890625
0 0.00927734375 0.09521484375 0.0185546875 0.06005859375
0 0.00927734375 0.1416015625 0.0185546875 0.025390625
0 0.0771484375 0.75927734375 0.02099609375 0.15478515625
0 0.08935546875 0.8427734375 0.00634765625 0.02001953125
0 0.08935546875 0.82470703125 0.00634765625 0.02001953125
0 0.08935546875 0.8056640625 0.00634765625 0.01806640625
0 0.08935546875 0.791015625 0.00439453125 0.00732421875
0 0.0908203125 0.7265625 0.00634765625 0.02734375