0 0.05126953125 0.14697265625 0.07763671875 0.169921875
0 0.1337890625 0.1328125 0.06982421875 0.14501953125
0 0.2236328125 0.126953125 0.09228515625 0.16015625
0 0.333984375 0.119140625 0.10986328125 0.16162109375
0 0.42919921875 0.142578125 0.06640625 0.115234375
0 0.49267578125 0.142578125 0.0400390625 0.11181640625
0 0.54736328125 0.14208984375 0.0576171875 0.11328125
0 0.61083984375 0.03857421875 0.0419921875 0.0537109375
0 0.666015625 0.03759765625 0.060546875 0.05419921875
0 0.740234375 0.03857421875 0.08203125 0.052734375
0 0.65185546875 0.1591796875 0.0419921875 0.03076171875
0 0.88232421875 0.013671875 0.0185546875 0.0263671875
0 0.884765625 0.060546875 0.017578125 0.0263671875
0 0.88720703125 0.107421875 0.0185546875 0.0263671875
0 0.8896484375 0.1572265625 0.017578125 0.0263671875
0 0.89111328125 0.2060546875 0.0185546875 0.02490234375
0 0.892578125 0.2568359375 0.017578125 0.0263671875
0 0.89501953125 0.3076171875 0.0166015625 0.029296875
0 0.89599609375 0.35986328125 0.0185546875 0.02783203125
0 0.8984375 0.4140625 0.017578125 0.02490234375
0 0.90087890625 0.46826171875 0.0185546875 0.02783203125
0 0.1064453125 0.72314453125 0.0751953125 0.07421875
0 0.0322265625 0.9150390625 0.060546875 0.068359375
0 0.12841796875 0.90380859375 0.11474609375 0.1005859375
0 0.27685546875 0.9111328125 0.158203125 0.087890625
0 0.4482421875 0.9189453125 0.15283203125 0.12060546875
0 0.896484375 0.60400390625 0.02587890625 0.01806640625
0 0.91455078125 0.60498046875 0.0166015625 0.0205078125
0 0.93603515625 0.609375 0.02880859375 0.02490234375