0 0.1142578125 0.033203125 0.228515625 0.06640625
0 0.45947265625 0.0234375 0.2802734375 0.046875
0 0.025390625 0.1005859375 0.05078125 0.03515625
0 0.078125 0.10009765625 0.05322265625 0.033203125
0 0.1337890625 0.0927734375 0.05126953125 0.03759765625
0 0.5498046875 0.07275390625 0.099609375 0.0400390625
0 0.701171875 0.15576171875 0.056640625 0.01806640625
0 0.77197265625 0.158203125 0.0751953125 0.046875
0 0.22119140625 0.73291015625 0.09375 0.0595703125
0 0.10888671875 0.8046875 0.02099609375 0.015625
0 0.1298828125 0.806640625 0.01953125 0.01513671875
0 0.1630859375 0.81201171875 0.04541015625 0.01611328125
0 0.1953125 0.8134765625 0.02099609375 0.01513671875
0 0.21728515625 0.8154296875 0.029296875 0.01611328125
0 0.24169921875 0.81884765625 0.01904296875 0.013671875
0 0.271484375 0.8203125 0.04248046875 0.01708984375
0 0.30517578125 0.8232421875 0.0263671875 0.01611328125
0 0.328125 0.826171875 0.01953125 0.013671875
0 0.34814453125 0.8291015625 0.02294921875 0.015625
0 0.12158203125 0.8349609375 0.04150390625 0.02099609375
0 0.15087890625 0.8388671875 0.01806640625 0.01708984375
0 0.17919921875 0.84033203125 0.03662109375 0.01806640625
0 0.2119140625 0.84130859375 0.029296875 0.02197265625
0 0.24462890625 0.8447265625 0.03369140625 0.02197265625
0 0.27294921875 0.84814453125 0.02001953125 0.01904296875
0 0.31005859375 0.85205078125 0.0517578125 0.0205078125
0 0.34912109375 0.857421875 0.02783203125 0.0205078125
0 0.1298828125 0.87353515625 0.0458984375 0.0361328125
0 0.19482421875 0.875 0.07958984375 0.044921875
0 0.26904296875 0.884765625 0.06689453125 0.04833984375
0 0.33740234375 0.8896484375 0.06982421875 0.0361328125
0 0.11669921875 0.9013671875 0.02490234375 0.015625
0 0.13720703125 0.9033203125 0.01611328125 0.0146484375
0 0.16455078125 0.9072265625 0.03662109375 0.0185546875
0 0.19580078125 0.908203125 0.02734375 0.017578125
0 0.224609375 0.9111328125 0.02880859375 0.01708984375
0 0.25634765625 0.91259765625 0.03515625 0.017578125
0 0.283203125 0.9140625 0.01953125 0.01318359375
0 0.30078125 0.9150390625 0.0166015625 0.01416015625
0 0.326171875 0.91796875 0.0361328125 0.015625
0 0.3515625 0.9189453125 0.01611328125 0.013671875
0 0.3701171875 0.9208984375 0.02099609375 0.01611328125
0 0.20703125 0.92626953125 0.0263671875 0.01513671875
0 0.2587890625 0.9296875 0.07861328125 0.01806640625
0 0.15869140625 0.93994140625 0.0498046875 0.0166015625
0 0.8037109375 0.60986328125 0.392578125 0.0888671875
0 0.6044921875 0.67919921875 0.009765625 0.0146484375
0 0.640625 0.67822265625 0.05615234375 0.02734375
0 0.73779296875 0.6787109375 0.03759765625 0.02978515625
0 0.82373046875 0.6787109375 0.12890625 0.02978515625
0 0.89697265625 0.677734375 0.01416015625 0.01171875
0 0.93310546875 0.677734375 0.04736328125 0.02978515625