0 0.08837890625 0.06103515625 0.09130859375 0.0615234375
0 0.1669921875 0.078125 0.05322265625 0.05322265625
0 0.23681640625 0.10009765625 0.07763671875 0.06005859375
0 0.0849609375 0.3974609375 0.123046875 0.125
0 0.18310546875 0.37548828125 0.06103515625 0.0908203125
0 0.25341796875 0.37451171875 0.07373046875 0.0859375
0 0.71435546875 0.30029296875 0.1767578125 0.14404296875
0 0.89453125 0.2666015625 0.17529296875 0.1171875
0 0.01708984375 0.51904296875 0.0341796875 0.0537109375
0 0.064453125 0.51953125 0.05615234375 0.04345703125
0 0.93017578125 0.75634765625 0.0341796875 0.03515625
0 0.97314453125 0.75341796875 0.046875 0.03759765625
0 0.93603515625 0.79150390625 0.05859375 0.03125
0 0.984375 0.7890625 0.03125 0.03125
0 0.91748046875 0.84765625 0.05078125 0.06005859375
0 0.9736328125 0.84521484375 0.052734375 0.0595703125
0 0.935546875 0.89794921875 0.02099609375 0.02685546875