0 0.0302734375 0.1064453125 0.060546875 0.115234375
0 0.26220703125 0.1064453125 0.3583984375 0.1220703125
0 0.7978515625 0.111328125 0.201171875 0.22265625
0 0.6455078125 0.02880859375 0.052734375 0.0576171875
0 0.04931640625 0.408203125 0.0986328125 0.13671875
0 0.14794921875 0.421875 0.091796875 0.16357421875
0 0.2158203125 0.455078125 0.0419921875 0.11474609375
0 0.267578125 0.46630859375 0.06103515625 0.134765625
0 0.3212890625 0.48974609375 0.04443359375 0.10791015625
0 0.36181640625 0.50634765625 0.03173828125 0.12158203125
0 0.4013671875 0.51416015625 0.04296875 0.12353515625
0 0.4462890625 0.5283203125 0.04541015625 0.10009765625
0 0.13330078125 0.6259765625 0.10498046875 0.09814453125
0 0.21435546875 0.62841796875 0.060546875 0.10693359375
0 0.27099609375 0.6416015625 0.0517578125 0.080078125
0 0.32080078125 0.65576171875 0.04541015625 0.09033203125
0 0.35986328125 0.64306640625 0.0361328125 0.1025390625
0 0.39892578125 0.65478515625 0.04296875 0.0966796875
0 0.6669921875 0.45361328125 0.091796875 0.2275390625
0 0.77392578125 0.453125 0.0986328125 0.2265625
0 0.88818359375 0.45068359375 0.1181640625 0.2216796875
0 0.96875 0.44921875 0.0625 0.208984375
0 0.78857421875 0.6220703125 0.0703125 0.0830078125
0 0.86376953125 0.61962890625 0.068359375 0.08837890625
0 0.919921875 0.6220703125 0.0400390625 0.072265625
0 0.67333984375 0.7421875 0.1083984375 0.072265625
0 0.771484375 0.73876953125 0.09228515625 0.07470703125
0 0.85595703125 0.72119140625 0.083984375 0.06689453125
0 0.94287109375 0.712890625 0.09033203125 0.0615234375
0 0.99169921875 0.703125 0.0166015625 0.05859375
0 0.71142578125 0.82421875 0.08837890625 0.0693359375
0 0.78759765625 0.80810546875 0.05224609375 0.0693359375
0 0.8447265625 0.80419921875 0.06201171875 0.06689453125
0 0.90576171875 0.78662109375 0.05615234375 0.0693359375