0 0.013671875 0.0849609375 0.02734375 0.087890625
0 0.07421875 0.0615234375 0.083984375 0.07666015625
0 0.16357421875 0.044921875 0.0791015625 0.078125
0 0.0869140625 0.18212890625 0.111328125 0.14111328125
0 0.03271484375 0.28662109375 0.0634765625 0.06787109375
0 0.10498046875 0.279296875 0.0751953125 0.07080078125
0 0.19775390625 0.27490234375 0.1025390625 0.07666015625
0 0.13818359375 0.3427734375 0.1650390625 0.06494140625
0 0.1396484375 0.392578125 0.119140625 0.052734375
0 0.60986328125 0.505859375 0.03662109375 0.03271484375
0 0.63818359375 0.5087890625 0.02880859375 0.03076171875
0 0.6728515625 0.51025390625 0.0380859375 0.02880859375
0 0.72314453125 0.5078125 0.0595703125 0.02880859375
0 0.767578125 0.51123046875 0.02880859375 0.03076171875
0 0.60400390625 0.60546875 0.08837890625 0.09228515625
0 0.68505859375 0.6083984375 0.068359375 0.1025390625
0 0.74462890625 0.61767578125 0.05029296875 0.083984375
0 0.78564453125 0.61865234375 0.02880859375 0.07763671875
0 0.841796875 0.61669921875 0.07763671875 0.0859375
0 0.94091796875 0.61962890625 0.1142578125 0.080078125
0 0.599609375 0.72607421875 0.080078125 0.1083984375
0 0.67431640625 0.71923828125 0.068359375 0.11083984375
0 0.73681640625 0.72412109375 0.04736328125 0.09228515625
0 0.7919921875 0.7333984375 0.0595703125 0.11083984375
0 0.86083984375 0.72412109375 0.06982421875 0.1005859375
0 0.5732421875 0.86328125 0.02734375 0.0390625
0 0.60400390625 0.8623046875 0.03369140625 0.037109375
0 0.64794921875 0.8623046875 0.0517578125 0.03271484375
0 0.6953125 0.8623046875 0.03955078125 0.03271484375
0 0.73486328125 0.86328125 0.03955078125 0.0390625
0 0.77197265625 0.86474609375 0.03173828125 0.037109375
0 0.8154296875 0.861328125 0.0517578125 0.03466796875
0 0.85546875 0.861328125 0.02587890625 0.03466796875
0 0.89453125 0.8623046875 0.0517578125 0.03271484375
0 0.9384765625 0.8583984375 0.03369140625 0.03271484375
0 0.97509765625 0.86328125 0.03662109375 0.03466796875
0 0.5693359375 0.89599609375 0.01953125 0.0302734375
0 0.64013671875 0.8974609375 0.125 0.03271484375
0 0.7607421875 0.8984375 0.08203125 0.03076171875