0 0.1318359375 0.189453125 0.07666015625 0.05810546875
0 0.23828125 0.1689453125 0.13134765625 0.06689453125
0 0.3740234375 0.14892578125 0.12109375 0.060546875
0 0.49072265625 0.13525390625 0.0966796875 0.06689453125
0 0.58935546875 0.1103515625 0.07275390625 0.0625
0 0.6943359375 0.09521484375 0.1162109375 0.08447265625
0 0.8173828125 0.0732421875 0.11572265625 0.06787109375
0 0.564453125 0.3994140625 0.51025390625 0.32373046875
0 0.0869140625 0.73583984375 0.1689453125 0.0615234375
0 0.236328125 0.728515625 0.1259765625 0.07177734375
0 0.38916015625 0.72216796875 0.16259765625 0.07373046875
0 0.5400390625 0.7265625 0.12353515625 0.078125
0 0.72900390625 0.71630859375 0.2314453125 0.07373046875
0 0.92724609375 0.701171875 0.1455078125 0.095703125
0 0.1572265625 0.94677734375 0.07177734375 0.04150390625
0 0.16357421875 0.98388671875 0.09130859375 0.0322265625
0 0.275390625 0.9638671875 0.11328125 0.0634765625
0 0.6845703125 0.9619140625 0.02490234375 0.0283203125
0 0.708984375 0.96337890625 0.0302734375 0.02490234375
0 0.7255859375 0.9638671875 0.00634765625 0.00927734375
0 0.73876953125 0.96337890625 0.0244140625 0.02490234375
0 0.76611328125 0.966796875 0.0322265625 0.02490234375