0 0.0751953125 0.24609375 0.150390625 0.095703125
0 0.25048828125 0.23291015625 0.19482421875 0.095703125
0 0.43505859375 0.21435546875 0.1689453125 0.1044921875
0 0.06396484375 0.310546875 0.1279296875 0.046875
0 0.22314453125 0.3017578125 0.16748046875 0.046875
0 0.390625 0.2919921875 0.1455078125 0.05322265625
0 0.494140625 0.28857421875 0.05078125 0.0556640625
0 0.45166015625 0.4306640625 0.1357421875 0.029296875
0 0.83447265625 0.2646484375 0.14111328125 0.19140625
0 0.966796875 0.341796875 0.06640625 0.208984375
0 0.142578125 0.9609375 0.04296875 0.078125
0 0.18359375 0.5869140625 0.02734375 0.03515625
0 0.2275390625 0.58984375 0.064453125 0.041015625
0 0.2919921875 0.5810546875 0.064453125 0.0234375
0 0.82861328125 0.63232421875 0.1943359375 0.1259765625
0 0.72607421875 0.80224609375 0.1181640625 0.2236328125
0 0.8388671875 0.70654296875 0.107421875 0.2041015625
0 0.9453125 0.6455078125 0.099609375 0.15234375