0 0.29833984375 0.119140625 0.15087890625 0.13720703125
0 0.4423828125 0.138671875 0.12158203125 0.10888671875
0 0.54833984375 0.1611328125 0.0810546875 0.0986328125
0 0.62060546875 0.1708984375 0.05517578125 0.08837890625
0 0.685546875 0.18017578125 0.0703125 0.09130859375
0 0.76318359375 0.20703125 0.08203125 0.083984375
0 0.3251953125 0.25439453125 0.20263671875 0.130859375
0 0.49658203125 0.2705078125 0.11572265625 0.0986328125
0 0.58984375 0.2685546875 0.05810546875 0.08447265625
0 0.65673828125 0.27978515625 0.0732421875 0.08837890625
0 0.72021484375 0.28564453125 0.05078125 0.0751953125
0 0.77294921875 0.2861328125 0.05517578125 0.07177734375
0 0.298828125 0.380859375 0.1513671875 0.09619140625
0 0.43359375 0.384765625 0.10107421875 0.1005859375
0 0.52978515625 0.3720703125 0.09521484375 0.078125
0 0.6259765625 0.36767578125 0.08984375 0.0712890625
0 0.6923828125 0.361328125 0.037109375 0.060546875
0 0.75048828125 0.36572265625 0.07568359375 0.0751953125
0 0.326171875 0.51416015625 0.1962890625 0.1201171875
0 0.48828125 0.47802734375 0.10302734375 0.08984375
0 0.58203125 0.46142578125 0.07568359375 0.10888671875
0 0.6533203125 0.44580078125 0.07373046875 0.07958984375
0 0.72509765625 0.44580078125 0.06884765625 0.07958984375
0 0.27880859375 0.62255859375 0.11181640625 0.1279296875
0 0.38037109375 0.599609375 0.06494140625 0.09765625
0 0.46435546875 0.576171875 0.080078125 0.09765625
0 0.54638671875 0.55615234375 0.0673828125 0.0830078125
0 0.26318359375 0.798828125 0.09375 0.0810546875
0 0.3427734375 0.767578125 0.05322265625 0.06396484375
0 0.40380859375 0.74267578125 0.0537109375 0.068359375
0 0.44921875 0.72509765625 0.02783203125 0.046875
0 0.494140625 0.71044921875 0.0537109375 0.07373046875
0 0.56640625 0.67626953125 0.08251953125 0.07763671875
0 0.65576171875 0.64013671875 0.09228515625 0.0771484375
0 0.7158203125 0.615234375 0.02734375 0.04541015625
0 0.740234375 0.6064453125 0.02294921875 0.03857421875
0 0.267578125 0.8681640625 0.0966796875 0.0888671875
0 0.36083984375 0.822265625 0.08203125 0.0859375
0 0.42041015625 0.79248046875 0.02978515625 0.05615234375
0 0.50244140625 0.759765625 0.123046875 0.09375
0 0.6064453125 0.70654296875 0.08740234375 0.07275390625
0 0.6708984375 0.67431640625 0.0380859375 0.05322265625
0 0.73046875 0.6513671875 0.080078125 0.07421875
0 0.25634765625 0.93701171875 0.07373046875 0.08203125
0 0.361328125 0.88623046875 0.1279296875 0.12109375
0 0.4609375 0.82763671875 0.06103515625 0.0751953125
0 0.54150390625 0.787109375 0.09130859375 0.0888671875
0 0.6298828125 0.7451171875 0.0810546875 0.08544921875
0 0.51708984375 0.92626953125 0.14599609375 0.146484375
0 0.91552734375 0.72021484375 0.064453125 0.1083984375
0 0.962890625 0.68359375 0.037109375 0.07177734375