0 0.03271484375 0.1904296875 0.015625 0.0146484375
0 0.046875 0.1904296875 0.0107421875 0.0126953125
0 0.06103515625 0.18798828125 0.013671875 0.0166015625
0 0.0322265625 0.20703125 0.00830078125 0.0126953125
0 0.05322265625 0.20654296875 0.02734375 0.015625
0 0.14501953125 0.17822265625 0.06103515625 0.03662109375
0 0.21337890625 0.1796875 0.0673828125 0.03564453125
0 0.26220703125 0.1806640625 0.0263671875 0.03369140625
0 0.130859375 0.21728515625 0.04931640625 0.03466796875
0 0.17724609375 0.21826171875 0.04296875 0.03662109375
0 0.21484375 0.2177734375 0.03076171875 0.03564453125
0 0.2587890625 0.224609375 0.052734375 0.03662109375
0 0.1533203125 0.2548828125 0.0546875 0.0390625
0 0.2236328125 0.2607421875 0.080078125 0.029296875
0 0.341796875 0.42578125 0.0126953125 0.0146484375
0 0.35400390625 0.4228515625 0.0107421875 0.015625
0 0.533203125 0.01904296875 0.115234375 0.0380859375
0 0.62646484375 0.0146484375 0.0576171875 0.029296875
0 0.69384765625 0.02099609375 0.0732421875 0.0419921875
0 0.7568359375 0.02099609375 0.05078125 0.0419921875
0 0.8095703125 0.02001953125 0.0546875 0.0400390625
0 0.38525390625 0.09912109375 0.0517578125 0.0966796875
0 0.470703125 0.103515625 0.10107421875 0.1005859375
0 0.56689453125 0.0908203125 0.09521484375 0.078125
0 0.6630859375 0.08642578125 0.08984375 0.0712890625
0 0.7294921875 0.080078125 0.037109375 0.060546875
0 0.78759765625 0.08447265625 0.07568359375 0.0751953125
0 0.41015625 0.23291015625 0.1015625 0.1201171875
0 0.525390625 0.19677734375 0.10302734375 0.08984375
0 0.619140625 0.18017578125 0.07568359375 0.10888671875
0 0.6904296875 0.16455078125 0.07373046875 0.07958984375
0 0.76220703125 0.16455078125 0.06884765625 0.07958984375
0 0.41748046875 0.318359375 0.06494140625 0.09765625
0 0.50146484375 0.294921875 0.080078125 0.09765625
0 0.58349609375 0.27490234375 0.0673828125 0.0830078125
0 0.3828125 0.47705078125 0.046875 0.0458984375
0 0.44091796875 0.46142578125 0.0537109375 0.068359375
0 0.486328125 0.44384765625 0.02783203125 0.046875
0 0.53125 0.42919921875 0.0537109375 0.07373046875
0 0.603515625 0.39501953125 0.08251953125 0.07763671875
0 0.69287109375 0.35888671875 0.09228515625 0.0771484375
0 0.7529296875 0.333984375 0.02734375 0.04541015625
0 0.77734375 0.3251953125 0.02294921875 0.03857421875
0 0.45703125 0.4912109375 0.029296875 0.017578125
0 0.5390625 0.4658203125 0.123046875 0.068359375
0 0.6435546875 0.42529296875 0.08740234375 0.07275390625
0 0.7080078125 0.39306640625 0.0380859375 0.05322265625
0 0.767578125 0.3701171875 0.080078125 0.07421875
0 0.578125 0.48046875 0.091796875 0.0390625
0 0.66650390625 0.46044921875 0.0810546875 0.0791015625
0 0.95263671875 0.43896484375 0.064453125 0.1083984375
0 0.99072265625 0.40185546875 0.0185546875 0.0712890625
0 0.0439453125 0.72119140625 0.087890625 0.1103515625
0 0.138671875 0.716796875 0.1083984375 0.115234375
0 0.2529296875 0.71435546875 0.1201171875 0.13037109375
0 0.34033203125 0.74267578125 0.0380859375 0.1435546875