0 0.07861328125 0.07958984375 0.1201171875 0.05908203125
0 0.1708984375 0.07421875 0.0556640625 0.0478515625
0 0.24169921875 0.0693359375 0.0771484375 0.05322265625
0 0.0341796875 0.1484375 0.04833984375 0.07421875
0 0.07421875 0.1484375 0.037109375 0.06298828125
0 0.1357421875 0.1455078125 0.0830078125 0.076171875
0 0.2158203125 0.13720703125 0.0712890625 0.06689453125
0 0.30517578125 0.13134765625 0.0986328125 0.08203125
0 0.517578125 0.33984375 0.0625 0.09716796875
0 0.5869140625 0.34521484375 0.083984375 0.12158203125
0 0.2431640625 0.6640625 0.1767578125 0.0556640625
0 0.0498046875 0.77001953125 0.09716796875 0.07373046875
0 0.1533203125 0.77099609375 0.10693359375 0.07373046875
0 0.3037109375 0.77685546875 0.18212890625 0.06884765625
0 0.05810546875 0.8525390625 0.1044921875 0.078125
0 0.16015625 0.8623046875 0.09033203125 0.06494140625
0 0.240234375 0.86181640625 0.060546875 0.06591796875
0 0.0166015625 0.9482421875 0.033203125 0.041015625
0 0.041015625 0.94287109375 0.013671875 0.0498046875
0 0.068359375 0.94677734375 0.04345703125 0.064453125
0 0.1083984375 0.943359375 0.03662109375 0.05322265625
0 0.16796875 0.94775390625 0.0732421875 0.06494140625
0 0.2421875 0.94775390625 0.06884765625 0.0732421875
0 0.30859375 0.94970703125 0.0634765625 0.06787109375
0 0.37353515625 0.94384765625 0.064453125 0.06787109375
0 0.08544921875 0.99267578125 0.0966796875 0.0146484375
0 0.197265625 0.9921875 0.119140625 0.015625
0 0.4755859375 0.5439453125 0.072265625 0.107421875
0 0.6083984375 0.54150390625 0.162109375 0.1240234375
0 0.7470703125 0.5439453125 0.091796875 0.12841796875
0 0.8759765625 0.546875 0.130859375 0.134765625
0 0.5107421875 0.67919921875 0.064453125 0.13525390625
0 0.5927734375 0.7001953125 0.083984375 0.107421875
0 0.701171875 0.6962890625 0.11328125 0.12158203125
0 0.8134765625 0.7001953125 0.083984375 0.12158203125
0 0.4853515625 0.8212890625 0.029296875 0.0380859375
0 0.5087890625 0.8232421875 0.021484375 0.04150390625
0 0.5380859375 0.8232421875 0.033203125 0.04150390625
0 0.5673828125 0.8232421875 0.025390625 0.04150390625
0 0.5966796875 0.8251953125 0.025390625 0.044921875
0 0.62890625 0.8251953125 0.0234375 0.044921875
0 0.7568359375 0.830078125 0.025390625 0.04150390625