0 0.0126953125 0.04150390625 0.025390625 0.0830078125
0 0.0576171875 0.04443359375 0.060546875 0.0888671875
0 0.12744140625 0.04296875 0.0751953125 0.0859375
0 0.06884765625 0.1240234375 0.1376953125 0.052734375
0 0.60546875 0.0244140625 0.15234375 0.048828125
0 0.74462890625 0.0341796875 0.1201171875 0.056640625
0 0.86328125 0.048828125 0.1123046875 0.05078125
0 0.95556640625 0.0576171875 0.0888671875 0.060546875
0 0.6416015625 0.056640625 0.04443359375 0.0234375
0 0.68212890625 0.060546875 0.03662109375 0.0234375
0 0.72119140625 0.06640625 0.0419921875 0.0234375
0 0.76806640625 0.068359375 0.0576171875 0.02734375
0 0.33544921875 0.9658203125 0.1064453125 0.04150390625
0 0.3984375 0.98583984375 0.138671875 0.0283203125
0 0.50341796875 0.96826171875 0.0517578125 0.0634765625
0 0.6298828125 0.78271484375 0.201171875 0.0517578125
0 0.86083984375 0.77880859375 0.24267578125 0.056640625
0 0.7646484375 0.86328125 0.470703125 0.11328125
0 0.564453125 0.97314453125 0.0703125 0.0537109375
0 0.6259765625 0.966796875 0.048828125 0.06640625
0 0.6748046875 0.96826171875 0.046875 0.0634765625
0 0.7236328125 0.9658203125 0.046875 0.068359375
0 0.7744140625 0.96435546875 0.052734375 0.0712890625
0 0.83984375 0.9609375 0.07421875 0.078125
0 0.9091796875 0.96435546875 0.05859375 0.0712890625
0 0.95947265625 0.962890625 0.0400390625 0.07421875
0 0.99072265625 0.9658203125 0.0185546875 0.068359375