0 0.18603515625 0.71142578125 0.1630859375 0.0166015625
0 0.337890625 0.70458984375 0.130859375 0.0302734375
0 0.57080078125 0.1142578125 0.076171875 0.0615234375
0 0.66259765625 0.12158203125 0.10693359375 0.05126953125
0 0.74560546875 0.123046875 0.05712890625 0.05419921875
0 0.82568359375 0.12646484375 0.10546875 0.05517578125
0 0.92431640625 0.13427734375 0.09716796875 0.060546875
0 0.98681640625 0.13916015625 0.0263671875 0.0537109375
0 0.56298828125 0.21630859375 0.08349609375 0.13037109375
0 0.666015625 0.24267578125 0.1083984375 0.12060546875
0 0.76806640625 0.24365234375 0.09326171875 0.09375
0 0.8720703125 0.23193359375 0.1123046875 0.111328125
0 0.9638671875 0.2470703125 0.072265625 0.115234375
0 0.6630859375 0.32373046875 0.16650390625 0.04052734375
0 0.80908203125 0.326171875 0.11669921875 0.03759765625
0 0.93701171875 0.32763671875 0.1220703125 0.0341796875
0 0.59033203125 0.37744140625 0.10400390625 0.03857421875
0 0.7119140625 0.37939453125 0.1279296875 0.033203125
0 0.9501953125 0.39111328125 0.099609375 0.0419921875
0 0.58544921875 0.439453125 0.1025390625 0.0498046875
0 0.677734375 0.44140625 0.08203125 0.04248046875
0 0.75 0.43994140625 0.0625 0.044921875
0 0.81787109375 0.44140625 0.04296875 0.05126953125
0 0.87939453125 0.43359375 0.0791015625 0.0498046875
0 0.58056640625 0.50146484375 0.05712890625 0.044921875
0 0.6748046875 0.50146484375 0.12060546875 0.0654296875
0 0.7744140625 0.4931640625 0.06689453125 0.05126953125
0 0.86376953125 0.494140625 0.0986328125 0.046875
0 0.955078125 0.4931640625 0.08984375 0.044921875
0 0.65576171875 0.55810546875 0.0791015625 0.046875
0 0.73193359375 0.560546875 0.07373046875 0.0439453125
0 0.8251953125 0.5517578125 0.10693359375 0.04248046875
0 0.92626953125 0.55224609375 0.0849609375 0.05224609375
0 0.57568359375 0.61474609375 0.06689453125 0.0498046875
0 0.65625 0.611328125 0.08349609375 0.03955078125
0 0.73974609375 0.6005859375 0.0693359375 0.04052734375
0 0.81884765625 0.59423828125 0.09716796875 0.044921875
0 0.90771484375 0.60107421875 0.08056640625 0.03759765625
0 0.9765625 0.59912109375 0.046875 0.0478515625
0 0.63916015625 0.67919921875 0.1884765625 0.0810546875
0 0.814453125 0.66552734375 0.1416015625 0.06689453125
0 0.9501953125 0.66455078125 0.099609375 0.0673828125
0 0.04541015625 0.9287109375 0.05859375 0.09716796875
0 0.11181640625 0.93212890625 0.0751953125 0.1357421875
0 0.18798828125 0.93798828125 0.0732421875 0.1240234375