0 0.2255859375 0.013671875 0.046875 0.02734375
0 0.27001953125 0.0107421875 0.0419921875 0.021484375
0 0.31005859375 0.0166015625 0.0361328125 0.033203125
0 0.33642578125 0.01025390625 0.0205078125 0.0205078125
0 0.2880859375 0.0458984375 0.0576171875 0.033203125
0 0.33203125 0.04296875 0.03271484375 0.03125
0 0.36181640625 0.02197265625 0.0205078125 0.0439453125
0 0.52392578125 0.07666015625 0.0283203125 0.0498046875
0 0.58642578125 0.07958984375 0.08935546875 0.0595703125
0 0.66455078125 0.07568359375 0.05615234375 0.0517578125
0 0.72607421875 0.08447265625 0.05810546875 0.05322265625
0 0.5205078125 0.12353515625 0.021484375 0.0283203125
0 0.5810546875 0.12353515625 0.09375 0.0283203125
0 0.69091796875 0.1259765625 0.1259765625 0.0263671875
0 0.01708984375 0.697265625 0.0341796875 0.046875
0 0.08154296875 0.701171875 0.08740234375 0.044921875
0 0.173828125 0.7099609375 0.0810546875 0.04736328125
0 0.2646484375 0.7041015625 0.0908203125 0.0498046875
0 0.357421875 0.71630859375 0.07958984375 0.0400390625
0 0.45703125 0.71484375 0.10546875 0.037109375
0 0.07568359375 0.8447265625 0.1513671875 0.232421875
0 0.2763671875 0.81640625 0.29833984375 0.169921875
0 0.1630859375 0.92626953125 0.0439453125 0.05517578125
0 0.212890625 0.931640625 0.05322265625 0.05517578125
0 0.26220703125 0.92529296875 0.04541015625 0.04248046875
0 0.3193359375 0.94287109375 0.0625 0.04736328125
0 0.36767578125 0.92529296875 0.0439453125 0.04736328125
0 0.41357421875 0.927734375 0.04833984375 0.04736328125
0 0.46826171875 0.93994140625 0.06103515625 0.0576171875
0 0.50341796875 0.93359375 0.0126953125 0.03515625
0 0.01025390625 0.9853515625 0.0205078125 0.029296875
0 0.03662109375 0.98681640625 0.0361328125 0.0263671875
0 0.18115234375 0.98828125 0.0908203125 0.0234375
0 0.36181640625 0.9892578125 0.1201171875 0.021484375
0 0.650390625 0.595703125 0.271484375 0.052734375
0 0.5595703125 0.73095703125 0.099609375 0.2119140625