0 0.015625 0.05517578125 0.03125 0.1103515625
0 0.66650390625 0.021484375 0.1005859375 0.04296875
0 0.45263671875 0.908203125 0.04833984375 0.05126953125
0 0.4248046875 0.96533203125 0.046875 0.04638671875
0 0.4716796875 0.95556640625 0.04248046875 0.0498046875
0 0.501953125 0.951171875 0.021484375 0.04833984375
0 0.9287109375 0.5654296875 0.142578125 0.15234375
0 0.64990234375 0.6435546875 0.07373046875 0.08203125
0 0.75244140625 0.666015625 0.10400390625 0.1005859375
0 0.8779296875 0.6923828125 0.130859375 0.10595703125
0 0.98095703125 0.7119140625 0.0380859375 0.072265625