0 0.04541015625 0.208984375 0.0908203125 0.162109375
0 0.14208984375 0.22900390625 0.07763671875 0.169921875
0 0.224609375 0.21484375 0.06982421875 0.14501953125
0 0.314453125 0.208984375 0.09228515625 0.16015625
0 0.4248046875 0.201171875 0.10986328125 0.16162109375
0 0.52001953125 0.224609375 0.06640625 0.115234375
0 0.58349609375 0.224609375 0.0400390625 0.11181640625
0 0.61962890625 0.2236328125 0.0205078125 0.11328125
0 0.7509765625 0.00390625 0.015625 0.0078125
0 0.76513671875 0.00341796875 0.0107421875 0.0068359375
0 0.7841796875 0.00341796875 0.025390625 0.0068359375
0 0.80517578125 0.001953125 0.0166015625 0.00390625
0 0.8388671875 0.21337890625 0.00732421875 0.005859375
0 0.84521484375 0.21240234375 0.005859375 0.00537109375
0 0.8505859375 0.2119140625 0.0048828125 0.00537109375
0 0.84033203125 0.21923828125 0.0048828125 0.0048828125
0 0.84619140625 0.21923828125 0.0068359375 0.0048828125
0 0.837890625 0.23681640625 0.00537109375 0.0048828125
0 0.84375 0.23681640625 0.005859375 0.00634765625
0 0.8505859375 0.236328125 0.00830078125 0.00537109375
0 0.8515625 0.25732421875 0.013671875 0.0126953125
0 0.8544921875 0.26025390625 0.0078125 0.01025390625
0 0.28564453125 0.66943359375 0.1298828125 0.13330078125
0 0.40771484375 0.63037109375 0.0908203125 0.15234375
0 0.4970703125 0.6279296875 0.08203125 0.111328125
0 0.28857421875 0.796875 0.0986328125 0.12646484375
0 0.73046875 0.44775390625 0.140625 0.0771484375
0 0.82275390625 0.44384765625 0.0361328125 0.05859375
0 0.92431640625 0.4462890625 0.1513671875 0.07421875