0 0.0576171875 0.12255859375 0.03662109375 0.0234375
0 0.08740234375 0.1142578125 0.0283203125 0.0185546875
0 0.1083984375 0.1083984375 0.02099609375 0.01708984375
0 0.12939453125 0.10400390625 0.0244140625 0.01953125
0 0.15283203125 0.09619140625 0.0263671875 0.01953125
0 0.18359375 0.08935546875 0.04150390625 0.02197265625
0 0.21435546875 0.08056640625 0.0302734375 0.02001953125
0 0.2421875 0.07373046875 0.02880859375 0.017578125
0 0.1689453125 0.25390625 0.013671875 0.01171875
0 0.177734375 0.2470703125 0.0107421875 0.0087890625
0 0.1845703125 0.24365234375 0.0078125 0.00732421875
0 0.19091796875 0.2421875 0.0078125 0.00732421875
0 0.19921875 0.24072265625 0.01025390625 0.00634765625
0 0.2099609375 0.24169921875 0.013671875 0.00732421875
0 0.1826171875 0.251953125 0.01904296875 0.0126953125
0 0.1982421875 0.248046875 0.01708984375 0.0078125
0 0.1455078125 0.34619140625 0.07470703125 0.04736328125
0 0.203125 0.32958984375 0.05322265625 0.04345703125
0 0.6650390625 0.33642578125 0.0703125 0.07373046875
0 0.7197265625 0.33935546875 0.03125 0.07373046875
0 0.123046875 0.53564453125 0.119140625 0.0322265625
0 0.271484375 0.53662109375 0.1484375 0.0341796875
0 0.4052734375 0.53759765625 0.0859375 0.0361328125
0 0.09375 0.67822265625 0.1875 0.2431640625
0 0.34326171875 0.68359375 0.2529296875 0.240234375
0 0.09765625 0.83154296875 0.05517578125 0.029296875
0 0.1396484375 0.8291015625 0.02099609375 0.0244140625
0 0.17724609375 0.830078125 0.0478515625 0.0263671875
0 0.23828125 0.83056640625 0.06884765625 0.0244140625
0 0.2958984375 0.828125 0.0390625 0.029296875
0 0.33056640625 0.828125 0.02587890625 0.03271484375
0 0.37744140625 0.82763671875 0.0625 0.0341796875
0 0.43994140625 0.82763671875 0.0595703125 0.0322265625
0 0.18408203125 0.8701171875 0.05615234375 0.0244140625
0 0.2421875 0.86328125 0.052734375 0.03759765625
0 0.28662109375 0.8740234375 0.03564453125 0.029296875
0 0.33740234375 0.869140625 0.06103515625 0.029296875
0 0.041015625 0.90087890625 0.048828125 0.0341796875
0 0.09912109375 0.904296875 0.0673828125 0.02783203125
0 0.162109375 0.90673828125 0.0537109375 0.03271484375
0 0.20947265625 0.90283203125 0.033203125 0.03125
0 0.32275390625 0.9033203125 0.14697265625 0.0263671875
0 0.453125 0.90283203125 0.033203125 0.0224609375
0 0.01318359375 0.94287109375 0.02587890625 0.03271484375
0 0.0439453125 0.94287109375 0.02587890625 0.02294921875
0 0.07080078125 0.93701171875 0.0283203125 0.03125
0 0.11962890625 0.94189453125 0.06494140625 0.021484375
0 0.169921875 0.939453125 0.03076171875 0.0263671875
0 0.267578125 0.94189453125 0.06396484375 0.021484375
0 0.3251953125 0.9404296875 0.0439453125 0.02783203125
0 0.36962890625 0.93701171875 0.0478515625 0.03125
0 0.4150390625 0.939453125 0.04541015625 0.0263671875
0 0.455078125 0.9423828125 0.029296875 0.0234375
0 0.19970703125 0.94287109375 0.01611328125 0.02294921875
0 0.54931640625 0.53662109375 0.0966796875 0.0341796875
0 0.63671875 0.53857421875 0.0625 0.0380859375
0 0.71337890625 0.54052734375 0.0732421875 0.0419921875
0 0.81494140625 0.55224609375 0.1162109375 0.0498046875
0 0.671875 0.58984375 0.0751953125 0.04833984375
0 0.73583984375 0.59423828125 0.0400390625 0.04345703125
0 0.54931640625 0.625 0.09228515625 0.0517578125
0 0.634765625 0.6357421875 0.06884765625 0.04345703125
0 0.7158203125 0.6416015625 0.07763671875 0.044921875
0 0.8017578125 0.64404296875 0.08984375 0.04345703125
0 0.482421875 0.67529296875 0.025390625 0.0439453125
0 0.517578125 0.67724609375 0.041015625 0.04345703125
0 0.56005859375 0.68505859375 0.05126953125 0.04150390625
0 0.62646484375 0.68408203125 0.07373046875 0.046875
0 0.6806640625 0.6865234375 0.02978515625 0.03857421875
0 0.72705078125 0.68408203125 0.0576171875 0.04345703125
0 0.77978515625 0.68408203125 0.0439453125 0.0400390625
0 0.822265625 0.68896484375 0.0361328125 0.02978515625
0 0.86328125 0.68994140625 0.0400390625 0.0283203125
0 0.64697265625 0.74072265625 0.06982421875 0.03662109375