0 0.23193359375 0.01806640625 0.2333984375 0.0361328125
0 0.44091796875 0.01953125 0.1572265625 0.0390625
0 0.12060546875 0.09375 0.11767578125 0.125
0 0.2705078125 0.12060546875 0.1650390625 0.12158203125
0 0.44482421875 0.1025390625 0.1494140625 0.134765625
0 0.18505859375 0.203125 0.07373046875 0.046875
0 0.279296875 0.2099609375 0.1025390625 0.046875
0 0.0537109375 0.29638671875 0.0712890625 0.056640625
0 0.4541015625 0.3037109375 0.130859375 0.05859375
0 0.01416015625 0.35400390625 0.0283203125 0.0517578125
0 0.06689453125 0.35791015625 0.06494140625 0.046875
0 0.14599609375 0.36328125 0.076171875 0.046875
0 0.244140625 0.361328125 0.10498046875 0.046875
0 0.31982421875 0.361328125 0.04638671875 0.04345703125
0 0.41015625 0.36376953125 0.12890625 0.044921875
0 0.49853515625 0.3701171875 0.0419921875 0.03515625
0 0.548828125 0.16552734375 0.05859375 0.1142578125
0 0.86669921875 0.3115234375 0.1875 0.1025390625
0 0.7783203125 0.443359375 0.1142578125 0.1044921875
0 0.8798828125 0.43115234375 0.10009765625 0.10986328125
0 0.96484375 0.41796875 0.0703125 0.12109375
0 0.103515625 0.88623046875 0.20703125 0.2275390625
0 0.47705078125 0.7666015625 0.02880859375 0.02587890625
0 0.47265625 0.7861328125 0.0087890625 0.01904296875
0 0.67822265625 0.64990234375 0.07373046875 0.08984375
0 0.7646484375 0.6259765625 0.0888671875 0.1083984375
0 0.857421875 0.58740234375 0.0849609375 0.1083984375
0 0.9521484375 0.650390625 0.095703125 0.17578125
0 0.5908203125 0.90576171875 0.05859375 0.06982421875