0 0.2099609375 0.048828125 0.419921875 0.09765625
0 0.12890625 0.14697265625 0.2578125 0.0849609375
0 0.37060546875 0.1669921875 0.0986328125 0.083984375
0 0.4482421875 0.1806640625 0.056640625 0.255859375
0 0.2705078125 0.6240234375 0.00439453125 0.0068359375
0 0.0263671875 0.662109375 0.052734375 0.033203125
0 0.0849609375 0.66357421875 0.0517578125 0.02685546875
0 0.1474609375 0.65869140625 0.0615234375 0.0341796875
0 0.05419921875 0.712890625 0.1083984375 0.052734375
0 0.1484375 0.705078125 0.0673828125 0.04052734375
0 0.021484375 0.806640625 0.04296875 0.025390625
0 0.0185546875 0.8818359375 0.037109375 0.025390625
0 0.0166015625 0.94921875 0.033203125 0.02734375
0 0.001953125 0.9931640625 0.00390625 0.013671875
0 0.1630859375 0.80419921875 0.02197265625 0.0224609375
0 0.19482421875 0.80517578125 0.03857421875 0.02392578125
0 0.23583984375 0.80029296875 0.0390625 0.0234375
0 0.27099609375 0.80078125 0.0283203125 0.02490234375
0 0.2998046875 0.79931640625 0.02978515625 0.02490234375
0 0.1357421875 0.873046875 0.021484375 0.0244140625
0 0.16748046875 0.8740234375 0.0390625 0.0234375
0 0.21044921875 0.87353515625 0.0419921875 0.021484375
0 0.244140625 0.87109375 0.0244140625 0.0224609375
0 0.267578125 0.86767578125 0.02099609375 0.0224609375
0 0.294921875 0.86962890625 0.0302734375 0.02392578125
0 0.109375 0.9462890625 0.02099609375 0.02099609375
0 0.1416015625 0.947265625 0.0390625 0.0263671875
0 0.1787109375 0.9462890625 0.03125 0.02197265625
0 0.208984375 0.943359375 0.02783203125 0.02099609375
0 0.244140625 0.94384765625 0.04150390625 0.02490234375
0 0.27978515625 0.9423828125 0.0283203125 0.0224609375
0 0.30908203125 0.943359375 0.02880859375 0.02587890625
0 0.65869140625 0.7626953125 0.18994140625 0.08837890625
0 0.83203125 0.7529296875 0.1513671875 0.1083984375
0 0.59130859375 0.90087890625 0.2958984375 0.1982421875
0 0.80859375 0.89111328125 0.08740234375 0.16845703125