0 0.1904296875 0.0498046875 0.345703125 0.099609375
0 0.2841796875 0.12548828125 0.171875 0.0400390625
0 0.55224609375 0.048828125 0.0927734375 0.09765625
0 0.7578125 0.04296875 0.259765625 0.0859375
0 0.4921875 0.154296875 0.07373046875 0.06884765625
0 0.59912109375 0.146484375 0.130859375 0.07666015625
0 0.703125 0.1396484375 0.0595703125 0.07080078125
0 0.80859375 0.1337890625 0.13232421875 0.07861328125
0 0.4072265625 0.43212890625 0.03515625 0.0888671875
0 0.5068359375 0.4189453125 0.14892578125 0.09228515625
0 0.640625 0.4140625 0.1064453125 0.09033203125
0 0.73388671875 0.4130859375 0.06787109375 0.08837890625
0 0.84130859375 0.4091796875 0.1298828125 0.08837890625
0 0.9580078125 0.40576171875 0.083984375 0.1025390625
0 0.40283203125 0.5185546875 0.0263671875 0.017578125
0 0.6083984375 0.54931640625 0.03515625 0.0400390625
0 0.71875 0.49951171875 0.08837890625 0.025390625
0 0.70849609375 0.54931640625 0.0556640625 0.02734375
0 0.05322265625 0.9794921875 0.0283203125 0.041015625
0 0.22607421875 0.857421875 0.07568359375 0.166015625
0 0.224609375 0.6513671875 0.0859375 0.1640625
0 0.2998046875 0.5810546875 0.01171875 0.0234375
0 0.31982421875 0.58056640625 0.0107421875 0.0224609375
0 0.3681640625 0.95751953125 0.03125 0.0849609375
0 0.36865234375 0.88232421875 0.03076171875 0.0537109375
0 0.37548828125 0.8037109375 0.0283203125 0.09765625
0 0.36767578125 0.69873046875 0.03515625 0.099609375
0 0.3701171875 0.60595703125 0.029296875 0.0732421875