0 0.259765625 0.19677734375 0.10498046875 0.08984375
0 0.412109375 0.1943359375 0.18359375 0.091796875
0 0.60986328125 0.1982421875 0.16259765625 0.1435546875
0 0.78271484375 0.17578125 0.16748046875 0.12841796875
0 0.26416015625 0.322265625 0.021484375 0.03173828125
0 0.29443359375 0.32421875 0.03857421875 0.0283203125
0 0.3369140625 0.32421875 0.048828125 0.0283203125
0 0.37060546875 0.32421875 0.021484375 0.0283203125
0 0.4013671875 0.32421875 0.0400390625 0.0283203125
0 0.435546875 0.3251953125 0.02880859375 0.02978515625
0 0.6806640625 0.3232421875 0.1162109375 0.03662109375
0 0.7861328125 0.32177734375 0.09765625 0.02978515625
0 0.8857421875 0.26318359375 0.013671875 0.04345703125
0 0.904296875 0.2392578125 0.0263671875 0.05810546875
0 0.89111328125 0.32763671875 0.02001953125 0.068359375
0 0.90869140625 0.28857421875 0.02490234375 0.08984375
0 0.93798828125 0.35986328125 0.02392578125 0.02001953125
0 0.96484375 0.35986328125 0.02734375 0.0234375
0 0.98046875 0.28271484375 0.03857421875 0.05517578125
0 0.35498046875 0.5693359375 0.01513671875 0.0517578125
0 0.205078125 0.404296875 0.02001953125 0.03857421875
0 0.2216796875 0.4189453125 0.02392578125 0.03857421875
0 0.201171875 0.46240234375 0.0224609375 0.05810546875
0 0.220703125 0.4658203125 0.02392578125 0.06494140625
0 0.1357421875 0.6083984375 0.02392578125 0.02001953125
0 0.150390625 0.61083984375 0.01123046875 0.01513671875
0 0.13134765625 0.6318359375 0.044921875 0.0234375
0 0.12744140625 0.64892578125 0.03759765625 0.0185546875
0 0.1318359375 0.68408203125 0.02880859375 0.04833984375
0 0.220703125 0.80908203125 0.04638671875 0.03515625
0 0.216796875 0.845703125 0.04638671875 0.03857421875
0 0.14892578125 0.80419921875 0.017578125 0.01513671875
0 0.162109375 0.8076171875 0.013671875 0.01513671875
0 0.17333984375 0.8056640625 0.01123046875 0.01513671875
0 0.1845703125 0.80517578125 0.013671875 0.0166015625
0 0.146484375 0.8193359375 0.01513671875 0.01513671875
0 0.15771484375 0.82080078125 0.01513671875 0.01513671875
0 0.1748046875 0.82080078125 0.0224609375 0.01513671875
0 0.146484375 0.83642578125 0.017578125 0.01318359375
0 0.1650390625 0.83740234375 0.0224609375 0.0185546875
0 0.18017578125 0.8349609375 0.009765625 0.0166015625
0 0.529296875 0.84228515625 0.02880859375 0.044921875