0 0.01025390625 0.044921875 0.0205078125 0.08984375
0 0.068359375 0.056640625 0.087890625 0.11328125
0 0.16015625 0.0458984375 0.0859375 0.091796875
0 0.25439453125 0.044921875 0.0908203125 0.08984375
0 0.3642578125 0.044921875 0.11328125 0.08984375
0 0.01025390625 0.15869140625 0.0205078125 0.0458984375
0 0.0341796875 0.15087890625 0.02099609375 0.0458984375
0 0.0634765625 0.15087890625 0.033203125 0.0458984375
0 0.107421875 0.15869140625 0.05029296875 0.05029296875
0 0.15625 0.15478515625 0.0439453125 0.05810546875
0 0.20068359375 0.15087890625 0.03466796875 0.05029296875
0 0.23876953125 0.15576171875 0.033203125 0.05224609375
0 0.2724609375 0.15087890625 0.033203125 0.05419921875
0 0.31591796875 0.15283203125 0.0458984375 0.05810546875
0 0.35986328125 0.15185546875 0.033203125 0.05224609375
0 0.40625 0.15576171875 0.03466796875 0.0439453125
0 0.0498046875 0.400390625 0.05029296875 0.083984375
0 0.10888671875 0.40625 0.06591796875 0.076171875
0 0.1767578125 0.41748046875 0.06591796875 0.0859375
0 0.23291015625 0.41943359375 0.03662109375 0.0859375
0 0.2783203125 0.404296875 0.05419921875 0.09619140625
0 0.3505859375 0.41162109375 0.08544921875 0.09033203125
0 0.21875 0.4638671875 0.1171875 0.01171875
0 0.7080078125 0.02099609375 0.138671875 0.0419921875
0 0.50537109375 0.1220703125 0.08056640625 0.1123046875
0 0.6318359375 0.134765625 0.15087890625 0.1005859375
0 0.79345703125 0.1337890625 0.15087890625 0.12158203125
0 0.1923828125 0.58544921875 0.146484375 0.048828125
0 0.349609375 0.5927734375 0.1796875 0.05078125
0 0.1572265625 0.6298828125 0.224609375 0.05078125
0 0.33447265625 0.64111328125 0.10546875 0.0439453125
0 0.4130859375 0.6513671875 0.052734375 0.052734375
0 0.28955078125 0.6923828125 0.11669921875 0.04541015625
0 0.39794921875 0.69580078125 0.0830078125 0.0498046875
0 0.505859375 0.5224609375 0.076171875 0.09375
0 0.59375 0.52978515625 0.080078125 0.0986328125
0 0.5341796875 0.609375 0.01953125 0.06103515625
0 0.57421875 0.6142578125 0.048828125 0.0703125
0 0.4833984375 0.701171875 0.07421875 0.06591796875
0 0.45947265625 0.7734375 0.0400390625 0.0703125
0 0.646484375 0.7080078125 0.044921875 0.07958984375
0 0.6865234375 0.70556640625 0.03515625 0.0751953125
0 0.634765625 0.78076171875 0.044921875 0.0751953125
0 0.69140625 0.7783203125 0.048828125 0.0703125