0 0.12646484375 0.1142578125 0.2529296875 0.09375
0 0.373046875 0.123046875 0.287109375 0.091796875
0 0.5361328125 0.119140625 0.046875 0.072265625
0 0.31103515625 0.3505859375 0.4970703125 0.328125
0 0.0556640625 0.57861328125 0.111328125 0.0419921875
0 0.18017578125 0.57958984375 0.2138671875 0.0400390625
0 0.37939453125 0.58154296875 0.2255859375 0.0361328125
0 0.70849609375 0.515625 0.0390625 0.0234375
0 0.60986328125 0.1494140625 0.1005859375 0.111328125
0 0.72021484375 0.095703125 0.11181640625 0.10546875
0 0.82958984375 0.06201171875 0.0869140625 0.064453125
0 0.923828125 0.0751953125 0.0751953125 0.080078125
0 0.41015625 0.62255859375 0.169921875 0.0458984375
0 0.533203125 0.623046875 0.052734375 0.046875
0 0.3955078125 0.67919921875 0.05322265625 0.03271484375
0 0.44580078125 0.6806640625 0.0439453125 0.03076171875
0 0.48876953125 0.68310546875 0.0302734375 0.02294921875
0 0.53466796875 0.6806640625 0.0498046875 0.02734375
0 0.00732421875 0.98486328125 0.0146484375 0.0185546875
0 0.62890625 0.82861328125 0.076171875 0.17333984375
0 0.7197265625 0.82177734375 0.0498046875 0.146484375
0 0.80810546875 0.78662109375 0.12939453125 0.19677734375
0 0.91552734375 0.90185546875 0.0263671875 0.080078125