0 0.05078125 0.1220703125 0.1015625 0.046875
0 0.3037109375 0.09912109375 0.32666015625 0.09326171875
0 0.58740234375 0.11865234375 0.1845703125 0.0849609375
0 0.26611328125 0.1669921875 0.171875 0.046875
0 0.3984375 0.1748046875 0.080078125 0.048828125
0 0.49462890625 0.1767578125 0.09814453125 0.04443359375
0 0.580078125 0.18017578125 0.06005859375 0.046875
0 0.64697265625 0.17919921875 0.06005859375 0.0400390625
0 0.2509765625 0.28369140625 0.41845703125 0.17333984375
0 0.58984375 0.30078125 0.1796875 0.12890625
0 0.1171875 0.39501953125 0.091796875 0.0087890625
0 0.2138671875 0.3935546875 0.091796875 0.01171875
0 0.30322265625 0.3935546875 0.0771484375 0.01171875
0 0.61376953125 0.392578125 0.0712890625 0.013671875
0 0.26513671875 0.56396484375 0.05419921875 0.08349609375
0 0.31396484375 0.5703125 0.0400390625 0.0703125
0 0.36328125 0.560546875 0.05322265625 0.08984375
0 0.4140625 0.560546875 0.04296875 0.09619140625
0 0.48291015625 0.57177734375 0.0859375 0.080078125
0 0.26171875 0.66162109375 0.04150390625 0.06103515625
0 0.33056640625 0.6630859375 0.08740234375 0.06396484375
0 0.45068359375 0.66943359375 0.1474609375 0.06396484375
0 0.1103515625 0.92431640625 0.037109375 0.07373046875
0 0.1728515625 0.9228515625 0.08154296875 0.08984375
0 0.2451171875 0.92431640625 0.05712890625 0.0927734375
0 0.525390625 0.9453125 0.04150390625 0.0771484375
0 0.56689453125 0.9404296875 0.03857421875 0.08642578125
0 0.611328125 0.9501953125 0.04736328125 0.09912109375
0 0.71337890625 0.484375 0.0673828125 0.048828125
0 0.79345703125 0.49609375 0.09375 0.056640625
0 0.87548828125 0.4951171875 0.0634765625 0.04150390625
0 0.939453125 0.4970703125 0.04833984375 0.04248046875
0 0.98583984375 0.50244140625 0.0283203125 0.0458984375
0 0.69580078125 0.5419921875 0.0322265625 0.037109375
0 0.70947265625 0.5458984375 0.017578125 0.0361328125
0 0.72265625 0.54736328125 0.0205078125 0.03857421875
0 0.78955078125 0.55126953125 0.10498046875 0.0625
0 0.8876953125 0.556640625 0.0791015625 0.0478515625
0 0.9658203125 0.56103515625 0.068359375 0.0556640625
0 0.6962890625 0.59423828125 0.02783203125 0.03857421875
0 0.75634765625 0.60107421875 0.0869140625 0.05517578125
0 0.8408203125 0.60498046875 0.07763671875 0.0498046875
0 0.93310546875 0.60791015625 0.09130859375 0.04638671875
0 0.69482421875 0.64794921875 0.0302734375 0.0478515625
0 0.7626953125 0.650390625 0.09033203125 0.052734375
0 0.80810546875 0.66259765625 0.00830078125 0.03125
0 0.9072265625 0.66455078125 0.185546875 0.0537109375
0 0.6953125 0.70654296875 0.03125 0.0439453125
0 0.728515625 0.712890625 0.03369140625 0.0478515625
0 0.7822265625 0.71533203125 0.07763671875 0.04248046875
0 0.83740234375 0.71923828125 0.03662109375 0.04052734375
0 0.8837890625 0.72216796875 0.05078125 0.05126953125
0 0.9443359375 0.728515625 0.06298828125 0.056640625