0 0.02099609375 0.20068359375 0.0419921875 0.0302734375
0 0.08251953125 0.2001953125 0.08349609375 0.0322265625
0 0.15234375 0.1982421875 0.05908203125 0.03125
0 0.22119140625 0.19873046875 0.08154296875 0.0302734375
0 0.03759765625 0.380859375 0.0751953125 0.1171875
0 0.1513671875 0.3779296875 0.13134765625 0.1142578125
0 0.263671875 0.38134765625 0.08984375 0.0927734375
0 0.482421875 0.01025390625 0.09375 0.0205078125
0 0.57177734375 0.0107421875 0.0576171875 0.021484375
0 0.6416015625 0.0126953125 0.0703125 0.025390625
0 0.73046875 0.01171875 0.095703125 0.0234375
0 0.60791015625 0.04541015625 0.16162109375 0.037109375
0 0.4580078125 0.29541015625 0.0166015625 0.0068359375
0 0.37890625 0.12060546875 0.0390625 0.0341796875
0 0.44140625 0.1181640625 0.076171875 0.0419921875
0 0.41650390625 0.1591796875 0.07177734375 0.0302734375
0 0.6806640625 0.1201171875 0.07470703125 0.0361328125
0 0.73486328125 0.12353515625 0.02197265625 0.02783203125
0 0.78662109375 0.119140625 0.07568359375 0.0380859375
0 0.85595703125 0.123046875 0.05126953125 0.0302734375
0 0.76708984375 0.15869140625 0.099609375 0.03125
0 0.85888671875 0.17431640625 0.0556640625 0.02587890625
0 0.390625 0.22021484375 0.04052734375 0.02392578125
0 0.42333984375 0.21875 0.02099609375 0.01904296875
0 0.484375 0.21875 0.09521484375 0.0224609375
0 0.4736328125 0.29541015625 0.01220703125 0.00537109375
0 0.44970703125 0.302734375 0.005859375 0.00634765625
0 0.4580078125 0.302734375 0.01220703125 0.00634765625
0 0.4677734375 0.3017578125 0.0078125 0.0068359375
0 0.47802734375 0.3017578125 0.01123046875 0.0078125
0 0.515625 0.30615234375 0.01513671875 0.0078125
0 0.5283203125 0.30712890625 0.00927734375 0.0048828125
0 0.5556640625 0.3203125 0.0205078125 0.0068359375
0 0.62548828125 0.279296875 0.03466796875 0.0126953125
0 0.66796875 0.31640625 0.02001953125 0.0068359375
0 0.6845703125 0.2900390625 0.033203125 0.021484375
0 0.6953125 0.31982421875 0.00732421875 0.005859375
0 0.82177734375 0.369140625 0.009765625 0.0068359375
0 0.98876953125 0.28125 0.0224609375 0.01171875
0 0.96240234375 0.318359375 0.01025390625 0.01025390625
0 0.97509765625 0.318359375 0.013671875 0.01220703125
0 0.9912109375 0.3193359375 0.01416015625 0.0107421875
0 0.9912109375 0.33935546875 0.017578125 0.0283203125
0 0.97216796875 0.3564453125 0.02490234375 0.0107421875
0 0.9921875 0.35595703125 0.015625 0.0107421875
0 0.96533203125 0.3671875 0.0234375 0.009765625
0 0.9853515625 0.36669921875 0.0146484375 0.01025390625
0 0.99658203125 0.36572265625 0.0068359375 0.0087890625
0 0.95166015625 0.3759765625 0.01025390625 0.0068359375
0 0.96630859375 0.37646484375 0.017578125 0.0068359375
0 0.98583984375 0.37646484375 0.02001953125 0.0068359375
0 0.99755859375 0.37548828125 0.0048828125 0.0068359375
0 0.96728515625 0.3828125 0.0361328125 0.005859375
0 0.9140625 0.3779296875 0.02197265625 0.0166015625
0 0.6455078125 0.45703125 0.04931640625 0.0205078125
0 0.703125 0.4912109375 0.0703125 0.03515625
0 0.64697265625 0.51708984375 0.04541015625 0.02001953125
0 0.68896484375 0.5205078125 0.0390625 0.021484375
0 0.71484375 0.52392578125 0.0087890625 0.0087890625
0 0.734375 0.52392578125 0.03076171875 0.0185546875
0 0.03173828125 0.64404296875 0.0634765625 0.0693359375
0 0.3349609375 0.66015625 0.048828125 0.080078125
0 0.314453125 0.84521484375 0.0771484375 0.09130859375
0 0.3046875 0.91845703125 0.109375 0.0927734375