0 0.07421875 0.0439453125 0.0361328125 0.07763671875
0 0.1279296875 0.0595703125 0.06591796875 0.05322265625
0 0.21240234375 0.05712890625 0.09912109375 0.05810546875
0 0.291015625 0.0556640625 0.0517578125 0.064453125
0 0.416015625 0.06640625 0.05615234375 0.07275390625
0 0.46630859375 0.06396484375 0.041015625 0.06103515625
0 0.5185546875 0.06787109375 0.06103515625 0.06640625
0 0.5810546875 0.07177734375 0.06201171875 0.06103515625
0 0.189453125 0.11181640625 0.0751953125 0.0283203125
0 0.24951171875 0.1142578125 0.03515625 0.0263671875
0 0.31787109375 0.11328125 0.09423828125 0.0283203125
0 0.38623046875 0.11572265625 0.0341796875 0.0263671875
0 0.439453125 0.11669921875 0.06103515625 0.02490234375
0 0.505859375 0.12158203125 0.06396484375 0.0283203125
0 0.56494140625 0.42236328125 0.02587890625 0.02001953125
0 0.59326171875 0.42138671875 0.02880859375 0.021484375
0 0.57373046875 0.462890625 0.02880859375 0.01806640625
0 0.5947265625 0.4619140625 0.01123046875 0.02001953125
0 0.61328125 0.4619140625 0.02685546875 0.02001953125
0 0.6357421875 0.462890625 0.01708984375 0.021484375
0 0.56689453125 0.48583984375 0.01806640625 0.021484375
0 0.59423828125 0.484375 0.0341796875 0.021484375
0 0.6279296875 0.4833984375 0.0322265625 0.02001953125
0 0.5205078125 0.46533203125 0.0087890625 0.0166015625
0 0.521484375 0.4892578125 0.01123046875 0.01806640625
0 0.81591796875 0.45849609375 0.01220703125 0.0166015625
0 0.83203125 0.45703125 0.02587890625 0.0166015625
0 0.85107421875 0.455078125 0.01611328125 0.0166015625
0 0.86669921875 0.45263671875 0.01904296875 0.01806640625
0 0.82080078125 0.47265625 0.01416015625 0.01806640625
0 0.8330078125 0.47265625 0.01416015625 0.01513671875
0 0.84619140625 0.47265625 0.01416015625 0.01513671875
0 0.90576171875 0.49609375 0.02197265625 0.03125
0 0.91650390625 0.48193359375 0.01318359375 0.02294921875
0 0.923828125 0.46875 0.01416015625 0.02978515625
0 0.93603515625 0.4560546875 0.02001953125 0.03466796875
0 0.9501953125 0.43798828125 0.02001953125 0.03466796875
0 0.966796875 0.41552734375 0.02587890625 0.04296875