0 0.02978515625 0.0478515625 0.0595703125 0.08984375
0 0.1103515625 0.05322265625 0.10400390625 0.087890625
0 0.21337890625 0.0654296875 0.10205078125 0.080078125
0 0.3095703125 0.0673828125 0.09326171875 0.087890625
0 0.39794921875 0.0859375 0.1025390625 0.08203125
0 0.02880859375 0.13134765625 0.0576171875 0.0576171875
0 0.1025390625 0.13623046875 0.10400390625 0.06201171875
0 0.185546875 0.14697265625 0.0625 0.06787109375
0 0.24072265625 0.14697265625 0.05029296875 0.0517578125
0 0.30810546875 0.14794921875 0.09619140625 0.05810546875
0 0.37744140625 0.15283203125 0.0517578125 0.06005859375
0 0.0439453125 0.203125 0.04736328125 0.0361328125
0 0.13330078125 0.20703125 0.13427734375 0.0400390625
0 0.337890625 0.21875 0.2197265625 0.0361328125
0 0.74609375 0.0126953125 0.0703125 0.025390625
0 0.8203125 0.0126953125 0.08203125 0.025390625
0 0.8876953125 0.01416015625 0.052734375 0.0283203125
0 0.947265625 0.0126953125 0.064453125 0.025390625
0 0.57373046875 0.05712890625 0.01806640625 0.0341796875
0 0.6044921875 0.07177734375 0.04345703125 0.09130859375
0 0.654296875 0.0703125 0.056640625 0.10009765625
0 0.7021484375 0.0771484375 0.02978515625 0.0859375
0 0.73974609375 0.07470703125 0.044921875 0.09130859375
0 0.572265625 0.16015625 0.01513671875 0.0400390625
0 0.60595703125 0.17724609375 0.04931640625 0.09716796875
0 0.66064453125 0.18603515625 0.0625 0.09130859375
0 0.72900390625 0.19580078125 0.08056640625 0.0830078125
0 0.56787109375 0.2744140625 0.01513671875 0.0400390625
0 0.60595703125 0.28857421875 0.05810546875 0.09716796875
0 0.6552734375 0.3017578125 0.04931640625 0.0830078125
0 0.69580078125 0.298828125 0.03125 0.10009765625
0 0.72607421875 0.3115234375 0.03271484375 0.080078125
0 0.74853515625 0.3232421875 0.01513671875 0.02880859375
0 0.78076171875 0.31298828125 0.04931640625 0.08837890625
0 0.841796875 0.3173828125 0.076171875 0.103515625
0 0.46875 0.16552734375 0.0390625 0.0517578125
0 0.4814453125 0.28271484375 0.064453125 0.0908203125
0 0.529296875 0.28173828125 0.02978515625 0.06591796875
0 0.52392578125 0.095703125 0.037109375 0.06005859375
0 0.46728515625 0.35595703125 0.0361328125 0.0263671875
0 0.99658203125 0.3046875 0.0068359375 0.04296875
0 0.12939453125 0.47509765625 0.0869140625 0.11376953125
0 0.1923828125 0.50634765625 0.04541015625 0.10400390625
0 0.0205078125 0.80419921875 0.041015625 0.0380859375
0 0.0537109375 0.8017578125 0.02099609375 0.029296875
0 0.078125 0.80615234375 0.0263671875 0.03759765625
0 0.103515625 0.802734375 0.0224609375 0.03076171875
0 0.12548828125 0.8046875 0.02099609375 0.029296875
0 0.00634765625 0.8388671875 0.0126953125 0.03125
0 0.04052734375 0.8427734375 0.05224609375 0.03076171875
0 0.0791015625 0.83935546875 0.02490234375 0.0263671875
0 0.1005859375 0.83740234375 0.01806640625 0.03076171875
0 0.1259765625 0.84033203125 0.0341796875 0.02783203125
0 0.16259765625 0.8056640625 0.0185546875 0.03076171875
0 0.1845703125 0.8076171875 0.02490234375 0.0234375
0 0.2080078125 0.80810546875 0.0185546875 0.0224609375
0 0.22509765625 0.806640625 0.01708984375 0.02783203125
0 0.24072265625 0.80810546875 0.0126953125 0.02490234375
0 0.2578125 0.814453125 0.0234375 0.03466796875
0 0.2890625 0.8125 0.01806640625 0.02490234375
0 0.3046875 0.8173828125 0.0146484375 0.029296875
0 0.177734375 0.837890625 0.03369140625 0.029296875
0 0.20703125 0.8408203125 0.02490234375 0.0234375
0 0.23046875 0.84228515625 0.02099609375 0.0234375
0 0.25244140625 0.84619140625 0.0234375 0.029296875
0 0.3232421875 0.81640625 0.02099609375 0.033203125
0 0.33984375 0.8173828125 0.0126953125 0.0234375
0 0.35400390625 0.81884765625 0.01416015625 0.0234375
0 0.3701171875 0.81640625 0.0166015625 0.02490234375
0 0.28857421875 0.84228515625 0.02490234375 0.0234375
0 0.30859375 0.84619140625 0.01708984375 0.02099609375
0 0.32666015625 0.84521484375 0.02197265625 0.0263671875
0 0.341796875 0.84521484375 0.0078125 0.02099609375
0 0.353515625 0.84375 0.0166015625 0.02099609375
0 0.505859375 0.8037109375 0.11328125 0.07421875
0 0.63232421875 0.80615234375 0.115234375 0.072265625
0 0.78173828125 0.8056640625 0.1669921875 0.07421875
0 0.91650390625 0.810546875 0.08544921875 0.0625
0 0.85791015625 0.92626953125 0.2841796875 0.1474609375
0 0.580078125 0.92822265625 0.26171875 0.1435546875