0 0.01123046875 0.7421875 0.0224609375 0.126953125
0 0.08154296875 0.74853515625 0.11865234375 0.1083984375
0 0.16455078125 0.74365234375 0.0498046875 0.1103515625
0 0.0107421875 0.88232421875 0.021484375 0.1435546875
0 0.06640625 0.88916015625 0.0810546875 0.1298828125
0 0.1513671875 0.89453125 0.076171875 0.12109375
0 0.21630859375 0.59423828125 0.04736328125 0.02978515625
0 0.28076171875 0.58837890625 0.05615234375 0.0283203125
0 0.248046875 0.64013671875 0.09130859375 0.044921875
0 0.40625 0.5751953125 0.125 0.11181640625
0 0.5556640625 0.564453125 0.150390625 0.109375
0 0.734375 0.55859375 0.1796875 0.09765625
0 0.45458984375 0.6611328125 0.11865234375 0.06005859375
0 0.564453125 0.658203125 0.08642578125 0.05517578125
0 0.6552734375 0.65673828125 0.08984375 0.06494140625
0 0.72509765625 0.63818359375 0.05517578125 0.068359375
0 0.7685546875 0.63818359375 0.02490234375 0.04833984375
0 0.25146484375 0.689453125 0.1240234375 0.03515625
0 0.1982421875 0.7421875 0.017578125 0.0234375
0 0.2294921875 0.73779296875 0.041015625 0.02978515625
0 0.26171875 0.740234375 0.0263671875 0.02490234375
0 0.298828125 0.734375 0.044921875 0.02978515625
0 0.3271484375 0.73779296875 0.0087890625 0.009765625
0 0.36181640625 0.73095703125 0.05859375 0.02978515625
0 0.39892578125 0.72900390625 0.0126953125 0.0234375
0 0.41015625 0.73193359375 0.00732421875 0.01171875
0 0.427734375 0.72900390625 0.02734375 0.0234375
0 0.4560546875 0.72412109375 0.03759765625 0.02685546875
0 0.4970703125 0.7236328125 0.041015625 0.02490234375
0 0.59375 0.71826171875 0.02734375 0.02490234375
0 0.6591796875 0.71337890625 0.103515625 0.03173828125
0 0.716796875 0.7109375 0.0087890625 0.009765625
0 0.74169921875 0.70751953125 0.0361328125 0.02685546875
0 0.8125 0.70068359375 0.10498046875 0.02978515625
0 0.94775390625 0.865234375 0.0673828125 0.04833984375