0 0.1865234375 0.03857421875 0.0751953125 0.0419921875
0 0.2470703125 0.03466796875 0.03955078125 0.0498046875
0 0.31494140625 0.03759765625 0.08935546875 0.0595703125
0 0.39306640625 0.03369140625 0.05615234375 0.0517578125
0 0.45458984375 0.04248046875 0.05810546875 0.05322265625
0 0.1923828125 0.08203125 0.08251953125 0.0263671875
0 0.2470703125 0.08154296875 0.02685546875 0.0283203125
0 0.3095703125 0.08154296875 0.09375 0.0283203125
0 0.41943359375 0.083984375 0.1259765625 0.0263671875
0 0.103515625 0.04931640625 0.02099609375 0.0205078125
0 0.021484375 0.4599609375 0.04296875 0.044921875
0 0.06982421875 0.45849609375 0.05029296875 0.0517578125
0 0.09619140625 0.470703125 0.0078125 0.02490234375
0 0.1123046875 0.46044921875 0.02783203125 0.04638671875
0 0.158203125 0.46533203125 0.06640625 0.0390625
0 0.212890625 0.4677734375 0.0390625 0.04638671875
0 0.2578125 0.46533203125 0.04736328125 0.0439453125
0 0.29931640625 0.462890625 0.03564453125 0.04638671875
0 0.33056640625 0.46484375 0.02587890625 0.04150390625
0 0.01513671875 0.51318359375 0.0302734375 0.0380859375
0 0.0458984375 0.515625 0.0283203125 0.03466796875
0 0.076171875 0.52099609375 0.0322265625 0.0361328125
0 0.11328125 0.5224609375 0.03857421875 0.03857421875
0 0.1455078125 0.51806640625 0.02197265625 0.03759765625
0 0.1796875 0.52392578125 0.0419921875 0.03662109375
0 0.21875 0.517578125 0.03955078125 0.04345703125
0 0.2509765625 0.5234375 0.0283203125 0.0341796875
0 0.27978515625 0.52294921875 0.02685546875 0.03369140625
0 0.3212890625 0.52392578125 0.0595703125 0.041015625
0 0.1181640625 0.3408203125 0.04150390625 0.02197265625
0 0.154296875 0.2939453125 0.0244140625 0.00927734375
0 0.02490234375 0.33251953125 0.01318359375 0.00732421875
0 0.033203125 0.33447265625 0.00634765625 0.00439453125
0 0.1474609375 0.3408203125 0.0107421875 0.01708984375
0 0.38330078125 0.26416015625 0.0302734375 0.0087890625
0 0.35400390625 0.2802734375 0.01220703125 0.00634765625
0 0.365234375 0.27978515625 0.01171875 0.00634765625
0 0.376953125 0.2783203125 0.0126953125 0.00537109375
0 0.3857421875 0.27734375 0.00390625 0.0048828125
0 0.3935546875 0.27685546875 0.01123046875 0.00537109375
0 0.3671875 0.28564453125 0.015625 0.00537109375
0 0.37939453125 0.28515625 0.00927734375 0.0048828125
0 0.3916015625 0.2841796875 0.01513671875 0.0078125
0 0.5126953125 0.2607421875 0.01953125 0.001953125
0 0.623046875 0.61669921875 0.02734375 0.0537109375
0 0.66650390625 0.61328125 0.04736328125 0.05517578125
0 0.728515625 0.6083984375 0.06884765625 0.04150390625
0 0.78564453125 0.60498046875 0.0361328125 0.04150390625
0 0.8408203125 0.6005859375 0.05615234375 0.046875
0 0.90478515625 0.6015625 0.05859375 0.044921875
0 0.96875 0.6025390625 0.0576171875 0.0498046875
0 0.6533203125 0.66748046875 0.07373046875 0.0400390625
0 0.7216796875 0.66064453125 0.052734375 0.046875
0 0.7998046875 0.65234375 0.09619140625 0.05322265625
0 0.884765625 0.65234375 0.06396484375 0.0400390625
0 0.947265625 0.65478515625 0.05126953125 0.04833984375
0 0.9892578125 0.650390625 0.021484375 0.046875