0 0.36083984375 0.41259765625 0.23876953125 0.09521484375
0 0.5380859375 0.38916015625 0.103515625 0.06494140625
0 0.671875 0.369140625 0.1435546875 0.068359375
0 0.314453125 0.50927734375 0.263671875 0.16162109375
0 0.64453125 0.46826171875 0.38134765625 0.19677734375
0 0.21044921875 0.62744140625 0.09619140625 0.06494140625
0 0.30126953125 0.615234375 0.080078125 0.080078125
0 0.35546875 0.62060546875 0.0185546875 0.0185546875
0 0.4169921875 0.60400390625 0.09375 0.091796875
0 0.478515625 0.609375 0.017578125 0.01513671875
0 0.5498046875 0.59765625 0.1201171875 0.0849609375
0 0.62353515625 0.595703125 0.02001953125 0.021484375
0 0.68603515625 0.580078125 0.09521484375 0.09326171875
0 0.75439453125 0.58349609375 0.0263671875 0.0234375
0 0.8212890625 0.57763671875 0.107421875 0.09814453125