0 0.36181640625 0.19091796875 0.0546875 0.076171875
0 0.40478515625 0.19091796875 0.03369140625 0.0810546875
0 0.44677734375 0.18896484375 0.04931640625 0.076171875
0 0.37109375 0.26171875 0.04443359375 0.06494140625
0 0.78515625 0.1884765625 0.078125 0.05419921875
0 0.8583984375 0.18701171875 0.060546875 0.05419921875
0 0.9326171875 0.18798828125 0.08203125 0.052734375
0 0.84423828125 0.30859375 0.0419921875 0.03076171875
0 0.6357421875 0.1630859375 0.017578125 0.0263671875
0 0.63330078125 0.208984375 0.0166015625 0.02490234375
0 0.6298828125 0.25537109375 0.01953125 0.0263671875
0 0.6259765625 0.35205078125 0.013671875 0.0283203125
0 0.62451171875 0.4013671875 0.0107421875 0.029296875
0 0.62353515625 0.451171875 0.0087890625 0.029296875
0 0.62158203125 0.50439453125 0.0048828125 0.0283203125
0 0.10791015625 0.6435546875 0.2158203125 0.107421875
0 0.3369140625 0.63671875 0.169921875 0.09375
0 0.53564453125 0.6474609375 0.1669921875 0.115234375
0 0.81103515625 0.794921875 0.3779296875 0.41015625