0 0.5107421875 0.38525390625 0.36572265625 0.18310546875
0 0.2626953125 0.46044921875 0.140625 0.1416015625
0 0.37646484375 0.47509765625 0.0966796875 0.1083984375
0 0.4814453125 0.498046875 0.1533203125 0.13330078125
0 0.6162109375 0.52001953125 0.1328125 0.123046875
0 0.7421875 0.55615234375 0.125 0.14599609375
0 0.27099609375 0.55224609375 0.0732421875 0.0751953125
0 0.32958984375 0.5654296875 0.07177734375 0.064453125
0 0.4033203125 0.5791015625 0.09375 0.07080078125
0 0.47265625 0.58837890625 0.0576171875 0.05224609375
0 0.5390625 0.60205078125 0.08740234375 0.05419921875
0 0.61474609375 0.61669921875 0.0673828125 0.0498046875
0 0.68994140625 0.62939453125 0.09521484375 0.06689453125
0 0.484375 0.640625 0.20947265625 0.07275390625
0 0.3291015625 0.65185546875 0.04833984375 0.0498046875
0 0.38427734375 0.66455078125 0.05615234375 0.0498046875
0 0.4384765625 0.6728515625 0.0419921875 0.04150390625
0 0.4951171875 0.6845703125 0.06884765625 0.05224609375
0 0.5615234375 0.69482421875 0.0517578125 0.0478515625
0 0.62255859375 0.70947265625 0.0576171875 0.05615234375
0 0.2177734375 0.6708984375 0.0703125 0.05419921875
0 0.26708984375 0.68212890625 0.03759765625 0.0478515625
0 0.33837890625 0.69873046875 0.09228515625 0.060546875
0 0.4052734375 0.7041015625 0.03271484375 0.0458984375
0 0.4375 0.71435546875 0.02197265625 0.03759765625
0 0.4853515625 0.72314453125 0.0673828125 0.0458984375
0 0.5576171875 0.7373046875 0.0654296875 0.0498046875
0 0.61962890625 0.75 0.0517578125 0.0458984375
0 0.671875 0.75732421875 0.04052734375 0.0478515625