0 0.20947265625 0.0673828125 0.19287109375 0.0849609375
0 0.361328125 0.05810546875 0.1171875 0.1083984375
0 0.17626953125 0.16943359375 0.24560546875 0.10107421875
0 0.37158203125 0.17578125 0.0966796875 0.0703125
0 0.9189453125 0.12548828125 0.017578125 0.037109375
0 0.9267578125 0.2470703125 0.041015625 0.005859375
0 0.1025390625 0.2587890625 0.04296875 0.017578125
0 0.138671875 0.2587890625 0.029296875 0.017578125
0 0.177734375 0.25927734375 0.041015625 0.0185546875
0 0.220703125 0.26171875 0.041015625 0.0234375
0 0.3544921875 0.51708984375 0.046875 0.07275390625
0 0.01220703125 0.66552734375 0.0244140625 0.0263671875
0 0.0439453125 0.6640625 0.0390625 0.0234375
0 0.0791015625 0.6611328125 0.03515625 0.0234375
0 0.70068359375 0.6201171875 0.05419921875 0.0703125
0 0.77685546875 0.6240234375 0.08935546875 0.0703125
0 0.6767578125 0.69775390625 0.064453125 0.06298828125
0 0.73193359375 0.6943359375 0.04150390625 0.06298828125
0 0.79150390625 0.69775390625 0.07275390625 0.0556640625
0 0.84765625 0.70361328125 0.03564453125 0.0517578125
0 0.71337890625 0.77001953125 0.04150390625 0.0517578125
0 0.7529296875 0.77392578125 0.02490234375 0.0517578125
0 0.7861328125 0.77587890625 0.03759765625 0.04833984375
0 0.677734375 0.84033203125 0.033203125 0.05908203125
0 0.71435546875 0.84619140625 0.03125 0.0556640625
0 0.755859375 0.84423828125 0.0439453125 0.05908203125