0 0.15380859375 0.2880859375 0.2919921875 0.18359375
0 0.58154296875 0.22021484375 0.0244140625 0.0498046875
0 0.623046875 0.20654296875 0.05419921875 0.02099609375
0 0.611328125 0.23681640625 0.06689453125 0.0439453125
0 0.04541015625 0.58935546875 0.04736328125 0.06494140625
0 0.09765625 0.580078125 0.04736328125 0.06005859375
0 0.17041015625 0.57958984375 0.0849609375 0.05810546875
0 0.30712890625 0.58203125 0.17626953125 0.0498046875
0 0.43017578125 0.58935546875 0.06982421875 0.05810546875
0 0.50048828125 0.58447265625 0.0751953125 0.04833984375
0 0.42578125 0.65771484375 0.12109375 0.0517578125
0 0.51171875 0.7119140625 0.08740234375 0.02685546875
0 0.4541015625 0.71337890625 0.02978515625 0.0234375
0 0.40478515625 0.716796875 0.03857421875 0.02978515625
0 0.36865234375 0.71337890625 0.0361328125 0.02978515625
0 0.3388671875 0.71533203125 0.02734375 0.02685546875
0 0.30517578125 0.7177734375 0.03759765625 0.03173828125
0 0.263671875 0.71923828125 0.04638671875 0.03173828125
0 0.22265625 0.71875 0.03759765625 0.02978515625
0 0.1796875 0.7177734375 0.048828125 0.02490234375
0 0.14697265625 0.7177734375 0.021484375 0.02490234375
0 0.1142578125 0.71875 0.04248046875 0.02978515625
0 0.07275390625 0.72021484375 0.04248046875 0.02978515625
0 0.04052734375 0.71875 0.0224609375 0.0400390625
0 0.01708984375 0.72021484375 0.021484375 0.02685546875
0 0.0029296875 0.71728515625 0.005859375 0.0322265625
0 0.1572265625 0.65185546875 0.15380859375 0.0634765625
0 0.03271484375 0.65966796875 0.0654296875 0.0537109375