0 0.171875 0.21826171875 0.09521484375 0.20654296875
0 0.3115234375 0.28662109375 0.18701171875 0.22412109375
0 0.85791015625 0.04248046875 0.2841796875 0.0849609375
0 0.625 0.0419921875 0.02099609375 0.0126953125
0 0.6416015625 0.0419921875 0.01318359375 0.01513671875
0 0.6162109375 0.05517578125 0.03076171875 0.01611328125
0 0.6494140625 0.0546875 0.02685546875 0.017578125
0 0.70947265625 0.232421875 0.10205078125 0.1875
0 0.8759765625 0.2236328125 0.19287109375 0.19091796875
0 0.6455078125 0.41357421875 0.0400390625 0.0634765625
0 0.70361328125 0.40478515625 0.06689453125 0.05322265625
0 0.7666015625 0.39306640625 0.04296875 0.06689453125
0 0.8779296875 0.40185546875 0.17041015625 0.07275390625
0 0.9853515625 0.39013671875 0.029296875 0.0537109375
0 0.974609375 0.46337890625 0.05078125 0.0537109375
0 0.9501953125 0.54638671875 0.099609375 0.0673828125
0 0.90673828125 0.46826171875 0.06787109375 0.05078125
0 0.8359375 0.47705078125 0.05859375 0.04052734375
0 0.76513671875 0.4794921875 0.06689453125 0.06591796875
0 0.69921875 0.478515625 0.04638671875 0.05322265625
0 0.63134765625 0.478515625 0.07080078125 0.08349609375
0 0.61572265625 0.55908203125 0.048828125 0.056640625
0 0.66943359375 0.5546875 0.04150390625 0.05419921875
0 0.71533203125 0.55419921875 0.0361328125 0.05322265625
0 0.76904296875 0.5498046875 0.0625 0.05419921875
0 0.82958984375 0.54736328125 0.04296875 0.05419921875
0 0.875 0.53857421875 0.041015625 0.06591796875
0 0.81640625 0.6181640625 0.0517578125 0.06591796875
0 0.87109375 0.6201171875 0.041015625 0.0556640625
0 0.9208984375 0.6171875 0.04296875 0.05419921875
0 0.36376953125 0.7607421875 0.068359375 0.0859375
0 0.42041015625 0.73828125 0.052734375 0.07275390625
0 0.4833984375 0.732421875 0.08544921875 0.1005859375
0 0.041015625 0.828125 0.08203125 0.09375
0 0.2109375 0.7880859375 0.2353515625 0.1455078125
0 0.02490234375 0.884765625 0.03564453125 0.0263671875
0 0.064453125 0.88134765625 0.03857421875 0.02490234375
0 0.09912109375 0.87353515625 0.03076171875 0.02783203125
0 0.1220703125 0.87158203125 0.01171875 0.01318359375
0 0.15771484375 0.8671875 0.04443359375 0.0263671875
0 0.61083984375 0.923828125 0.03662109375 0.0361328125
0 0.6484375 0.92626953125 0.03759765625 0.029296875
0 0.794921875 0.921875 0.0302734375 0.03466796875
0 0.8330078125 0.92333984375 0.046875 0.03466796875
0 0.87744140625 0.921875 0.04052734375 0.03173828125
0 0.9091796875 0.923828125 0.02587890625 0.0302734375
0 0.740234375 0.9619140625 0.03369140625 0.03466796875
0 0.76904296875 0.9609375 0.0185546875 0.0263671875
0 0.853515625 0.96630859375 0.04931640625 0.029296875
0 0.947265625 0.962890625 0.06494140625 0.0390625
0 0.98974609375 0.962890625 0.0205078125 0.0390625