0 0.07421875 0.2578125 0.04248046875 0.021484375
0 0.13134765625 0.25341796875 0.06103515625 0.029296875
0 0.1796875 0.25048828125 0.03076171875 0.03076171875
0 0.20556640625 0.25341796875 0.01513671875 0.021484375
0 0.07373046875 0.30810546875 0.12744140625 0.072265625
0 0.20361328125 0.3046875 0.11767578125 0.072265625
0 0.69775390625 0.33203125 0.2158203125 0.091796875
0 0.90576171875 0.373046875 0.17041015625 0.11279296875
0 0.63427734375 0.43798828125 0.0888671875 0.0517578125
0 0.77001953125 0.4404296875 0.17529296875 0.05859375
0 0.91357421875 0.45556640625 0.1259765625 0.0703125
0 0.9853515625 0.47802734375 0.029296875 0.0595703125
0 0.36572265625 0.75146484375 0.02978515625 0.02001953125
0 0.39306640625 0.75341796875 0.02490234375 0.021484375
0 0.36669921875 0.76904296875 0.02392578125 0.02001953125
0 0.38916015625 0.77197265625 0.0234375 0.021484375
0 0.79638671875 0.68408203125 0.1103515625 0.0498046875
0 0.92431640625 0.68408203125 0.1064453125 0.0498046875