0 0.2265625 0.10009765625 0.07421875 0.14013671875
0 0.32373046875 0.107421875 0.13623046875 0.14306640625
0 0.41259765625 0.12890625 0.0341796875 0.03125
0 0.48046875 0.11474609375 0.10205078125 0.14013671875
0 0.16650390625 0.25439453125 0.06591796875 0.0771484375
0 0.28759765625 0.26171875 0.18017578125 0.0859375
0 0.44140625 0.26904296875 0.1279296875 0.09423828125
0 0.51953125 0.27734375 0.02001953125 0.02001953125
0 0.54248046875 0.275390625 0.0341796875 0.091796875
0 0.59912109375 0.08154296875 0.0556640625 0.0517578125
0 0.6494140625 0.07958984375 0.04443359375 0.0517578125
0 0.697265625 0.07861328125 0.0458984375 0.0537109375
0 0.57373046875 0.154296875 0.0283203125 0.060546875
0 0.62060546875 0.150390625 0.05859375 0.04296875
0 0.697265625 0.14599609375 0.08837890625 0.0517578125
0 0.576171875 0.21337890625 0.033203125 0.0498046875
0 0.6162109375 0.212890625 0.04150390625 0.0517578125
0 0.65478515625 0.2158203125 0.02978515625 0.041015625
0 0.70654296875 0.212890625 0.06982421875 0.0517578125
0 0.0830078125 0.626953125 0.12646484375 0.0634765625
0 0.234375 0.6220703125 0.0810546875 0.08984375
0 0.34716796875 0.623046875 0.115234375 0.078125
0 0.02294921875 0.7197265625 0.0458984375 0.068359375
0 0.07470703125 0.7138671875 0.052734375 0.07666015625
0 0.13916015625 0.7255859375 0.06884765625 0.080078125
0 0.21142578125 0.712890625 0.06884765625 0.07177734375
0 0.2890625 0.71533203125 0.076171875 0.06689453125
0 0.64208984375 0.5791015625 0.0732421875 0.01953125
0 0.74365234375 0.5869140625 0.1162109375 0.03515625
0 0.6005859375 0.6171875 0.0751953125 0.04833984375
0 0.66455078125 0.62158203125 0.0400390625 0.04345703125
0 0.57861328125 0.66259765625 0.0380859375 0.0439453125
0 0.64453125 0.6689453125 0.07763671875 0.044921875
0 0.73046875 0.67138671875 0.08984375 0.04345703125
0 0.57568359375 0.7109375 0.0322265625 0.046875
0 0.609375 0.7138671875 0.02978515625 0.03857421875
0 0.65576171875 0.71142578125 0.0576171875 0.04345703125
0 0.70849609375 0.71142578125 0.0439453125 0.0400390625
0 0.7509765625 0.71630859375 0.0361328125 0.02978515625
0 0.7919921875 0.71728515625 0.0400390625 0.0283203125
0 0.5849609375 0.767578125 0.05078125 0.037109375