0 0.44287109375 0.33349609375 0.09375 0.0595703125
0 0.33056640625 0.4052734375 0.02099609375 0.015625
0 0.3515625 0.4072265625 0.01953125 0.01513671875
0 0.384765625 0.41259765625 0.04541015625 0.01611328125
0 0.4169921875 0.4140625 0.02099609375 0.01513671875
0 0.43896484375 0.416015625 0.029296875 0.01611328125
0 0.46337890625 0.41943359375 0.01904296875 0.013671875
0 0.4931640625 0.4208984375 0.04248046875 0.01708984375
0 0.52685546875 0.423828125 0.0263671875 0.01611328125
0 0.5498046875 0.4267578125 0.01953125 0.013671875
0 0.56982421875 0.4296875 0.02294921875 0.015625
0 0.34326171875 0.435546875 0.04150390625 0.02099609375
0 0.37255859375 0.439453125 0.01806640625 0.01708984375
0 0.40087890625 0.44091796875 0.03662109375 0.01806640625
0 0.43359375 0.44189453125 0.029296875 0.02197265625
0 0.46630859375 0.4453125 0.03369140625 0.02197265625
0 0.49462890625 0.44873046875 0.02001953125 0.01904296875
0 0.53173828125 0.45263671875 0.0517578125 0.0205078125
0 0.57080078125 0.4580078125 0.02783203125 0.0205078125
0 0.3515625 0.47412109375 0.0458984375 0.0361328125
0 0.41650390625 0.4755859375 0.07958984375 0.044921875
0 0.49072265625 0.4853515625 0.06689453125 0.04833984375
0 0.55908203125 0.490234375 0.06982421875 0.0361328125
0 0.33837890625 0.501953125 0.02490234375 0.015625
0 0.35888671875 0.50390625 0.01611328125 0.0146484375
0 0.38623046875 0.5078125 0.03662109375 0.0185546875
0 0.41748046875 0.5087890625 0.02734375 0.017578125
0 0.4462890625 0.51171875 0.02880859375 0.01708984375
0 0.47802734375 0.51318359375 0.03515625 0.017578125
0 0.5048828125 0.5146484375 0.01953125 0.01318359375
0 0.5224609375 0.515625 0.0166015625 0.01416015625
0 0.5478515625 0.5185546875 0.0361328125 0.015625
0 0.5732421875 0.51953125 0.01611328125 0.013671875
0 0.591796875 0.521484375 0.02099609375 0.01611328125
0 0.4287109375 0.52685546875 0.0263671875 0.01513671875
0 0.48046875 0.5302734375 0.07861328125 0.01806640625
0 0.38037109375 0.54052734375 0.0498046875 0.0166015625