0 0.65576171875 0.02587890625 0.2060546875 0.0517578125
0 0.55322265625 0.1376953125 0.0478515625 0.171875
0 0.68994140625 0.13671875 0.20947265625 0.173828125
0 0.642578125 0.2578125 0.2080078125 0.080078125
0 0.19873046875 0.46484375 0.25390625 0.07861328125
0 0.58837890625 0.498046875 0.1181640625 0.1484375
0 0.7265625 0.48974609375 0.14453125 0.1611328125
0 0.90185546875 0.46875 0.1748046875 0.119140625
0 0.55615234375 0.6796875 0.0537109375 0.158203125
0 0.662109375 0.68798828125 0.1474609375 0.14501953125
0 0.82177734375 0.673828125 0.15771484375 0.1533203125
0 0.95849609375 0.6318359375 0.0830078125 0.1796875
0 0.701171875 0.884765625 0.23876953125 0.134765625
0 0.91259765625 0.87255859375 0.14111328125 0.14013671875