0 0.00927734375 0.1162109375 0.0185546875 0.0390625
0 0.03515625 0.1162109375 0.0341796875 0.033203125
0 0.02685546875 0.15673828125 0.0537109375 0.0419921875
0 0.009765625 0.3349609375 0.01953125 0.115234375
0 0.0146484375 0.43994140625 0.029296875 0.0595703125
0 0.6484375 0.16357421875 0.033203125 0.06689453125
0 0.689453125 0.15771484375 0.044921875 0.06298828125
0 0.75390625 0.15234375 0.087890625 0.06689453125
0 0.8154296875 0.15576171875 0.0390625 0.05908203125
0 0.8779296875 0.15771484375 0.07421875 0.0556640625
0 0.951171875 0.15576171875 0.072265625 0.06689453125
0 0.99462890625 0.1552734375 0.0107421875 0.05859375
0 0.45263671875 0.6103515625 0.1142578125 0.083984375
0 0.41064453125 0.6728515625 0.0341796875 0.0458984375
0 0.44482421875 0.67431640625 0.033203125 0.04248046875
0 0.47265625 0.6767578125 0.02099609375 0.04443359375
0 0.4951171875 0.67724609375 0.0244140625 0.04345703125
0 0.40283203125 0.72900390625 0.041015625 0.0380859375
0 0.4365234375 0.728515625 0.02685546875 0.0263671875
0 0.4599609375 0.7333984375 0.0166015625 0.03173828125
0 0.48828125 0.73681640625 0.04150390625 0.0361328125
0 0.35205078125 0.77734375 0.0517578125 0.0546875
0 0.40625 0.78125 0.05517578125 0.0556640625
0 0.4580078125 0.78662109375 0.0458984375 0.05126953125
0 0.49462890625 0.78515625 0.0234375 0.0673828125
0 0.3271484375 0.83740234375 0.04248046875 0.05859375
0 0.373046875 0.84814453125 0.04541015625 0.07421875
0 0.41064453125 0.84765625 0.0302734375 0.0556640625
0 0.4521484375 0.8466796875 0.052734375 0.0576171875
0 0.35595703125 0.64306640625 0.0341796875 0.01611328125
0 0.06494140625 0.57763671875 0.01953125 0.029296875
0 0.064453125 0.603515625 0.01806640625 0.02490234375
0 0.0283203125 0.66064453125 0.0205078125 0.03466796875
0 0.02734375 0.6904296875 0.02099609375 0.0302734375
0 0.1220703125 0.6162109375 0.021484375 0.0458984375
0 0.1396484375 0.60986328125 0.013671875 0.0263671875
0 0.140625 0.63037109375 0.013671875 0.017578125
0 0.171875 0.6005859375 0.01025390625 0.0205078125
0 0.1806640625 0.6025390625 0.00927734375 0.0205078125
0 0.17529296875 0.6220703125 0.0341796875 0.02490234375
0 0.1669921875 0.6435546875 0.01904296875 0.02197265625
0 0.1845703125 0.64453125 0.01708984375 0.01953125
0 0.12841796875 0.7666015625 0.0166015625 0.037109375
0 0.1279296875 0.79736328125 0.01904296875 0.02490234375
0 0.0869140625 0.85595703125 0.0185546875 0.01953125
0 0.1005859375 0.8564453125 0.0087890625 0.01611328125
0 0.189453125 0.88525390625 0.01416015625 0.02392578125
0 0.20703125 0.88623046875 0.02197265625 0.02392578125
0 0.24609375 0.88623046875 0.05517578125 0.03271484375
0 0.1923828125 0.91162109375 0.02099609375 0.0283203125
0 0.2236328125 0.91357421875 0.04150390625 0.0283203125
0 0.259765625 0.91748046875 0.029296875 0.02734375
0 0.240234375 0.77978515625 0.01806640625 0.01953125