0 0.140625 0.18310546875 0.28125 0.1416015625
0 0.201171875 0.2607421875 0.1220703125 0.03369140625
0 0.0947265625 0.28759765625 0.142578125 0.0244140625
0 0.21630859375 0.29052734375 0.1044921875 0.0185546875
0 0.7333984375 0.072265625 0.208984375 0.12744140625
0 0.9296875 0.0849609375 0.140625 0.142578125
0 0.916015625 0.23388671875 0.1171875 0.11181640625
0 0.55517578125 0.87353515625 0.02490234375 0.0576171875
0 0.56201171875 0.82861328125 0.0146484375 0.0537109375
0 0.22412109375 0.88232421875 0.0498046875 0.02685546875
0 0.2109375 0.857421875 0.02197265625 0.01953125
0 0.25439453125 0.85888671875 0.01904296875 0.01953125
0 0.763671875 0.3154296875 0.04248046875 0.02197265625
0 0.80712890625 0.31591796875 0.044921875 0.0205078125
0 0.84521484375 0.31689453125 0.03125 0.01953125
0 0.8876953125 0.31787109375 0.0400390625 0.02197265625
0 0.9267578125 0.31787109375 0.03125 0.02197265625
0 0.9609375 0.31787109375 0.037109375 0.01953125
0 0.994140625 0.31787109375 0.01171875 0.0205078125
0 0.82666015625 0.3544921875 0.08154296875 0.041015625
0 0.89404296875 0.35498046875 0.04150390625 0.044921875
0 0.9521484375 0.35693359375 0.0771484375 0.0361328125
0 0.99169921875 0.48388671875 0.0166015625 0.0283203125
0 0.9912109375 0.5078125 0.017578125 0.025390625
0 0.76171875 0.40869140625 0.07958984375 0.0849609375
0 0.890625 0.4462890625 0.18017578125 0.130859375
0 0.9912109375 0.42724609375 0.017578125 0.0908203125
0 0.79345703125 0.58154296875 0.052734375 0.03515625
0 0.84130859375 0.5859375 0.037109375 0.0341796875
0 0.8837890625 0.58349609375 0.04345703125 0.02685546875
0 0.78076171875 0.6142578125 0.06396484375 0.0302734375
0 0.87158203125 0.6162109375 0.1064453125 0.03173828125
0 0.875 0.7099609375 0.08154296875 0.076171875
0 0.89208984375 0.80615234375 0.07177734375 0.0361328125
0 0.95458984375 0.8076171875 0.05029296875 0.03173828125
0 0.91845703125 0.8447265625 0.0927734375 0.0302734375
0 0.90380859375 0.951171875 0.0546875 0.0302734375
0 0.96630859375 0.9501953125 0.06494140625 0.0302734375
0 0.9013671875 0.99658203125 0.03125 0.0068359375
0 0.96826171875 0.99658203125 0.0380859375 0.0068359375
0 0.75146484375 0.9111328125 0.05615234375 0.03759765625
0 0.66796875 0.94140625 0.08154296875 0.0712890625
0 0.82275390625 0.9228515625 0.08740234375 0.06298828125