0 0.787109375 0.23583984375 0.30859375 0.39013671875
0 0.63232421875 0.50732421875 0.0849609375 0.0966796875
0 0.734375 0.50830078125 0.10888671875 0.09521484375
0 0.8447265625 0.51416015625 0.08642578125 0.10009765625
0 0.62939453125 0.6103515625 0.0791015625 0.0390625
0 0.7529296875 0.599609375 0.158203125 0.060546875
0 0.0439453125 0.93505859375 0.07470703125 0.06787109375
0 0.5185546875 0.92724609375 0.142578125 0.0537109375
0 0.4765625 0.7099609375 0.2265625 0.16015625
0 0.20361328125 0.7109375 0.2705078125 0.162109375
0 0.66015625 0.64599609375 0.095703125 0.0322265625
0 0.76123046875 0.64794921875 0.0908203125 0.0361328125
0 0.61572265625 0.69091796875 0.0517578125 0.0419921875
0 0.6708984375 0.69677734375 0.05517578125 0.0458984375
0 0.75732421875 0.69873046875 0.10986328125 0.0498046875
0 0.859375 0.66162109375 0.06103515625 0.02880859375
0 0.64111328125 0.90185546875 0.1025390625 0.0654296875
0 0.76171875 0.9130859375 0.1337890625 0.08642578125
0 0.89306640625 0.93798828125 0.06396484375 0.03662109375
0 0.60400390625 0.97314453125 0.0283203125 0.0498046875
0 0.68359375 0.9697265625 0.1201171875 0.0537109375