0 0.10400390625 0.39892578125 0.0703125 0.05615234375
0 0.15625 0.4091796875 0.046875 0.0478515625
0 0.19775390625 0.41259765625 0.04541015625 0.0458984375
0 0.23291015625 0.41064453125 0.03759765625 0.03759765625
0 0.2724609375 0.41455078125 0.06103515625 0.05419921875
0 0.3173828125 0.419921875 0.0439453125 0.0478515625
0 0.35546875 0.419921875 0.0361328125 0.03564453125
0 0.38818359375 0.4248046875 0.0390625 0.0458984375
0 0.42724609375 0.4228515625 0.04833984375 0.04150390625
0 0.46875 0.42724609375 0.04052734375 0.04150390625
0 0.18505859375 0.4560546875 0.0517578125 0.03759765625
0 0.2373046875 0.46337890625 0.06884765625 0.0439453125
0 0.29052734375 0.46044921875 0.046875 0.04150390625
0 0.32958984375 0.46337890625 0.03759765625 0.0439453125
0 0.3564453125 0.4658203125 0.03125 0.03564453125
0 0.3984375 0.466796875 0.05615234375 0.03759765625