0 0.05859375 0.05859375 0.1171875 0.1171875
0 0.29345703125 0.10693359375 0.3525390625 0.2138671875
0 0.099609375 0.24560546875 0.19921875 0.2431640625
0 0.85009765625 0.271484375 0.0869140625 0.083984375
0 0.93115234375 0.283203125 0.06689453125 0.0751953125
0 0.98291015625 0.28955078125 0.0341796875 0.0751953125
0 0.12548828125 0.48046875 0.1650390625 0.0625
0 0.2451171875 0.478515625 0.0625 0.05859375
0 0.3427734375 0.4814453125 0.115234375 0.064453125
0 0.43994140625 0.47802734375 0.0595703125 0.0576171875
0 0.15185546875 0.63232421875 0.08251953125 0.06982421875
0 0.25146484375 0.6337890625 0.0986328125 0.06689453125
0 0.33740234375 0.64208984375 0.06396484375 0.08349609375
0 0.39990234375 0.63037109375 0.048828125 0.0732421875
0 0.45068359375 0.6298828125 0.0380859375 0.0703125
0 0.16552734375 0.748046875 0.1201171875 0.068359375
0 0.27197265625 0.75732421875 0.0751953125 0.07666015625
0 0.36376953125 0.7578125 0.10107421875 0.08837890625
0 0.4443359375 0.75439453125 0.05078125 0.0849609375
0 0.1484375 0.9599609375 0.107421875 0.080078125
0 0.224609375 0.97607421875 0.0390625 0.0478515625
0 0.28662109375 0.9765625 0.0869140625 0.046875
0 0.36962890625 0.97509765625 0.0751953125 0.0498046875
0 0.43603515625 0.9755859375 0.0537109375 0.048828125
0 0.90234375 0.484375 0.06640625 0.01806640625
0 0.970703125 0.48193359375 0.05859375 0.0185546875
0 0.91064453125 0.49853515625 0.04248046875 0.01513671875
0 0.95849609375 0.4970703125 0.0458984375 0.0146484375
0 0.81982421875 0.55517578125 0.01513671875 0.00341796875
0 0.99072265625 0.68212890625 0.0185546875 0.0048828125
0 0.8818359375 0.6845703125 0.115234375 0.01513671875
0 0.86669921875 0.6943359375 0.0302734375 0.00439453125
0 0.89453125 0.69482421875 0.02197265625 0.00439453125