0 0.373046875 0.60302734375 0.0595703125 0.07080078125
0 0.41748046875 0.54150390625 0.08203125 0.06884765625
0 0.48193359375 0.50732421875 0.0751953125 0.0498046875
0 0.572265625 0.5 0.111328125 0.04150390625
0 0.68408203125 0.5478515625 0.1181640625 0.125
0 0.53759765625 0.59814453125 0.2275390625 0.05419921875
0 0.39013671875 0.64892578125 0.06689453125 0.02294921875
0 0.45556640625 0.642578125 0.06396484375 0.029296875
0 0.5068359375 0.63916015625 0.04443359375 0.02392578125
0 0.58203125 0.63818359375 0.1025390625 0.02587890625
0 0.65966796875 0.6357421875 0.0498046875 0.02587890625
0 0.7001953125 0.62841796875 0.033203125 0.0302734375