0 0.01025390625 0.50390625 0.0205078125 0.056640625
0 0.076171875 0.5 0.09130859375 0.07177734375
0 0.06201171875 0.54833984375 0.0869140625 0.0224609375
0 0.68896484375 0.01416015625 0.0751953125 0.0283203125
0 0.7744140625 0.01416015625 0.080078125 0.0283203125
0 0.87451171875 0.0146484375 0.1025390625 0.029296875
0 0.9677734375 0.02001953125 0.064453125 0.0400390625
0 0.13134765625 0.6513671875 0.2626953125 0.18359375
0 0.0888671875 0.7958984375 0.177734375 0.041015625
0 0.05859375 0.83642578125 0.1171875 0.0361328125
0 0.02197265625 0.86865234375 0.0439453125 0.0205078125
0 0.078125 0.86962890625 0.06884765625 0.02685546875
0 0.146484375 0.8662109375 0.07177734375 0.0224609375
0 0.0205078125 0.890625 0.041015625 0.025390625
0 0.078125 0.8896484375 0.072265625 0.02587890625
0 0.14404296875 0.88427734375 0.060546875 0.025390625
0 0.17822265625 0.876953125 0.017578125 0.01025390625
0 0.1416015625 0.9931640625 0.03125 0.013671875
0 0.166015625 0.98876953125 0.01806640625 0.01513671875
0 0.197265625 0.978515625 0.03857421875 0.02001953125
0 0.234375 0.96484375 0.041015625 0.02587890625
0 0.26220703125 0.95068359375 0.0263671875 0.0185546875
0 0.28515625 0.93798828125 0.0283203125 0.02197265625
0 0.318359375 0.9140625 0.0498046875 0.03955078125
0 0.18310546875 0.994140625 0.0263671875 0.01171875
0 0.21240234375 0.98974609375 0.03515625 0.0205078125
0 0.236328125 0.97900390625 0.02197265625 0.0185546875
0 0.2666015625 0.9658203125 0.04345703125 0.02734375
0 0.29248046875 0.94873046875 0.025390625 0.0185546875
0 0.310546875 0.9345703125 0.02685546875 0.02392578125
0 0.59375 0.853515625 0.271484375 0.14599609375
0 0.86083984375 0.80224609375 0.13330078125 0.04345703125
0 0.85205078125 0.8388671875 0.10498046875 0.03564453125