0 0.7275390625 0.4375 0.11376953125 0.083984375
0 0.68505859375 0.5 0.0341796875 0.0458984375
0 0.71923828125 0.50146484375 0.033203125 0.04248046875
0 0.7470703125 0.50390625 0.02099609375 0.04443359375
0 0.76953125 0.50439453125 0.0244140625 0.04345703125
0 0.67724609375 0.55615234375 0.041015625 0.0380859375
0 0.7109375 0.5556640625 0.02685546875 0.0263671875
0 0.734375 0.560546875 0.0166015625 0.03173828125
0 0.7626953125 0.56396484375 0.04150390625 0.0361328125
0 0.62646484375 0.6044921875 0.0517578125 0.0546875
0 0.6806640625 0.6083984375 0.05517578125 0.0556640625
0 0.732421875 0.61376953125 0.0458984375 0.05126953125
0 0.76904296875 0.6123046875 0.0234375 0.0673828125
0 0.6015625 0.66455078125 0.04248046875 0.05859375
0 0.6474609375 0.67529296875 0.04541015625 0.07421875
0 0.68505859375 0.6748046875 0.0302734375 0.0556640625
0 0.7265625 0.673828125 0.052734375 0.0576171875
0 0.63037109375 0.47021484375 0.0341796875 0.01611328125
0 0.33935546875 0.40478515625 0.01953125 0.029296875
0 0.3388671875 0.4306640625 0.01806640625 0.02490234375
0 0.302734375 0.48779296875 0.0205078125 0.03466796875
0 0.3017578125 0.517578125 0.02099609375 0.0302734375
0 0.396484375 0.443359375 0.021484375 0.0458984375
0 0.4140625 0.43701171875 0.013671875 0.0263671875
0 0.4150390625 0.45751953125 0.013671875 0.017578125
0 0.4462890625 0.427734375 0.01025390625 0.0205078125
0 0.455078125 0.4296875 0.00927734375 0.0205078125
0 0.44970703125 0.44921875 0.0341796875 0.02490234375
0 0.44140625 0.470703125 0.01904296875 0.02197265625
0 0.458984375 0.4716796875 0.01708984375 0.01953125
0 0.40283203125 0.59375 0.0166015625 0.037109375
0 0.40234375 0.62451171875 0.01904296875 0.02490234375
0 0.361328125 0.68310546875 0.0185546875 0.01953125
0 0.375 0.68359375 0.0087890625 0.01611328125
0 0.4638671875 0.71240234375 0.01416015625 0.02392578125
0 0.4814453125 0.71337890625 0.02197265625 0.02392578125
0 0.5205078125 0.71337890625 0.05517578125 0.03271484375
0 0.466796875 0.73876953125 0.02099609375 0.0283203125
0 0.498046875 0.74072265625 0.04150390625 0.0283203125
0 0.5341796875 0.74462890625 0.029296875 0.02734375
0 0.5146484375 0.60693359375 0.01806640625 0.01953125