0 0.263671875 0.00927734375 0.07421875 0.0185546875
0 0.33740234375 0.015625 0.0751953125 0.03125
0 0.39990234375 0.02001953125 0.0537109375 0.0400390625
0 0.43701171875 0.0283203125 0.0244140625 0.052734375
0 0.8642578125 0.07421875 0.04150390625 0.05322265625
0 0.94140625 0.06201171875 0.10009765625 0.0654296875
0 0.9130859375 0.1337890625 0.09814453125 0.0595703125
0 0.77587890625 0.25732421875 0.2978515625 0.1748046875
0 0.974609375 0.22998046875 0.05078125 0.1533203125
0 0.77880859375 0.38671875 0.08740234375 0.078125
0 0.8798828125 0.37890625 0.08544921875 0.08740234375
0 0.96337890625 0.36767578125 0.0732421875 0.0908203125
0 0.583984375 0.7021484375 0.18408203125 0.095703125
0 0.77587890625 0.68896484375 0.19482421875 0.095703125
0 0.93798828125 0.67041015625 0.1240234375 0.1044921875
0 0.57568359375 0.7666015625 0.15673828125 0.046875
0 0.74853515625 0.7578125 0.16748046875 0.046875
0 0.916015625 0.748046875 0.1455078125 0.05322265625
0 0.47705078125 0.89794921875 0.0556640625 0.0244140625
0 0.95458984375 0.88671875 0.0908203125 0.029296875