0 0.431640625 0.14208984375 0.09521484375 0.20654296875
0 0.5712890625 0.21044921875 0.18701171875 0.22412109375
0 0.69140625 0.23388671875 0.0234375 0.0751953125
0 0.72119140625 0.236328125 0.03662109375 0.06396484375
0 0.78857421875 0.23486328125 0.10546875 0.0703125
0 0.87109375 0.22900390625 0.05517578125 0.0654296875
0 0.9287109375 0.23828125 0.0576171875 0.06689453125
0 0.97802734375 0.23095703125 0.0439453125 0.0732421875
0 0.83984375 0.3291015625 0.3203125 0.12890625
0 0.69921875 0.41845703125 0.0390625 0.0361328125
0 0.75537109375 0.41455078125 0.05126953125 0.04736328125
0 0.8056640625 0.41796875 0.03173828125 0.03759765625
0 0.86474609375 0.4169921875 0.0673828125 0.04248046875
0 0.71533203125 0.44921875 0.0556640625 0.021484375
0 0.7841796875 0.45068359375 0.07421875 0.0185546875
0 0.865234375 0.447265625 0.05078125 0.025390625
0 0.9287109375 0.45068359375 0.07421875 0.0185546875
0 0.982421875 0.4482421875 0.03515625 0.0234375
0 0.12109375 0.5615234375 0.0322265625 0.01806640625
0 0.15283203125 0.5625 0.025390625 0.01611328125
0 0.18408203125 0.5576171875 0.03564453125 0.017578125
0 0.1337890625 0.5771484375 0.02392578125 0.01318359375
0 0.16748046875 0.5751953125 0.0400390625 0.015625
0 0.1337890625 0.59130859375 0.0439453125 0.01220703125
0 0.1787109375 0.58642578125 0.04150390625 0.01416015625
0 0.12841796875 0.60205078125 0.0419921875 0.01416015625
0 0.1787109375 0.59765625 0.052734375 0.01513671875
0 0.083984375 0.52734375 0.0322265625 0.00732421875
0 0.076171875 0.5341796875 0.00634765625 0.00244140625
0 0.08251953125 0.53369140625 0.00732421875 0.0029296875
0 0.0927734375 0.533203125 0.00732421875 0.0029296875
0 0.0849609375 0.5361328125 0.01611328125 0.0029296875
0 0.3466796875 0.88720703125 0.009765625 0.005859375
0 0.2919921875 0.888671875 0.0087890625 0.0068359375
0 0.61376953125 0.888671875 0.01123046875 0.005859375
0 0.6240234375 0.88623046875 0.0087890625 0.005859375
0 0.38720703125 0.6044921875 0.01220703125 0.03759765625
0 0.384765625 0.57470703125 0.01171875 0.01171875
0 0.3837890625 0.56005859375 0.01123046875 0.01025390625
0 0.38232421875 0.5400390625 0.01123046875 0.01953125
0 0.384765625 0.49755859375 0.005859375 0.00537109375
0 0.849609375 0.61083984375 0.30078125 0.3017578125
0 0.76123046875 0.8642578125 0.1630859375 0.076171875
0 0.9228515625 0.86083984375 0.14208984375 0.07177734375