0 0.23876953125 0.3466796875 0.11962890625 0.044921875
0 0.32958984375 0.35205078125 0.0703125 0.0400390625
0 0.38623046875 0.3525390625 0.0537109375 0.02880859375
0 0.44287109375 0.3583984375 0.0771484375 0.03759765625
0 0.515625 0.3623046875 0.07421875 0.03759765625
0 0.580078125 0.36474609375 0.06494140625 0.02587890625
0 0.44580078125 0.39501953125 0.1005859375 0.03564453125
0 0.5361328125 0.40087890625 0.08642578125 0.0361328125
0 0.38525390625 0.39306640625 0.0234375 0.0078125
0 0.5830078125 0.40087890625 0.02099609375 0.00830078125
0 0.63623046875 0.4013671875 0.09326171875 0.03955078125
0 0.70751953125 0.40576171875 0.05908203125 0.0322265625
0 0.033203125 0.7666015625 0.01904296875 0.0087890625
0 0.0537109375 0.7626953125 0.0283203125 0.0126953125