0 0.45947265625 0.169921875 0.01953125 0.02197265625
0 0.48388671875 0.1689453125 0.029296875 0.02197265625
0 0.51220703125 0.169921875 0.025390625 0.02001953125
0 0.5322265625 0.16748046875 0.0107421875 0.01708984375
0 0.5517578125 0.16455078125 0.02587890625 0.02294921875
0 0.57861328125 0.1650390625 0.02392578125 0.02197265625
0 0.603515625 0.16162109375 0.021484375 0.01708984375
0 0.63037109375 0.15966796875 0.02880859375 0.01904296875
0 0.4091796875 0.19873046875 0.0517578125 0.02685546875
0 0.45751953125 0.197265625 0.04248046875 0.02099609375
0 0.494140625 0.1962890625 0.02783203125 0.02490234375
0 0.51953125 0.1923828125 0.0185546875 0.02490234375
0 0.5390625 0.189453125 0.01953125 0.02880859375
0 0.55517578125 0.1904296875 0.01220703125 0.02294921875
0 0.5859375 0.1884765625 0.0439453125 0.02294921875
0 0.62353515625 0.1875 0.02783203125 0.02685546875
0 0.65380859375 0.18017578125 0.02734375 0.02978515625
0 0.693359375 0.18017578125 0.0478515625 0.02783203125
0 0.447265625 0.236328125 0.17724609375 0.06103515625
0 0.6435546875 0.22314453125 0.19384765625 0.06787109375
0 0.28076171875 0.283203125 0.0126953125 0.01416015625
0 0.29296875 0.283203125 0.0126953125 0.01416015625
0 0.30517578125 0.28369140625 0.01416015625 0.01123046875
0 0.31884765625 0.283203125 0.01513671875 0.01220703125
0 0.33447265625 0.28271484375 0.01513671875 0.01123046875
0 0.35009765625 0.2802734375 0.01611328125 0.01318359375
0 0.37109375 0.28076171875 0.025390625 0.01416015625
0 0.396484375 0.279296875 0.02490234375 0.01513671875
0 0.41357421875 0.27880859375 0.009765625 0.01416015625
0 0.4267578125 0.27734375 0.01611328125 0.01318359375
0 0.44384765625 0.27685546875 0.02001953125 0.01416015625
0 0.45751953125 0.27587890625 0.0048828125 0.005859375
0 0.46630859375 0.2763671875 0.01416015625 0.01513671875
0 0.48291015625 0.275390625 0.01806640625 0.01123046875
0 0.53955078125 0.27197265625 0.01513671875 0.01220703125
0 0.57568359375 0.26953125 0.056640625 0.01708984375
0 0.6064453125 0.26806640625 0.00537109375 0.005859375
0 0.638671875 0.26611328125 0.05859375 0.01806640625
0 0.6708984375 0.26416015625 0.00390625 0.005859375
0 0.68359375 0.26318359375 0.01953125 0.01416015625
0 0.72412109375 0.259765625 0.060546875 0.01611328125
0 0.37060546875 0.48193359375 0.01220703125 0.01806640625
0 0.3818359375 0.47998046875 0.01220703125 0.02197265625
0 0.39404296875 0.482421875 0.01220703125 0.01708984375
0 0.169921875 0.76806640625 0.01708984375 0.009765625
0 0.31591796875 0.23876953125 0.01318359375 0.01220703125