0 0.009765625 0.4501953125 0.01953125 0.056640625
0 0.1025390625 0.541015625 0.05517578125 0.10498046875
0 0.11572265625 0.45458984375 0.0400390625 0.0556640625
0 0.1259765625 0.37646484375 0.0458984375 0.09521484375
0 0.15771484375 0.50146484375 0.02392578125 0.02978515625
0 0.1640625 0.4423828125 0.03125 0.08203125
0 0.25927734375 0.64306640625 0.04150390625 0.1064453125
0 0.2685546875 0.5234375 0.048828125 0.12255859375
0 0.28369140625 0.4287109375 0.0380859375 0.05859375
0 0.28515625 0.3671875 0.041015625 0.05859375
0 0.29736328125 0.3212890625 0.0380859375 0.0234375
0 0.31201171875 0.6708984375 0.044921875 0.11181640625
0 0.32763671875 0.56689453125 0.0419921875 0.08935546875
0 0.32666015625 0.49755859375 0.03759765625 0.0419921875
0 0.337890625 0.435546875 0.0380859375 0.07861328125
0 0.341796875 0.3515625 0.03515625 0.083984375
0 0.36669921875 0.6162109375 0.01953125 0.02099609375
0 0.3681640625 0.57763671875 0.0224609375 0.05029296875
0 0.37158203125 0.53759765625 0.021484375 0.0263671875
0 0.375 0.4990234375 0.02587890625 0.044921875
0 0.3759765625 0.4619140625 0.02001953125 0.02685546875
0 0.37890625 0.42578125 0.0205078125 0.0380859375
0 0.38134765625 0.3896484375 0.02099609375 0.03271484375
0 0.38427734375 0.3486328125 0.021484375 0.0439453125
0 0.64599609375 0.35107421875 0.06494140625 0.0751953125
0 0.78515625 0.35302734375 0.193359375 0.0869140625