0 0.4228515625 0.314453125 0.076171875 0.09375
0 0.5107421875 0.32177734375 0.080078125 0.0986328125
0 0.451171875 0.4013671875 0.01953125 0.06103515625
0 0.4912109375 0.40625 0.048828125 0.0703125
0 0.2646484375 0.4765625 0.060546875 0.0986328125
0 0.3310546875 0.4833984375 0.060546875 0.08447265625
0 0.400390625 0.4931640625 0.07421875 0.06591796875
0 0.31640625 0.56591796875 0.04296875 0.0703125
0 0.37109375 0.56591796875 0.05078125 0.0703125
0 0.5634765625 0.5 0.044921875 0.07958984375
0 0.603515625 0.49755859375 0.03515625 0.0751953125
0 0.5517578125 0.57275390625 0.044921875 0.0751953125
0 0.6083984375 0.5703125 0.048828125 0.0703125