0 0.0390625 0.126953125 0.03076171875 0.02392578125
0 0.091796875 0.123046875 0.0576171875 0.0341796875
0 0.1552734375 0.125 0.0537109375 0.02880859375
0 0.2236328125 0.123046875 0.06982421875 0.03076171875
0 0.01953125 0.16015625 0.02685546875 0.0341796875
0 0.06591796875 0.16748046875 0.0546875 0.033203125
0 0.12353515625 0.15966796875 0.05078125 0.0361328125
0 0.17529296875 0.16357421875 0.041015625 0.02783203125
0 0.22119140625 0.16455078125 0.03857421875 0.03564453125
0 0.26806640625 0.16015625 0.04443359375 0.03564453125
0 0.3525390625 0.14306640625 0.0185546875 0.00927734375
0 0.37158203125 0.14404296875 0.02099609375 0.01318359375
0 0.3125 0.53466796875 0.015625 0.0087890625
0 0.2802734375 0.53369140625 0.009765625 0.0107421875
0 0.6337890625 0.05322265625 0.25390625 0.1064453125
0 0.52197265625 0.05029296875 0.0537109375 0.0634765625
0 0.5625 0.0654296875 0.0400390625 0.06005859375
0 0.60205078125 0.08447265625 0.0556640625 0.06494140625
0 0.66455078125 0.11474609375 0.080078125 0.07861328125
0 0.51953125 0.1005859375 0.05322265625 0.056640625
0 0.58203125 0.1220703125 0.07568359375 0.0732421875
0 0.646484375 0.1533203125 0.0615234375 0.0576171875
0 0.6796875 0.16845703125 0.0205078125 0.03076171875
0 0.5595703125 0.15771484375 0.03076171875 0.03271484375
0 0.5927734375 0.17236328125 0.03759765625 0.03662109375
0 0.52587890625 0.17529296875 0.029296875 0.03076171875
0 0.56201171875 0.19189453125 0.0478515625 0.0390625
0 0.6103515625 0.21142578125 0.0546875 0.04345703125
0 0.52734375 0.20556640625 0.02734375 0.03173828125
0 0.56005859375 0.220703125 0.044921875 0.03857421875
0 0.599609375 0.240234375 0.04296875 0.0390625
0 0.484375 0.43505859375 0.01611328125 0.02001953125
0 0.50146484375 0.4443359375 0.02294921875 0.02685546875
0 0.53955078125 0.451171875 0.01513671875 0.0166015625
0 0.556640625 0.45947265625 0.01904296875 0.0166015625
0 0.57373046875 0.46630859375 0.0166015625 0.017578125
0 0.5361328125 0.462890625 0.01611328125 0.0166015625
0 0.55419921875 0.470703125 0.0205078125 0.017578125
0 0.52294921875 0.451171875 0.013671875 0.015625
0 0.75048828125 0.71142578125 0.11865234375 0.06201171875
0 0.89892578125 0.71728515625 0.1484375 0.0537109375
0 0.572265625 0.7158203125 0.1005859375 0.12255859375
0 0.6669921875 0.869140625 0.29541015625 0.24365234375
0 0.921875 0.8740234375 0.15625 0.240234375