0 0.9873046875 0.05322265625 0.025390625 0.0771484375
0 0.02978515625 0.70166015625 0.04736328125 0.06494140625
0 0.08203125 0.6923828125 0.04736328125 0.06005859375
0 0.15478515625 0.69189453125 0.0849609375 0.05810546875
0 0.29150390625 0.6943359375 0.17626953125 0.0498046875
0 0.41455078125 0.70166015625 0.06982421875 0.05810546875
0 0.40478515625 0.77001953125 0.1103515625 0.0517578125
0 0.4384765625 0.82568359375 0.02978515625 0.0234375
0 0.38916015625 0.8291015625 0.03857421875 0.02978515625
0 0.35302734375 0.82568359375 0.0361328125 0.02978515625
0 0.3232421875 0.82763671875 0.02734375 0.02685546875
0 0.28955078125 0.830078125 0.03759765625 0.03173828125
0 0.248046875 0.83154296875 0.04638671875 0.03173828125
0 0.20703125 0.8310546875 0.03759765625 0.02978515625
0 0.1640625 0.830078125 0.048828125 0.02490234375
0 0.13134765625 0.830078125 0.021484375 0.02490234375
0 0.0986328125 0.8310546875 0.04248046875 0.02978515625
0 0.05712890625 0.83251953125 0.04248046875 0.02978515625
0 0.02490234375 0.8310546875 0.0224609375 0.0400390625
0 0.005859375 0.83203125 0.01171875 0.02734375
0 0.1416015625 0.76416015625 0.15380859375 0.0634765625
0 0.02490234375 0.77197265625 0.0498046875 0.0537109375
0 0.951171875 0.990234375 0.06640625 0.01953125