0 0.28271484375 0.31103515625 0.10009765625 0.02734375
0 0.16455078125 0.35791015625 0.04833984375 0.0341796875
0 0.26220703125 0.353515625 0.1435546875 0.04150390625
0 0.365234375 0.35400390625 0.0498046875 0.03662109375
0 0.685546875 0.072265625 0.2802734375 0.09375
0 0.90087890625 0.0810546875 0.1982421875 0.091796875
0 0.8173828125 0.287109375 0.365234375 0.28515625
0 0.1162109375 0.4609375 0.134765625 0.0625
0 0.23779296875 0.4580078125 0.0908203125 0.056640625
0 0.11328125 0.55810546875 0.134765625 0.099609375
0 0.25927734375 0.56591796875 0.14013671875 0.115234375
0 0.08935546875 0.73291015625 0.1787109375 0.2119140625
0 0.34716796875 0.76416015625 0.2841796875 0.2275390625
0 0.50634765625 0.47607421875 0.0341796875 0.0927734375
0 0.62451171875 0.47705078125 0.1279296875 0.0947265625