0 0.23681640625 0.09912109375 0.15966796875 0.03564453125
0 0.1181640625 0.12353515625 0.0693359375 0.01123046875
0 0.15771484375 0.12353515625 0.0126953125 0.01123046875
0 0.20849609375 0.1220703125 0.09423828125 0.01025390625
0 0.28564453125 0.1220703125 0.0595703125 0.0126953125
0 0.38037109375 0.09033203125 0.09716796875 0.0302734375
0 0.45849609375 0.09130859375 0.04736328125 0.02587890625
0 0.5361328125 0.09130859375 0.09716796875 0.02587890625
0 0.615234375 0.08837890625 0.0498046875 0.03125
0 0.7001953125 0.08935546875 0.11376953125 0.03564453125
0 0.8203125 0.08740234375 0.1123046875 0.03125
0 0.345703125 0.12548828125 0.03076171875 0.015625
0 0.3916015625 0.1240234375 0.05810546875 0.0146484375
0 0.4423828125 0.1240234375 0.0400390625 0.0146484375
0 0.4833984375 0.12451171875 0.0390625 0.013671875
0 0.53466796875 0.125 0.06103515625 0.0166015625
0 0.60009765625 0.12353515625 0.0693359375 0.013671875
0 0.658203125 0.1240234375 0.04443359375 0.0166015625
0 0.7060546875 0.1240234375 0.048828125 0.0146484375
0 0.75634765625 0.1240234375 0.05126953125 0.0146484375
0 0.8056640625 0.1240234375 0.052734375 0.0166015625
0 0.4130859375 0.14208984375 0.07373046875 0.017578125
0 0.5087890625 0.1416015625 0.115234375 0.0146484375
0 0.603515625 0.14111328125 0.05419921875 0.015625
0 0.7314453125 0.142578125 0.2041015625 0.0185546875
0 0.19189453125 0.20751953125 0.158203125 0.033203125
0 0.3291015625 0.20263671875 0.09716796875 0.03857421875
0 0.41748046875 0.20166015625 0.0654296875 0.03662109375
0 0.51953125 0.2080078125 0.13037109375 0.0341796875
0 0.67138671875 0.2041015625 0.154296875 0.02685546875
0 0.8056640625 0.2021484375 0.09716796875 0.03125
0 0.2626953125 0.24853515625 0.24169921875 0.0302734375
0 0.4609375 0.24658203125 0.138671875 0.0283203125
0 0.6845703125 0.244140625 0.29150390625 0.0283203125
0 0.18212890625 0.3017578125 0.0224609375 0.017578125
0 0.1826171875 0.32861328125 0.01513671875 0.017578125
0 0.33251953125 0.30322265625 0.05419921875 0.02294921875
0 0.38623046875 0.30029296875 0.0390625 0.0283203125
0 0.43701171875 0.30517578125 0.048828125 0.02294921875
0 0.50341796875 0.2998046875 0.07080078125 0.02685546875
0 0.35498046875 0.328125 0.1015625 0.02294921875
0 0.45849609375 0.32568359375 0.1083984375 0.02001953125
0 0.548828125 0.3251953125 0.0693359375 0.0166015625
0 0.33349609375 0.37841796875 0.05810546875 0.02392578125
0 0.39599609375 0.3798828125 0.05810546875 0.02197265625
0 0.451171875 0.376953125 0.04736328125 0.02490234375
0 0.38037109375 0.40283203125 0.14453125 0.02001953125
0 0.486328125 0.40087890625 0.0693359375 0.0185546875
0 0.36376953125 0.45751953125 0.111328125 0.02294921875
0 0.451171875 0.4580078125 0.0498046875 0.02392578125
0 0.49951171875 0.4560546875 0.04296875 0.02490234375
0 0.55224609375 0.455078125 0.05712890625 0.02490234375
0 0.61962890625 0.453125 0.06103515625 0.02490234375
0 0.6748046875 0.4521484375 0.0390625 0.02490234375
0 0.72900390625 0.45166015625 0.0556640625 0.02197265625
0 0.8056640625 0.44970703125 0.08349609375 0.02392578125
0 0.33935546875 0.48095703125 0.06787109375 0.017578125
0 0.41064453125 0.47998046875 0.07080078125 0.0166015625
0 0.482421875 0.48095703125 0.07373046875 0.02001953125
0 0.5341796875 0.47802734375 0.03466796875 0.0166015625
0 0.59033203125 0.4775390625 0.07763671875 0.017578125
0 0.689453125 0.47900390625 0.12060546875 0.0185546875
0 0.8037109375 0.47607421875 0.1181640625 0.0166015625
0 0.33740234375 0.537109375 0.05810546875 0.02392578125
0 0.40771484375 0.537109375 0.0791015625 0.02392578125
0 0.48046875 0.5341796875 0.05810546875 0.02685546875
0 0.56298828125 0.53564453125 0.095703125 0.02099609375
0 0.3779296875 0.5625 0.138671875 0.02294921875
0 0.4833984375 0.56005859375 0.072265625 0.017578125
0 0.1005859375 0.611328125 0.07373046875 0.02685546875
0 0.18798828125 0.6083984375 0.10400390625 0.02490234375
0 0.26806640625 0.607421875 0.0556640625 0.02294921875
0 0.314453125 0.60888671875 0.03466796875 0.0283203125
0 0.1376953125 0.64501953125 0.09423828125 0.02490234375
0 0.23046875 0.6455078125 0.0859375 0.02197265625
0 0.3056640625 0.64208984375 0.052734375 0.02392578125
0 0.38818359375 0.63916015625 0.10400390625 0.0283203125
0 0.47021484375 0.63720703125 0.05126953125 0.02197265625
0 0.521484375 0.6376953125 0.0458984375 0.02490234375
0 0.58203125 0.6376953125 0.0693359375 0.02685546875
0 0.66064453125 0.63427734375 0.0791015625 0.02490234375
0 0.7216796875 0.6318359375 0.03759765625 0.02392578125
0 0.77783203125 0.634765625 0.0693359375 0.02392578125
0 0.83740234375 0.6298828125 0.04443359375 0.02587890625
0 0.11328125 0.6708984375 0.0458984375 0.02099609375
0 0.15576171875 0.67041015625 0.04736328125 0.02001953125
0 0.2109375 0.6708984375 0.06689453125 0.02294921875
0 0.33837890625 0.6669921875 0.18212890625 0.02001953125
0 0.44775390625 0.666015625 0.029296875 0.017578125
0 0.52294921875 0.66552734375 0.12060546875 0.02490234375
0 0.6298828125 0.6640625 0.09326171875 0.02392578125
0 0.70361328125 0.66162109375 0.05126953125 0.02294921875
0 0.75146484375 0.66064453125 0.04443359375 0.02099609375
0 0.7939453125 0.65869140625 0.03759765625 0.02001953125
0 0.13525390625 0.7001953125 0.09326171875 0.02490234375
0 0.22216796875 0.6982421875 0.072265625 0.02587890625
0 0.28076171875 0.6953125 0.0390625 0.02392578125
0 0.341796875 0.69775390625 0.0751953125 0.02490234375
0 0.42236328125 0.69580078125 0.08349609375 0.02490234375
0 0.48974609375 0.69091796875 0.0458984375 0.02197265625
0 0.53466796875 0.69091796875 0.0361328125 0.02197265625
0 0.58251953125 0.6904296875 0.05419921875 0.02099609375
0 0.65185546875 0.69189453125 0.0791015625 0.02294921875
0 0.1083984375 0.72802734375 0.04443359375 0.02294921875
0 0.154296875 0.72705078125 0.04443359375 0.02099609375
0 0.20263671875 0.728515625 0.052734375 0.017578125
0 0.248046875 0.72607421875 0.03759765625 0.02294921875
0 0.27783203125 0.72607421875 0.02783203125 0.02099609375
0 0.326171875 0.72607421875 0.06396484375 0.0185546875
0 0.3779296875 0.7236328125 0.03076171875 0.02197265625
0 0.41650390625 0.72412109375 0.0498046875 0.02099609375
0 0.12939453125 0.7587890625 0.0888671875 0.02587890625
0 0.20361328125 0.7568359375 0.05419921875 0.02587890625
0 0.28125 0.7568359375 0.09326171875 0.02392578125
0 0.35986328125 0.75634765625 0.05810546875 0.02294921875
0 0.4140625 0.7529296875 0.04443359375 0.02099609375
0 0.478515625 0.7529296875 0.07373046875 0.02490234375
0 0.5390625 0.74853515625 0.0390625 0.02587890625
0 0.59716796875 0.74951171875 0.072265625 0.0302734375
0 0.6591796875 0.74755859375 0.0458984375 0.02392578125
0 0.71337890625 0.74560546875 0.05419921875 0.02294921875
0 0.78173828125 0.74462890625 0.07763671875 0.02099609375
0 0.85888671875 0.7431640625 0.07080078125 0.02587890625
0 0.92138671875 0.74365234375 0.048828125 0.02490234375
0 0.125 0.787109375 0.07763671875 0.02197265625
0 0.18798828125 0.78662109375 0.0458984375 0.02099609375
0 0.2353515625 0.7861328125 0.03759765625 0.02197265625
0 0.2763671875 0.7880859375 0.04150390625 0.02392578125
0 0.3203125 0.7861328125 0.04296875 0.02392578125
0 0.37646484375 0.78662109375 0.06689453125 0.02490234375
0 0.42919921875 0.78173828125 0.033203125 0.02197265625
0 0.4765625 0.78076171875 0.0556640625 0.02392578125
0 0.55126953125 0.7822265625 0.0859375 0.02685546875
0 0.1337890625 0.81396484375 0.09326171875 0.02001953125
0 0.201171875 0.814453125 0.0390625 0.02099609375
0 0.2431640625 0.81298828125 0.04443359375 0.02001953125
0 0.2890625 0.8154296875 0.04150390625 0.02490234375
0 0.32080078125 0.8125 0.02783203125 0.0185546875
0 0.3701171875 0.814453125 0.06787109375 0.02099609375
0 0.4296875 0.81103515625 0.048828125 0.02001953125
0 0.4775390625 0.8115234375 0.04736328125 0.0166015625
0 0.53173828125 0.80908203125 0.06689453125 0.02001953125
0 0.62353515625 0.806640625 0.11669921875 0.02587890625
0 0.69580078125 0.8037109375 0.033203125 0.02197265625
0 0.72900390625 0.80224609375 0.0361328125 0.02490234375
0 0.78564453125 0.8037109375 0.076171875 0.02001953125
0 0.11669921875 0.84228515625 0.06396484375 0.02197265625
0 0.205078125 0.8427734375 0.12060546875 0.02294921875
0 0.314453125 0.837890625 0.0986328125 0.02197265625
0 0.435546875 0.83642578125 0.1484375 0.02294921875
0 0.1123046875 0.8798828125 0.06689453125 0.0283203125
0 0.17724609375 0.87841796875 0.048828125 0.0283203125
0 0.22998046875 0.8818359375 0.05419921875 0.0302734375
0 0.283203125 0.87548828125 0.052734375 0.0302734375
0 0.33935546875 0.87841796875 0.0625 0.0341796875
0 0.4345703125 0.87548828125 0.11669921875 0.03662109375
0 0.53271484375 0.87451171875 0.06787109375 0.0322265625
0 0.62548828125 0.87255859375 0.10400390625 0.0322265625
0 0.80419921875 0.865234375 0.24462890625 0.0341796875
0 0.263671875 0.916015625 0.14453125 0.0302734375
0 0.455078125 0.91162109375 0.2236328125 0.03125
0 0.58203125 0.9111328125 0.01953125 0.00927734375
0 0.70556640625 0.90625 0.22509765625 0.03125