0 0.1943359375 0.1552734375 0.01806640625 0.00830078125
0 0.1708984375 0.169921875 0.01318359375 0.00830078125
0 0.18408203125 0.17236328125 0.0146484375 0.00830078125
0 0.201171875 0.17431640625 0.0205078125 0.009765625
0 0.21826171875 0.17626953125 0.01416015625 0.00830078125
0 0.2763671875 0.15185546875 0.02734375 0.01708984375
0 0.30908203125 0.15673828125 0.033203125 0.0185546875
0 0.34375 0.16162109375 0.03125 0.0205078125
0 0.2763671875 0.16943359375 0.0732421875 0.0244140625
0 0.33056640625 0.17919921875 0.03125 0.02001953125
0 0.353515625 0.18359375 0.01171875 0.01953125
0 0.24951171875 0.24072265625 0.13134765625 0.078125
0 0.337890625 0.2548828125 0.04296875 0.083984375
0 0.20458984375 0.3037109375 0.0458984375 0.029296875
0 0.283203125 0.310546875 0.10595703125 0.03271484375
0 0.3486328125 0.31640625 0.021484375 0.025390625
0 0.40087890625 0.0888671875 0.0478515625 0.14306640625
0 0.4560546875 0.09033203125 0.06201171875 0.1015625
0 0.51171875 0.0810546875 0.0498046875 0.12060546875
0 0.5869140625 0.08740234375 0.10009765625 0.1142578125
0 0.44970703125 0.24609375 0.07373046875 0.1015625
0 0.52001953125 0.25537109375 0.0712890625 0.1142578125
0 0.58447265625 0.25537109375 0.05712890625 0.1142578125
0 0.451171875 0.39501953125 0.04296875 0.12060546875
0 0.5009765625 0.39208984375 0.05224609375 0.126953125
0 0.560546875 0.3857421875 0.0712890625 0.13330078125
0 0.2841796875 0.58203125 0.150390625 0.1484375
0 0.20703125 0.7880859375 0.2265625 0.1923828125
0 0.73193359375 0.58349609375 0.25048828125 0.18603515625
0 0.93408203125 0.5771484375 0.1318359375 0.1953125
0 0.72021484375 0.71240234375 0.04052734375 0.0380859375
0 0.7490234375 0.70947265625 0.01220703125 0.0322265625
0 0.7705078125 0.70849609375 0.03125 0.03369140625
0 0.80126953125 0.71484375 0.02685546875 0.03662109375
0 0.83203125 0.7080078125 0.0302734375 0.0380859375
0 0.8623046875 0.70947265625 0.0302734375 0.0380859375
0 0.9052734375 0.7109375 0.05615234375 0.041015625