0 0.0244140625 0.19921875 0.048828125 0.046875
0 0.08203125 0.20849609375 0.07080078125 0.05615234375
0 0.15869140625 0.205078125 0.09326171875 0.0546875
0 0.23828125 0.201171875 0.0634765625 0.0546875
0 0.2958984375 0.19189453125 0.05810546875 0.05078125
0 0.5703125 0.11962890625 0.0732421875 0.052734375
0 0.62255859375 0.1220703125 0.03125 0.04736328125
0 0.6591796875 0.1142578125 0.0419921875 0.06298828125
0 0.71044921875 0.11572265625 0.06884765625 0.05517578125
0 0.779296875 0.11328125 0.06884765625 0.05517578125
0 0.84814453125 0.1142578125 0.06884765625 0.052734375
0 0.5517578125 0.24560546875 0.1396484375 0.15234375
0 0.720703125 0.25341796875 0.181640625 0.13134765625
0 0.86669921875 0.2470703125 0.1064453125 0.13916015625
0 0.5556640625 0.43359375 0.1484375 0.171875
0 0.7880859375 0.41796875 0.263671875 0.203125
0 0.3603515625 0.7822265625 0.06103515625 0.0185546875
0 0.42626953125 0.78759765625 0.0703125 0.0263671875
0 0.27783203125 0.8623046875 0.0830078125 0.04541015625
0 0.35107421875 0.86865234375 0.06396484375 0.0419921875
0 0.408203125 0.86865234375 0.0498046875 0.0390625
0 0.4599609375 0.8701171875 0.01953125 0.0390625
0 0.119140625 0.9306640625 0.1689453125 0.1376953125
0 0.34033203125 0.93994140625 0.2587890625 0.1201171875
0 0.619140625 0.74853515625 0.103515625 0.0537109375
0 0.71435546875 0.751953125 0.06884765625 0.05517578125
0 0.80029296875 0.76123046875 0.095703125 0.06494140625
0 0.8876953125 0.763671875 0.068359375 0.0498046875
0 0.97216796875 0.76904296875 0.04833984375 0.04833984375
0 0.56103515625 0.8212890625 0.13671875 0.07861328125
0 0.69189453125 0.82763671875 0.11767578125 0.08056640625
0 0.7822265625 0.82861328125 0.0546875 0.08251953125
0 0.84814453125 0.83544921875 0.0654296875 0.07421875
0 0.91796875 0.84228515625 0.06298828125 0.0751953125
0 0.97607421875 0.84130859375 0.0478515625 0.0791015625
0 0.62451171875 0.89208984375 0.02783203125 0.0322265625
0 0.65380859375 0.8935546875 0.0244140625 0.0263671875
0 0.68359375 0.8896484375 0.03125 0.03369140625
0 0.712890625 0.89404296875 0.0234375 0.029296875
0 0.7431640625 0.89501953125 0.03125 0.029296875
0 0.77392578125 0.89794921875 0.02392578125 0.03662109375
0 0.80224609375 0.89892578125 0.02685546875 0.029296875
0 0.84228515625 0.90087890625 0.04443359375 0.0302734375
0 0.8896484375 0.90478515625 0.0419921875 0.02734375
0 0.9267578125 0.904296875 0.02978515625 0.029296875
0 0.6640625 0.9306640625 0.0263671875 0.029296875
0 0.693359375 0.92626953125 0.0302734375 0.0341796875
0 0.71923828125 0.93017578125 0.01708984375 0.02294921875
0 0.7431640625 0.9296875 0.02685546875 0.03857421875
0 0.76708984375 0.93115234375 0.02294921875 0.0302734375
0 0.78955078125 0.9365234375 0.021484375 0.02880859375
0 0.81298828125 0.93310546875 0.02099609375 0.0283203125
0 0.83544921875 0.93798828125 0.0244140625 0.0302734375
0 0.8671875 0.9375 0.017578125 0.02392578125
0 0.8779296875 0.94677734375 0.00439453125 0.0068359375
0 0.8974609375 0.93994140625 0.02685546875 0.029296875
0 0.927734375 0.94140625 0.0283203125 0.0263671875
0 0.984375 0.94482421875 0.03125 0.0341796875