0 0.3154296875 0.04638671875 0.380859375 0.0927734375
0 0.01513671875 0.07177734375 0.0302734375 0.0478515625
0 0.06787109375 0.08984375 0.0400390625 0.04248046875
0 0.13720703125 0.099609375 0.015625 0.03271484375
0 0.15869140625 0.0908203125 0.03271484375 0.0400390625
0 0.2236328125 0.103515625 0.037109375 0.044921875
0 0.49658203125 0.0166015625 0.0341796875 0.033203125
0 0.52783203125 0.04345703125 0.04833984375 0.05517578125
0 0.5634765625 0.0224609375 0.03125 0.044921875
0 0.41650390625 0.10205078125 0.0458984375 0.04736328125
0 0.490234375 0.1171875 0.02734375 0.03759765625
0 0.52001953125 0.10595703125 0.03564453125 0.044921875
0 0.9638671875 0.23779296875 0.06884765625 0.08447265625
0 0.13330078125 0.830078125 0.04833984375 0.05126953125
0 0.10546875 0.88720703125 0.046875 0.04638671875
0 0.15234375 0.87744140625 0.04248046875 0.0498046875
0 0.1826171875 0.873046875 0.021484375 0.04833984375
0 0.61767578125 0.625 0.05419921875 0.021484375
0 0.61962890625 0.64111328125 0.01025390625 0.0087890625
0 0.63525390625 0.64111328125 0.01806640625 0.00927734375
0 0.59423828125 0.71142578125 0.00634765625 0.013671875
0 0.6181640625 0.71142578125 0.03955078125 0.02294921875
0 0.64111328125 0.7109375 0.005859375 0.013671875
0 0.65478515625 0.7109375 0.00634765625 0.0126953125
0 0.58544921875 0.7314453125 0.00244140625 0.0068359375
0 0.59326171875 0.73193359375 0.013671875 0.005859375
0 0.6044921875 0.7314453125 0.0087890625 0.0068359375
0 0.611328125 0.73193359375 0.00537109375 0.00927734375
0 0.61865234375 0.7314453125 0.00830078125 0.0068359375
0 0.6240234375 0.7314453125 0.0029296875 0.00927734375
0 0.630859375 0.73046875 0.0107421875 0.00830078125
0 0.640625 0.73046875 0.00732421875 0.00634765625
0 0.6455078125 0.73046875 0.00341796875 0.0068359375
0 0.65869140625 0.72998046875 0.01025390625 0.0068359375
0 0.73193359375 0.90478515625 0.017578125 0.01025390625
0 0.85498046875 0.93359375 0.01953125 0.00927734375
0 0.857421875 0.94091796875 0.01513671875 0.00634765625
0 0.900390625 0.47509765625 0.046875 0.0302734375
0 0.93994140625 0.47314453125 0.0263671875 0.0263671875
0 0.978515625 0.47314453125 0.04296875 0.0263671875
0 0.9189453125 0.509765625 0.02783203125 0.017578125
0 0.9638671875 0.50927734375 0.0595703125 0.0302734375