0 0.291015625 0.0791015625 0.296875 0.1416015625
0 0.7275390625 0.14111328125 0.3427734375 0.1396484375
0 0.28271484375 0.40771484375 0.1748046875 0.11865234375
0 0.28076171875 0.541015625 0.19091796875 0.14404296875
0 0.462890625 0.4892578125 0.1337890625 0.25341796875
0 0.568359375 0.4287109375 0.09228515625 0.11669921875
0 0.6904296875 0.4345703125 0.13525390625 0.103515625
0 0.828125 0.443359375 0.13134765625 0.0986328125
0 0.77490234375 0.57421875 0.28125 0.10009765625
0 0.37451171875 0.7744140625 0.0439453125 0.08642578125
0 0.501953125 0.76318359375 0.17333984375 0.11181640625
0 0.6220703125 0.77490234375 0.04638671875 0.041015625