0 0.2158203125 0.17431640625 0.06396484375 0.04833984375
0 0.27197265625 0.177734375 0.03857421875 0.04638671875
0 0.30419921875 0.1826171875 0.0224609375 0.0380859375
0 0.330078125 0.19140625 0.02978515625 0.04541015625
0 0.140625 0.2490234375 0.05126953125 0.05615234375
0 0.18212890625 0.25390625 0.025390625 0.05126953125
0 0.22412109375 0.25146484375 0.052734375 0.06298828125
0 0.27685546875 0.26123046875 0.05224609375 0.06396484375
0 0.31982421875 0.25341796875 0.02783203125 0.06591796875
0 0.349609375 0.25390625 0.02734375 0.06494140625
0 0.3828125 0.26416015625 0.03857421875 0.04541015625
0 0.1484375 0.3115234375 0.02685546875 0.05126953125
0 0.18017578125 0.3203125 0.03515625 0.03515625
0 0.25244140625 0.31982421875 0.10498046875 0.033203125
0 0.333984375 0.3203125 0.0498046875 0.0283203125
0 0.56787109375 0.00830078125 0.0908203125 0.0166015625
0 0.6513671875 0.0087890625 0.0625 0.017578125
0 0.74560546875 0.0107421875 0.1123046875 0.021484375
0 0.654296875 0.07666015625 0.30859375 0.1142578125
0 0.505859375 0.1552734375 0.01171875 0.03515625
0 0.53515625 0.1533203125 0.0458984375 0.03125
0 0.59033203125 0.15478515625 0.04833984375 0.03125
0 0.63671875 0.15283203125 0.046875 0.03271484375
0 0.68408203125 0.15478515625 0.0302734375 0.03125
0 0.716796875 0.15576171875 0.0380859375 0.03662109375
0 0.759765625 0.1572265625 0.037109375 0.03125
0 0.79052734375 0.15771484375 0.0244140625 0.03515625
0 0.2392578125 0.87939453125 0.0732421875 0.052734375
0 0.29150390625 0.8818359375 0.03125 0.04736328125
0 0.328125 0.8740234375 0.0419921875 0.06298828125
0 0.37939453125 0.87548828125 0.06884765625 0.05517578125
0 0.4482421875 0.873046875 0.06884765625 0.05517578125
0 0.4912109375 0.8740234375 0.017578125 0.052734375
0 0.22021484375 0.96435546875 0.1396484375 0.0712890625
0 0.3896484375 0.9736328125 0.181640625 0.052734375
0 0.8037109375 0.68798828125 0.0859375 0.0166015625
0 0.9111328125 0.71044921875 0.1171875 0.0615234375
0 0.70703125 0.6923828125 0.0390625 0.025390625
0 0.734375 0.6943359375 0.021484375 0.029296875
0 0.7490234375 0.70068359375 0.00732421875 0.0126953125
0 0.7734375 0.70849609375 0.04443359375 0.048828125
0 0.81982421875 0.7294921875 0.04833984375 0.0615234375
0 0.8740234375 0.75 0.05712890625 0.06787109375
0 0.95947265625 0.79296875 0.0810546875 0.087890625