0 0.09912109375 0.07666015625 0.1982421875 0.1298828125
0 0.27490234375 0.08349609375 0.1357421875 0.13818359375
0 0.4091796875 0.12158203125 0.11376953125 0.11279296875
0 0.22607421875 0.259765625 0.4521484375 0.169921875
0 0.04638671875 0.38525390625 0.0927734375 0.0595703125
0 0.27978515625 0.3984375 0.357421875 0.0732421875
0 0.22607421875 0.47509765625 0.4521484375 0.0732421875
0 0.05810546875 0.548828125 0.0966796875 0.041015625
0 0.7646484375 0.09033203125 0.470703125 0.1669921875
0 0.7646484375 0.27001953125 0.470703125 0.2119140625
0 0.7646484375 0.439453125 0.470703125 0.1171875
0 0.69775390625 0.537109375 0.3369140625 0.064453125
0 0.08056640625 0.73193359375 0.05712890625 0.08056640625
0 0.1376953125 0.73974609375 0.05322265625 0.07275390625
0 0.20068359375 0.74169921875 0.0732421875 0.0927734375
0 0.2578125 0.748046875 0.041015625 0.08056640625
0 0.08447265625 0.818359375 0.0693359375 0.07666015625
0 0.1376953125 0.8203125 0.03662109375 0.08056640625
0 0.18359375 0.83056640625 0.05517578125 0.068359375
0 0.23876953125 0.83642578125 0.05517578125 0.064453125
0 0.4111328125 0.82470703125 0.0693359375 0.0888671875
0 0.46533203125 0.8408203125 0.03466796875 0.0888671875
0 0.49267578125 0.83642578125 0.01611328125 0.07275390625
0 0.072265625 0.9375 0.048828125 0.08056640625
0 0.12451171875 0.9375 0.05078125 0.07275390625