0 0.43994140625 0.16455078125 0.09375 0.0595703125
0 0.32763671875 0.236328125 0.02099609375 0.015625
0 0.3486328125 0.23828125 0.01953125 0.01513671875
0 0.3818359375 0.24365234375 0.04541015625 0.01611328125
0 0.4140625 0.2451171875 0.02099609375 0.01513671875
0 0.43603515625 0.2470703125 0.029296875 0.01611328125
0 0.46044921875 0.25048828125 0.01904296875 0.013671875
0 0.490234375 0.251953125 0.04248046875 0.01708984375
0 0.52392578125 0.2548828125 0.0263671875 0.01611328125
0 0.546875 0.2578125 0.01953125 0.013671875
0 0.56689453125 0.2607421875 0.02294921875 0.015625
0 0.34033203125 0.2666015625 0.04150390625 0.02099609375
0 0.36962890625 0.2705078125 0.01806640625 0.01708984375
0 0.39794921875 0.27197265625 0.03662109375 0.01806640625
0 0.4306640625 0.27294921875 0.029296875 0.02197265625
0 0.46337890625 0.2763671875 0.03369140625 0.02197265625
0 0.49169921875 0.27978515625 0.02001953125 0.01904296875
0 0.52880859375 0.28369140625 0.0517578125 0.0205078125
0 0.56787109375 0.2890625 0.02783203125 0.0205078125
0 0.3486328125 0.30517578125 0.0458984375 0.0361328125
0 0.41357421875 0.306640625 0.07958984375 0.044921875
0 0.48779296875 0.31640625 0.06689453125 0.04833984375
0 0.55615234375 0.3212890625 0.06982421875 0.0361328125
0 0.33544921875 0.3330078125 0.02490234375 0.015625
0 0.35595703125 0.3349609375 0.01611328125 0.0146484375
0 0.38330078125 0.3388671875 0.03662109375 0.0185546875
0 0.41455078125 0.33984375 0.02734375 0.017578125
0 0.443359375 0.3427734375 0.02880859375 0.01708984375
0 0.47509765625 0.34423828125 0.03515625 0.017578125
0 0.501953125 0.345703125 0.01953125 0.01318359375
0 0.51953125 0.3466796875 0.0166015625 0.01416015625
0 0.544921875 0.349609375 0.0361328125 0.015625
0 0.5703125 0.3505859375 0.01611328125 0.013671875
0 0.5888671875 0.3525390625 0.02099609375 0.01611328125
0 0.42578125 0.35791015625 0.0263671875 0.01513671875
0 0.4775390625 0.361328125 0.07861328125 0.01806640625
0 0.37744140625 0.37158203125 0.0498046875 0.0166015625
0 0.8818359375 0.0283203125 0.064453125 0.0546875
0 0.9404296875 0.060546875 0.025390625 0.017578125
0 0.970703125 0.0595703125 0.03125 0.01953125
0 0.205078125 0.64453125 0.03125 0.029296875
0 0.27587890625 0.640625 0.0966796875 0.021484375
0 0.11181640625 0.712890625 0.05322265625 0.06396484375
0 0.1728515625 0.69970703125 0.0595703125 0.06396484375
0 0.236328125 0.69140625 0.0576171875 0.07470703125
0 0.294921875 0.6796875 0.05322265625 0.07177734375
0 0.341796875 0.6689453125 0.0341796875 0.05078125
0 0.39404296875 0.6591796875 0.0654296875 0.05859375
0 0.458984375 0.65234375 0.0625 0.044921875
0 0.52880859375 0.64453125 0.0693359375 0.029296875
0 0.20654296875 0.7451171875 0.02978515625 0.02685546875
0 0.236328125 0.74072265625 0.03271484375 0.03466796875
0 0.26806640625 0.73583984375 0.03125 0.03466796875
0 0.29248046875 0.72900390625 0.0205078125 0.02685546875
0 0.3212890625 0.72216796875 0.03759765625 0.03466796875
0 0.349609375 0.7158203125 0.0185546875 0.02685546875
0 0.37353515625 0.712890625 0.02978515625 0.02685546875
0 0.40576171875 0.705078125 0.0341796875 0.0322265625
0 0.55419921875 0.9609375 0.0185546875 0.02685546875
0 0.84765625 0.9482421875 0.00390625 0.029296875
0 0.90234375 0.88037109375 0.08642578125 0.046875
0 0.97314453125 0.87841796875 0.0537109375 0.0498046875
0 0.8798828125 0.9384765625 0.060546875 0.046875