0 0.5576171875 0.08203125 0.115234375 0.083984375
0 0.68359375 0.0751953125 0.11865234375 0.08203125
0 0.81103515625 0.0751953125 0.12451171875 0.06982421875
0 0.94189453125 0.068359375 0.1162109375 0.07421875
0 0.609375 0.14892578125 0.05859375 0.0419921875
0 0.68359375 0.1435546875 0.103515625 0.052734375
0 0.79345703125 0.14599609375 0.1201171875 0.0478515625
0 0.89599609375 0.14306640625 0.0751953125 0.0458984375
0 0.01025390625 0.20458984375 0.0205078125 0.0595703125
0 0.0283203125 0.3701171875 0.056640625 0.064453125
0 0.10009765625 0.40771484375 0.02685546875 0.037109375
0 0.099609375 0.45654296875 0.02197265625 0.03955078125
0 0.00341796875 0.48193359375 0.0068359375 0.0419921875
0 0.21923828125 0.4599609375 0.09423828125 0.1025390625
0 0.31884765625 0.44921875 0.10546875 0.091796875
0 0.4326171875 0.45068359375 0.134765625 0.1181640625
0 0.27392578125 0.603515625 0.21044921875 0.09423828125
0 0.44580078125 0.60302734375 0.1083984375 0.0986328125
0 0.3369140625 0.7119140625 0.201171875 0.08935546875
0 0.47412109375 0.71435546875 0.0517578125 0.0927734375
0 0.34228515625 0.79248046875 0.11181640625 0.0537109375
0 0.451171875 0.79541015625 0.09765625 0.0517578125
0 0.236328125 0.8447265625 0.1416015625 0.04638671875
0 0.384765625 0.8466796875 0.13671875 0.0478515625
0 0.25537109375 0.900390625 0.169921875 0.04541015625
0 0.380859375 0.90185546875 0.07568359375 0.0419921875
0 0.22314453125 0.955078125 0.10205078125 0.04541015625
0 0.33203125 0.9541015625 0.10693359375 0.0419921875
0 0.44287109375 0.95751953125 0.09912109375 0.03955078125
0 0.23828125 0.990234375 0.140625 0.01953125
0 0.4072265625 0.99365234375 0.185546875 0.0126953125
0 0.017578125 0.88671875 0.025390625 0.02783203125
0 0.12841796875 0.751953125 0.01708984375 0.0419921875
0 0.47802734375 0.84716796875 0.0439453125 0.0478515625
0 0.74755859375 0.29248046875 0.06982421875 0.080078125
0 0.83056640625 0.30029296875 0.08984375 0.072265625
0 0.91845703125 0.30419921875 0.0771484375 0.05712890625
0 0.9755859375 0.310546875 0.037109375 0.09716796875
0 0.99609375 0.30908203125 0.0078125 0.0947265625
0 0.72119140625 0.34765625 0.01416015625 0.02685546875
0 0.7333984375 0.3486328125 0.0126953125 0.02880859375
0 0.75927734375 0.3505859375 0.0498046875 0.02490234375
0 0.7939453125 0.3505859375 0.02001953125 0.02490234375
0 0.87890625 0.3525390625 0.03857421875 0.02099609375
0 0.9189453125 0.3515625 0.04150390625 0.02294921875
0 0.82763671875 0.630859375 0.0185546875 0.02099609375
0 0.8505859375 0.6298828125 0.02734375 0.02294921875
0 0.81982421875 0.65087890625 0.04833984375 0.01904296875
0 0.85546875 0.64990234375 0.02294921875 0.02490234375