0 0.2802734375 0.3134765625 0.07666015625 0.275390625
0 0.3564453125 0.3232421875 0.072265625 0.30224609375
0 0.42529296875 0.330078125 0.0595703125 0.22802734375
0 0.5224609375 0.31640625 0.1162109375 0.322265625
0 0.595703125 0.32275390625 0.02734375 0.2353515625
0 0.24658203125 0.66015625 0.0908203125 0.2578125
0 0.3291015625 0.64306640625 0.0625 0.2919921875
0 0.42724609375 0.669921875 0.1240234375 0.23828125
0 0.5517578125 0.66162109375 0.115234375 0.2548828125
0 0.95458984375 0.16650390625 0.0908203125 0.1064453125
0 0.953125 0.25048828125 0.07177734375 0.0673828125
0 0.81298828125 0.34814453125 0.02685546875 0.02490234375
0 0.841796875 0.34521484375 0.02587890625 0.02197265625
0 0.87451171875 0.34130859375 0.03564453125 0.02978515625
0 0.9140625 0.34423828125 0.02294921875 0.02978515625
0 0.947265625 0.333984375 0.0341796875 0.0341796875
0 0.978515625 0.333984375 0.0283203125 0.03125
0 0.9970703125 0.33740234375 0.005859375 0.0263671875
0 0.7470703125 0.4873046875 0.05322265625 0.08740234375
0 0.796875 0.49365234375 0.046875 0.0810546875
0 0.75634765625 0.5458984375 0.02392578125 0.02978515625
0 0.77392578125 0.54443359375 0.013671875 0.0263671875
0 0.79443359375 0.5458984375 0.02099609375 0.0263671875
0 0.09130859375 0.8076171875 0.07275390625 0.03125
0 0.06982421875 0.875 0.03564453125 0.01171875
0 0.0771484375 0.884765625 0.05029296875 0.01171875
0 0.0869140625 0.89404296875 0.02392578125 0.00927734375
0 0.06396484375 0.9541015625 0.02587890625 0.01123046875
0 0.0869140625 0.9521484375 0.0263671875 0.0126953125