0 0.142578125 0.1162109375 0.28515625 0.205078125
0 0.58154296875 0.015625 0.1240234375 0.03125
0 0.69873046875 0.015625 0.1103515625 0.03125
0 0.02685546875 0.3974609375 0.052734375 0.0322265625
0 0.05908203125 0.39453125 0.0234375 0.0322265625
0 0.08544921875 0.39453125 0.029296875 0.0322265625
0 0.12353515625 0.39599609375 0.03125 0.029296875
0 0.1884765625 0.39208984375 0.1015625 0.02685546875
0 0.28515625 0.39306640625 0.091796875 0.02392578125
0 0.373046875 0.39306640625 0.083984375 0.02392578125
0 0.43115234375 0.392578125 0.0361328125 0.0234375
0 0.6142578125 0.36572265625 0.05859375 0.0322265625
0 0.671875 0.3671875 0.056640625 0.03515625
0 0.7412109375 0.369140625 0.078125 0.0390625
0 0.47998046875 0.44921875 0.0615234375 0.134765625
0 0.568359375 0.45703125 0.091796875 0.12841796875
0 0.697265625 0.45849609375 0.130859375 0.138671875
0 0.5224609375 0.609375 0.11328125 0.12158203125
0 0.634765625 0.61328125 0.083984375 0.12158203125
0 0.45556640625 0.73828125 0.0126953125 0.044921875
0 0.578125 0.7431640625 0.025390625 0.04150390625