0 0.408203125 0.2744140625 0.078125 0.05419921875
0 0.4814453125 0.27294921875 0.060546875 0.05419921875
0 0.5556640625 0.27392578125 0.08203125 0.052734375
0 0.46728515625 0.39453125 0.0419921875 0.03076171875
0 0.2587890625 0.2490234375 0.017578125 0.0263671875
0 0.25634765625 0.294921875 0.0166015625 0.02490234375
0 0.2529296875 0.34130859375 0.01953125 0.0263671875
0 0.24755859375 0.4384765625 0.0166015625 0.02783203125
0 0.244140625 0.48779296875 0.017578125 0.029296875
0 0.24169921875 0.537109375 0.0185546875 0.029296875
0 0.23779296875 0.5908203125 0.0185546875 0.02783203125
0 0.23583984375 0.64404296875 0.0185546875 0.0322265625
0 0.69775390625 0.2490234375 0.0185546875 0.0263671875
0 0.7001953125 0.2958984375 0.017578125 0.0263671875
0 0.70263671875 0.3427734375 0.0185546875 0.0263671875
0 0.705078125 0.392578125 0.017578125 0.0263671875
0 0.70654296875 0.44140625 0.0185546875 0.02490234375
0 0.7080078125 0.4921875 0.017578125 0.0263671875
0 0.71044921875 0.54296875 0.0166015625 0.029296875
0 0.71142578125 0.59521484375 0.0185546875 0.02783203125
0 0.7138671875 0.6494140625 0.017578125 0.02490234375
0 0.71630859375 0.70361328125 0.0185546875 0.02783203125
0 0.7177734375 0.7578125 0.017578125 0.02783203125
0 0.04638671875 0.4970703125 0.0126953125 0.02490234375
0 0.04248046875 0.53662109375 0.0146484375 0.02197265625
0 0.0341796875 0.61865234375 0.013671875 0.02490234375
0 0.03857421875 0.576171875 0.0126953125 0.02783203125
0 0.02978515625 0.6611328125 0.0166015625 0.02490234375
0 0.02587890625 0.70361328125 0.0166015625 0.02490234375
0 0.9169921875 0.5869140625 0.015625 0.0234375