0 0.03857421875 0.10009765625 0.0771484375 0.2001953125
0 0.193359375 0.11767578125 0.21875 0.203125
0 0.05126953125 0.35986328125 0.1025390625 0.2216796875
0 0.17822265625 0.34326171875 0.14111328125 0.1748046875
0 0.3291015625 0.34375 0.140625 0.166015625
0 0.07568359375 0.64892578125 0.06640625 0.08642578125
0 0.1357421875 0.65478515625 0.0537109375 0.10498046875
0 0.2802734375 0.59716796875 0.23828125 0.0966796875
0 0.548828125 0.27880859375 0.0712890625 0.10302734375
0 0.45068359375 0.3525390625 0.03759765625 0.13671875
0 0.51416015625 0.37353515625 0.08251953125 0.15771484375
0 0.6015625 0.4208984375 0.08740234375 0.13916015625
0 0.81103515625 0.033203125 0.0810546875 0.06640625
0 0.744140625 0.1484375 0.06982421875 0.12841796875
0 0.82275390625 0.1103515625 0.07763671875 0.14501953125
0 0.8955078125 0.08837890625 0.0576171875 0.13037109375
0 0.4130859375 0.95849609375 0.02734375 0.0830078125
0 0.51025390625 0.9619140625 0.1455078125 0.076171875