0 0.19189453125 0.13916015625 0.0322265625 0.04248046875
0 0.22900390625 0.13916015625 0.0419921875 0.0361328125
0 0.26513671875 0.13916015625 0.0341796875 0.0361328125
0 0.2939453125 0.13916015625 0.02783203125 0.0361328125
0 0.3271484375 0.140625 0.0380859375 0.0390625
0 0.35986328125 0.14208984375 0.02783203125 0.0361328125
0 0.38916015625 0.146484375 0.0341796875 0.0390625
0 0.4228515625 0.146484375 0.0341796875 0.033203125
0 0.205078125 0.1796875 0.05810546875 0.04541015625
0 0.2490234375 0.18408203125 0.02978515625 0.0361328125
0 0.2880859375 0.18408203125 0.0478515625 0.04248046875
0 0.328125 0.18408203125 0.0322265625 0.04248046875
0 0.365234375 0.1904296875 0.0419921875 0.04248046875
0 0.4140625 0.1875 0.05615234375 0.04248046875
0 0.166015625 0.34423828125 0.05615234375 0.10888671875
0 0.22705078125 0.353515625 0.05810546875 0.0966796875
0 0.2998046875 0.35498046875 0.083984375 0.11767578125
0 0.375 0.36572265625 0.06591796875 0.11474609375
0 0.158203125 0.48779296875 0.076171875 0.09375
0 0.23681640625 0.49072265625 0.078125 0.11767578125
0 0.31103515625 0.49072265625 0.06982421875 0.09375
0 0.3837890625 0.494140625 0.06787109375 0.10595703125
0 0.14013671875 0.62548828125 0.076171875 0.0966796875
0 0.212890625 0.63427734375 0.07421875 0.11474609375
0 0.2900390625 0.62548828125 0.080078125 0.0966796875
0 0.3837890625 0.6328125 0.10400390625 0.11181640625
0 0.17578125 0.7626953125 0.091796875 0.1240234375
0 0.2578125 0.7705078125 0.06787109375 0.12060546875
0 0.31982421875 0.7705078125 0.0517578125 0.10888671875
0 0.3779296875 0.75537109375 0.06396484375 0.10888671875
0 0.826171875 0.6025390625 0.02783203125 0.033203125
0 0.86083984375 0.60400390625 0.0458984375 0.0302734375
0 0.9169921875 0.6025390625 0.06982421875 0.033203125
0 0.8310546875 0.654296875 0.0419921875 0.05126953125
0 0.86279296875 0.66015625 0.02587890625 0.05126953125
0 0.89501953125 0.65087890625 0.0419921875 0.05126953125