0 0.1259765625 0.12158203125 0.1669921875 0.07958984375
0 0.26220703125 0.1298828125 0.091796875 0.0771484375
0 0.11474609375 0.20458984375 0.11572265625 0.0634765625
0 0.23046875 0.21630859375 0.109375 0.0771484375
0 0.1259765625 0.27880859375 0.11572265625 0.05224609375
0 0.22998046875 0.27978515625 0.08837890625 0.0498046875
0 0.1044921875 0.33544921875 0.10791015625 0.05224609375
0 0.216796875 0.33642578125 0.1171875 0.0634765625
0 0.46435546875 0.390625 0.0498046875 0.0546875
0 0.42822265625 0.49560546875 0.0419921875 0.041015625
0 0.4697265625 0.5087890625 0.0390625 0.044921875
0 0.77978515625 0.0986328125 0.375 0.16259765625
0 0.6435546875 0.19189453125 0.05322265625 0.0400390625
0 0.78173828125 0.1953125 0.216796875 0.04443359375
0 0.59619140625 0.3447265625 0.06689453125 0.06787109375
0 0.59130859375 0.4306640625 0.0625 0.08203125
0 0.142578125 0.5703125 0.28515625 0.0625
0 0.150390625 0.66748046875 0.30078125 0.1650390625
0 0.0234375 0.75439453125 0.046875 0.0673828125
0 0.12158203125 0.76611328125 0.14697265625 0.0576171875
0 0.09814453125 0.841796875 0.154296875 0.09521484375
0 0.2607421875 0.8525390625 0.173828125 0.09130859375
0 0.09326171875 0.95849609375 0.1689453125 0.0830078125
0 0.2685546875 0.95703125 0.16796875 0.0859375
0 0.544921875 0.74853515625 0.06884765625 0.08447265625
0 0.65478515625 0.765625 0.13916015625 0.09033203125
0 0.62548828125 0.8466796875 0.10009765625 0.056640625