0 0.21728515625 0.4375 0.109375 0.06591796875
0 0.33447265625 0.44189453125 0.10595703125 0.06591796875
0 0.20751953125 0.4873046875 0.099609375 0.0478515625
0 0.2900390625 0.5009765625 0.06591796875 0.05224609375
0 0.34326171875 0.5078125 0.037109375 0.056640625
0 0.38671875 0.51806640625 0.04638671875 0.0546875
0 0.30712890625 0.56494140625 0.154296875 0.056640625
0 0.20556640625 0.55908203125 0.02880859375 0.0498046875
0 0.6171875 0.55322265625 0.1669921875 0.07958984375
0 0.75341796875 0.5615234375 0.091796875 0.0771484375
0 0.60595703125 0.63623046875 0.11572265625 0.0634765625
0 0.7216796875 0.64794921875 0.109375 0.0771484375
0 0.6171875 0.71044921875 0.11572265625 0.05224609375
0 0.72119140625 0.71142578125 0.08837890625 0.0498046875
0 0.595703125 0.76708984375 0.10791015625 0.05224609375
0 0.7080078125 0.76806640625 0.1171875 0.0634765625
0 0.96533203125 0.82275390625 0.0693359375 0.0546875
0 0.91943359375 0.92724609375 0.0419921875 0.041015625
0 0.970703125 0.9404296875 0.05859375 0.044921875
0 0.35791015625 0.630859375 0.03076171875 0.02978515625