0 0.279296875 0.0126953125 0.080078125 0.025390625
0 0.2197265625 0.0556640625 0.01953125 0.06103515625
0 0.259765625 0.060546875 0.048828125 0.0703125
0 0.033203125 0.130859375 0.060546875 0.0986328125
0 0.099609375 0.1376953125 0.060546875 0.08447265625
0 0.1689453125 0.1474609375 0.07421875 0.06591796875
0 0.0849609375 0.22021484375 0.04296875 0.0703125
0 0.1396484375 0.22021484375 0.05078125 0.0703125
0 0.32958984375 0.15380859375 0.0400390625 0.0791015625
0 0.3203125 0.22705078125 0.044921875 0.0751953125
0 0.64599609375 0.01123046875 0.0947265625 0.0224609375
0 0.728515625 0.01123046875 0.0625 0.0224609375
0 0.79541015625 0.0166015625 0.0654296875 0.033203125
0 0.8740234375 0.0166015625 0.09375 0.033203125
0 0.962890625 0.0107421875 0.07421875 0.021484375
0 0.56591796875 0.07470703125 0.08251953125 0.06103515625
0 0.66162109375 0.06884765625 0.11376953125 0.0693359375
0 0.78955078125 0.06689453125 0.13623046875 0.07080078125
0 0.9189453125 0.06396484375 0.11572265625 0.06787109375
0 0.90087890625 0.14306640625 0.05810546875 0.03759765625
0 0.96533203125 0.14697265625 0.06689453125 0.04150390625
0 0.0458984375 0.521484375 0.06640625 0.07373046875
0 0.13232421875 0.5224609375 0.06787109375 0.0693359375
0 0.201171875 0.64453125 0.12255859375 0.10009765625
0 0.31298828125 0.63330078125 0.0732421875 0.1083984375
0 0.25537109375 0.76220703125 0.109375 0.09326171875
0 0.537109375 0.4814453125 0.037109375 0.00390625
0 0.57470703125 0.5458984375 0.13330078125 0.0546875
0 0.75927734375 0.544921875 0.18115234375 0.05224609375
0 0.3623046875 0.60205078125 0.025390625 0.0322265625
0 0.40576171875 0.60205078125 0.048828125 0.03271484375
0 0.47265625 0.60595703125 0.0771484375 0.03271484375
0 0.55810546875 0.6015625 0.08544921875 0.03759765625
0 0.64697265625 0.5986328125 0.08349609375 0.03662109375
0 0.7490234375 0.6005859375 0.1123046875 0.03271484375
0 0.865234375 0.59521484375 0.107421875 0.03125
0 0.96142578125 0.591796875 0.0771484375 0.029296875
0 0.39208984375 0.74365234375 0.0849609375 0.0126953125
0 0.4912109375 0.74169921875 0.09912109375 0.01806640625
0 0.68310546875 0.73876953125 0.185546875 0.01708984375
0 0.876953125 0.732421875 0.02490234375 0.0146484375
0 0.89501953125 0.73291015625 0.013671875 0.0166015625
0 0.91552734375 0.732421875 0.02685546875 0.0146484375
0 0.94189453125 0.73193359375 0.02001953125 0.01416015625
0 0.96923828125 0.73046875 0.0302734375 0.01318359375
0 0.99267578125 0.73095703125 0.0146484375 0.0146484375
0 0.36572265625 0.81884765625 0.0322265625 0.0107421875
0 0.35791015625 0.86669921875 0.0166015625 0.0146484375
0 0.35888671875 0.8955078125 0.0185546875 0.013671875
0 0.3623046875 0.92333984375 0.025390625 0.0185546875
0 0.35791015625 0.95263671875 0.0166015625 0.0205078125
0 0.3564453125 0.98095703125 0.013671875 0.0185546875
0 0.5849609375 0.873046875 0.02197265625 0.015625
0 0.62353515625 0.869140625 0.05517578125 0.0126953125
0 0.9560546875 0.81396484375 0.02490234375 0.015625
0 0.98388671875 0.81005859375 0.0322265625 0.0126953125
0 0.98291015625 0.85400390625 0.0341796875 0.0185546875
0 0.97998046875 0.880859375 0.02490234375 0.0146484375
0 0.99658203125 0.88037109375 0.0068359375 0.0166015625
0 0.98046875 0.90966796875 0.0322265625 0.0224609375
0 0.98828125 0.93798828125 0.0234375 0.0244140625
0 0.984375 0.99365234375 0.03125 0.0126953125