0 0.34326171875 0.103515625 0.2119140625 0.0546875
0 0.3369140625 0.216796875 0.224609375 0.1640625
0 0.63232421875 0.19091796875 0.33056640625 0.23876953125
0 0.87255859375 0.13916015625 0.134765625 0.091796875
0 0.97412109375 0.13671875 0.0517578125 0.083984375
0 0.869140625 0.25048828125 0.134765625 0.099609375
0 0.97216796875 0.2578125 0.0556640625 0.115234375
0 0.1943359375 0.53857421875 0.30859375 0.3779296875
0 0.041015625 0.80419921875 0.08203125 0.0966796875
0 0.1416015625 0.80517578125 0.10888671875 0.09521484375
0 0.251953125 0.81103515625 0.08642578125 0.10009765625
0 0.0380859375 0.93505859375 0.076171875 0.0947265625
0 0.16064453125 0.923828125 0.15869140625 0.115234375
0 0.58984375 0.611328125 0.1083984375 0.072265625
0 0.6767578125 0.61767578125 0.0517578125 0.0595703125
0 0.75927734375 0.61962890625 0.10693359375 0.0625
0 0.87109375 0.60986328125 0.103515625 0.08154296875
0 0.96630859375 0.619140625 0.0673828125 0.0625
0 0.533203125 0.8671875 0.1318359375 0.1376953125
0 0.642578125 0.87353515625 0.07666015625 0.1318359375
0 0.7412109375 0.8701171875 0.10693359375 0.14404296875
0 0.88134765625 0.859375 0.150390625 0.1220703125
0 0.98388671875 0.86328125 0.0322265625 0.15625
0 0.56005859375 0.9833984375 0.0498046875 0.033203125
0 0.6494140625 0.97900390625 0.103515625 0.0419921875
0 0.7158203125 0.68994140625 0.08349609375 0.06591796875
0 0.802734375 0.6884765625 0.07666015625 0.05029296875
0 0.90966796875 0.6884765625 0.126953125 0.05029296875
0 0.98876953125 0.6943359375 0.0224609375 0.05078125