0 0.396484375 0.1591796875 0.11376953125 0.083984375
0 0.35400390625 0.2216796875 0.0341796875 0.0458984375
0 0.38818359375 0.22314453125 0.033203125 0.04248046875
0 0.416015625 0.2255859375 0.02099609375 0.04443359375
0 0.4384765625 0.22607421875 0.0244140625 0.04345703125
0 0.34619140625 0.27783203125 0.041015625 0.0380859375
0 0.3798828125 0.27734375 0.02685546875 0.0263671875
0 0.4033203125 0.2822265625 0.0166015625 0.03173828125
0 0.431640625 0.28564453125 0.04150390625 0.0361328125
0 0.29541015625 0.326171875 0.0517578125 0.0546875
0 0.349609375 0.330078125 0.05517578125 0.0556640625
0 0.4013671875 0.33544921875 0.0458984375 0.05126953125
0 0.43798828125 0.333984375 0.0234375 0.0673828125
0 0.27001953125 0.3681640625 0.0419921875 0.0234375
0 0.31591796875 0.36962890625 0.0458984375 0.0205078125
0 0.35400390625 0.3740234375 0.0302734375 0.01171875
0 0.3955078125 0.373046875 0.052734375 0.013671875
0 0.29931640625 0.19189453125 0.0341796875 0.01611328125
0 0.0087890625 0.1259765625 0.017578125 0.029296875
0 0.00830078125 0.15185546875 0.0166015625 0.0244140625
0 0.0654296875 0.1650390625 0.021484375 0.0458984375
0 0.0830078125 0.15869140625 0.013671875 0.0263671875
0 0.083984375 0.17919921875 0.013671875 0.017578125
0 0.115234375 0.1494140625 0.01025390625 0.0205078125
0 0.1240234375 0.1513671875 0.00927734375 0.0205078125
0 0.11865234375 0.1708984375 0.0341796875 0.02490234375
0 0.1103515625 0.1923828125 0.01904296875 0.02197265625
0 0.1279296875 0.193359375 0.01708984375 0.01953125
0 0.07177734375 0.3154296875 0.0166015625 0.037109375
0 0.0712890625 0.34619140625 0.01904296875 0.02490234375
0 0.18359375 0.32861328125 0.01806640625 0.01953125
0 0.8359375 0.0400390625 0.322265625 0.080078125
0 0.892578125 0.107421875 0.2021484375 0.041015625
0 0.68505859375 0.1591796875 0.0517578125 0.046875
0 0.74609375 0.158203125 0.0537109375 0.04736328125
0 0.80517578125 0.1572265625 0.05859375 0.05859375
0 0.87109375 0.1572265625 0.05859375 0.048828125
0 0.93017578125 0.15478515625 0.0537109375 0.05078125
0 0.98095703125 0.15771484375 0.0380859375 0.0478515625
0 0.703125 0.2158203125 0.06103515625 0.0361328125
0 0.75390625 0.2177734375 0.03564453125 0.029296875
0 0.80615234375 0.21533203125 0.06640625 0.041015625
0 0.90234375 0.21435546875 0.1064453125 0.0390625
0 0.96630859375 0.216796875 0.01611328125 0.0341796875
0 0.99169921875 0.2216796875 0.0166015625 0.03125
0 0.00927734375 0.4873046875 0.0185546875 0.021484375
0 0.03466796875 0.498046875 0.0146484375 0.0205078125
0 0.0576171875 0.517578125 0.02685546875 0.0185546875
0 0.06201171875 0.54345703125 0.02685546875 0.01708984375
0 0.04931640625 0.56591796875 0.02685546875 0.02197265625
0 0.0244140625 0.5849609375 0.03125 0.0185546875
0 0.17822265625 0.6162109375 0.13525390625 0.05615234375
0 0.3388671875 0.6142578125 0.15185546875 0.0654296875
0 0.0869140625 0.6767578125 0.060546875 0.05322265625
0 0.14599609375 0.681640625 0.05419921875 0.046875
0 0.26708984375 0.67919921875 0.11669921875 0.0576171875
0 0.34912109375 0.68701171875 0.03125 0.04541015625
0 0.41064453125 0.6826171875 0.08349609375 0.06103515625
0 0.12109375 0.732421875 0.095703125 0.0517578125
0 0.1201171875 0.7900390625 0.10205078125 0.0517578125
0 0.373046875 0.74267578125 0.12939453125 0.0439453125
0 0.37109375 0.798828125 0.1376953125 0.04052734375
0 0.11083984375 0.8505859375 0.08740234375 0.05322265625
0 0.22021484375 0.85205078125 0.1103515625 0.05615234375
0 0.37109375 0.85498046875 0.13330078125 0.0439453125
0 0.119140625 0.908203125 0.1123046875 0.05615234375
0 0.23876953125 0.904296875 0.10205078125 0.0517578125
0 0.3701171875 0.91357421875 0.1396484375 0.0419921875
0 0.09619140625 0.966796875 0.125 0.06103515625
0 0.18359375 0.97216796875 0.033203125 0.046875
0 0.251953125 0.9677734375 0.083984375 0.064453125
0 0.34521484375 0.97021484375 0.0771484375 0.0595703125