0 0.0634765625 0.72509765625 0.126953125 0.1201171875
0 0.03271484375 0.80224609375 0.0654296875 0.0556640625
0 0.1015625 0.791015625 0.06884765625 0.068359375
0 0.2861328125 0.7890625 0.06640625 0.0546875
0 0.18212890625 0.79443359375 0.08740234375 0.05517578125
0 0.23046875 0.693359375 0.177734375 0.13671875
0 0.0263671875 0.857421875 0.052734375 0.03515625
0 0.06298828125 0.85595703125 0.01611328125 0.0283203125
0 0.1171875 0.853515625 0.0576171875 0.02978515625
0 0.17919921875 0.85205078125 0.03125 0.02685546875
0 0.28857421875 0.8466796875 0.0400390625 0.02685546875
0 0.7763671875 0.53466796875 0.05029296875 0.04150390625
0 0.83642578125 0.53466796875 0.05859375 0.04296875
0 0.88623046875 0.53662109375 0.03564453125 0.046875
0 0.8251953125 0.57666015625 0.04345703125 0.0244140625