0 0.08447265625 0.2275390625 0.1689453125 0.18359375
0 0.0166015625 0.34033203125 0.033203125 0.1337890625
0 0.091796875 0.36279296875 0.1328125 0.123046875
0 0.2177734375 0.39892578125 0.125 0.14599609375
0 0.02880859375 0.4443359375 0.0576171875 0.0546875
0 0.09033203125 0.45947265625 0.0673828125 0.0498046875
0 0.1650390625 0.46923828125 0.095703125 0.0615234375
0 0.0322265625 0.47314453125 0.064453125 0.0537109375
0 0.638671875 0.23486328125 0.11962890625 0.20849609375
0 0.77197265625 0.24169921875 0.13916015625 0.13671875
0 0.3310546875 0.509765625 0.0390625 0.01953125