0 0.01953125 0.0234375 0.0234375 0.046875
0 0.01171875 0.1015625 0.0234375 0.076171875
0 0.0107421875 0.15576171875 0.021484375 0.025390625
0 0.12890625 0.62451171875 0.0546875 0.0478515625
0 0.67529296875 0.02587890625 0.1982421875 0.0517578125
0 0.6611328125 0.17431640625 0.18994140625 0.2451171875
0 0.8505859375 0.1396484375 0.19873046875 0.26171875
0 0.62060546875 0.38720703125 0.041015625 0.08642578125
0 0.66943359375 0.3720703125 0.0537109375 0.08642578125
0 0.74658203125 0.35205078125 0.09375 0.14990234375
0 0.86669921875 0.35693359375 0.14892578125 0.193359375
0 0.623046875 0.525390625 0.07373046875 0.13671875
0 0.70166015625 0.51513671875 0.07861328125 0.12646484375
0 0.7685546875 0.513671875 0.05517578125 0.12646484375
0 0.828125 0.51220703125 0.0537109375 0.10986328125
0 0.8994140625 0.49951171875 0.083984375 0.12841796875
0 0.70263671875 0.62060546875 0.03515625 0.056640625
0 0.74951171875 0.61376953125 0.0537109375 0.056640625
0 0.79443359375 0.60595703125 0.0361328125 0.05517578125
0 0.8330078125 0.60205078125 0.041015625 0.06005859375
0 0.87744140625 0.591796875 0.044921875 0.05322265625
0 0.92431640625 0.587890625 0.05126953125 0.0517578125
0 0.73291015625 0.6611328125 0.083984375 0.04833984375
0 0.81298828125 0.65185546875 0.076171875 0.046875
0 0.87744140625 0.6455078125 0.05517578125 0.03662109375
0 0.9267578125 0.638671875 0.048828125 0.03662109375
0 0.19775390625 0.89501953125 0.1806640625 0.2099609375
0 0.36962890625 0.8291015625 0.1650390625 0.158203125