0 0.064453125 0.04541015625 0.12890625 0.0908203125
0 0.21728515625 0.046875 0.1494140625 0.09375
0 0.359375 0.04833984375 0.123046875 0.0966796875
0 0.146484375 0.193359375 0.29296875 0.19921875
0 0.330078125 0.1962890625 0.19921875 0.193359375
0 0.044921875 0.3896484375 0.08984375 0.099609375
0 0.14794921875 0.400390625 0.13525390625 0.0908203125
0 0.2666015625 0.388671875 0.1171875 0.0732421875
0 0.3759765625 0.3955078125 0.107421875 0.08203125
0 0.03125 0.49462890625 0.0625 0.0693359375
0 0.10107421875 0.48681640625 0.103515625 0.0703125
0 0.171875 0.48681640625 0.056640625 0.064453125
0 0.23828125 0.49169921875 0.103515625 0.0751953125
0 0.34716796875 0.48876953125 0.1435546875 0.0810546875
0 0.42333984375 0.48779296875 0.0126953125 0.0263671875
0 0.59814453125 0.33447265625 0.20166015625 0.21875
0 0.81982421875 0.26416015625 0.228515625 0.20751953125
0 0.54345703125 0.509765625 0.0361328125 0.0390625
0 0.6142578125 0.49658203125 0.1015625 0.0654296875
0 0.7021484375 0.5 0.06640625 0.05859375
0 0.779296875 0.486328125 0.07666015625 0.06689453125
0 0.84228515625 0.47509765625 0.0498046875 0.0625
0 0.9150390625 0.45068359375 0.091796875 0.08935546875
0 0.98193359375 0.435546875 0.0361328125 0.091796875
0 0.6630859375 0.58251953125 0.04833984375 0.0400390625
0 0.71142578125 0.5810546875 0.0390625 0.0419921875
0 0.7451171875 0.5859375 0.0283203125 0.0419921875
0 0.6982421875 0.63037109375 0.1064453125 0.03271484375
0 0.79296875 0.5634765625 0.0419921875 0.0400390625
0 0.845703125 0.568359375 0.06103515625 0.04443359375
0 0.892578125 0.56591796875 0.02978515625 0.0400390625
0 0.84130859375 0.6142578125 0.09228515625 0.0283203125
0 0.8271484375 0.65283203125 0.03271484375 0.0302734375
0 0.8505859375 0.6552734375 0.01708984375 0.0302734375