0 0.6513671875 0.365234375 0.126953125 0.1435546875
0 0.7763671875 0.37939453125 0.115234375 0.1015625
0 0.8740234375 0.3828125 0.068359375 0.1015625
0 0.5673828125 0.501953125 0.091796875 0.1083984375
0 0.6708984375 0.5087890625 0.095703125 0.1083984375
0 0.7607421875 0.51416015625 0.068359375 0.11181640625
0 0.857421875 0.515625 0.109375 0.1015625
0 0.583984375 0.62744140625 0.12890625 0.06640625
0 0.6669921875 0.62939453125 0.029296875 0.05615234375
0 0.7275390625 0.62939453125 0.087890625 0.06298828125
0 0.7978515625 0.63134765625 0.052734375 0.0595703125
0 0.8701171875 0.6328125 0.091796875 0.06298828125