0 0.06884765625 0.21728515625 0.1376953125 0.2451171875
0 0.203125 0.287109375 0.126953125 0.2021484375
0 0.0810546875 0.455078125 0.14453125 0.25
0 0.203125 0.49365234375 0.091796875 0.21142578125
0 0.06201171875 0.6923828125 0.1240234375 0.21484375
0 0.189453125 0.708984375 0.130859375 0.181640625
0 0.79541015625 0.494140625 0.16015625 0.11328125
0 0.9423828125 0.498046875 0.115234375 0.115234375
0 0.80029296875 0.671875 0.13330078125 0.10498046875
0 0.2607421875 0.904296875 0.09765625 0.19140625
0 0.08984375 0.904296875 0.1796875 0.19140625
0 0.857421875 0.8125 0.0166015625 0.01220703125
0 0.87158203125 0.81396484375 0.01025390625 0.01123046875
0 0.609375 0.80419921875 0.01171875 0.0087890625
0 0.623046875 0.8037109375 0.01171875 0.0078125