0 0.04345703125 0.02099609375 0.0361328125 0.0419921875
0 0.09716796875 0.02294921875 0.0654296875 0.0458984375
0 0.181640625 0.02294921875 0.099609375 0.0458984375
0 0.26025390625 0.02392578125 0.0517578125 0.0478515625
0 0.38525390625 0.03125 0.0556640625 0.0625
0 0.42236328125 0.02685546875 0.0146484375 0.0537109375
0 0.1591796875 0.07177734375 0.0751953125 0.0283203125
0 0.21923828125 0.07421875 0.03515625 0.0263671875
0 0.28759765625 0.0732421875 0.09423828125 0.0283203125
0 0.35595703125 0.07568359375 0.0341796875 0.0263671875
0 0.40380859375 0.076171875 0.0517578125 0.025390625
0 0.9931640625 0.44873046875 0.013671875 0.0361328125
0 0.0478515625 0.83154296875 0.095703125 0.2294921875
0 0.19482421875 0.8681640625 0.2041015625 0.2275390625
0 0.60595703125 0.94189453125 0.04736328125 0.02978515625
0 0.67041015625 0.93603515625 0.05615234375 0.0283203125
0 0.63720703125 0.982421875 0.0908203125 0.03515625
0 0.77294921875 0.81787109375 0.09375 0.07177734375
0 0.8759765625 0.8134765625 0.09521484375 0.06689453125
0 0.951171875 0.81103515625 0.04736328125 0.0517578125
0 0.99169921875 0.7998046875 0.0166015625 0.06640625
0 0.7958984375 0.9228515625 0.125 0.11181640625
0 0.93505859375 0.90185546875 0.1298828125 0.1298828125
0 0.84375 0.9892578125 0.119140625 0.021484375
0 0.95361328125 0.98876953125 0.0869140625 0.0224609375