0 0.01513671875 0.2216796875 0.0302734375 0.056640625
0 0.07177734375 0.21875 0.09326171875 0.0546875
0 0.1513671875 0.21484375 0.0634765625 0.0546875
0 0.208984375 0.20556640625 0.05810546875 0.05078125
0 0.52294921875 0.197265625 0.1064453125 0.083984375
0 0.61083984375 0.20458984375 0.0576171875 0.07275390625
0 0.70263671875 0.205078125 0.1181640625 0.06884765625
0 0.8173828125 0.20068359375 0.091796875 0.08837890625
0 0.92724609375 0.20166015625 0.1083984375 0.09130859375
0 0.7861328125 0.30517578125 0.427734375 0.1083984375
0 0.04052734375 0.59765625 0.06494140625 0.06103515625
0 0.10302734375 0.59716796875 0.068359375 0.0556640625
0 0.171875 0.6083984375 0.0693359375 0.04833984375
0 0.0283203125 0.65185546875 0.056640625 0.0556640625
0 0.0927734375 0.65771484375 0.0654296875 0.052734375
0 0.13818359375 0.6640625 0.02294921875 0.03857421875
0 0.18701171875 0.666015625 0.068359375 0.0458984375
0 0.2529296875 0.6708984375 0.0576171875 0.04248046875
0 0.30810546875 0.68505859375 0.01953125 0.017578125
0 0.32666015625 0.6865234375 0.01611328125 0.01513671875
0 0.359375 0.60693359375 0.02294921875 0.02587890625
0 0.3759765625 0.61083984375 0.009765625 0.02001953125
0 0.392578125 0.61083984375 0.025390625 0.02978515625
0 0.4130859375 0.61279296875 0.01611328125 0.02392578125
0 0.3837890625 0.64794921875 0.0341796875 0.04248046875
0 0.41259765625 0.65087890625 0.0205078125 0.0400390625
0 0.35888671875 0.677734375 0.00927734375 0.017578125
0 0.39306640625 0.68017578125 0.0087890625 0.017578125
0 0.09619140625 0.90625 0.025390625 0.03271484375
0 0.12353515625 0.9072265625 0.02392578125 0.02685546875
0 0.0673828125 0.9462890625 0.01806640625 0.0166015625
0 0.08740234375 0.9462890625 0.0185546875 0.015625
0 0.1123046875 0.94384765625 0.02685546875 0.0166015625
0 0.1318359375 0.9423828125 0.00927734375 0.01318359375
0 0.49072265625 0.5771484375 0.0419921875 0.05078125
0 0.52685546875 0.57275390625 0.0283203125 0.0390625
0 0.5048828125 0.63134765625 0.0703125 0.0400390625
0 0.53369140625 0.7724609375 0.0419921875 0.01416015625
0 0.63232421875 0.5712890625 0.1005859375 0.04150390625
0 0.63037109375 0.6201171875 0.0986328125 0.04296875
0 0.7509765625 0.60302734375 0.068359375 0.03515625
0 0.8193359375 0.56201171875 0.021484375 0.02099609375
0 0.81982421875 0.58837890625 0.0224609375 0.0234375
0 0.82080078125 0.61767578125 0.0224609375 0.02197265625
0 0.8193359375 0.64404296875 0.013671875 0.02880859375
0 0.82470703125 0.77685546875 0.0244140625 0.015625
0 0.736328125 0.75927734375 0.017578125 0.01416015625
0 0.75439453125 0.75927734375 0.0205078125 0.01171875
0 0.7626953125 0.77490234375 0.017578125 0.01708984375
0 0.6572265625 0.74658203125 0.037109375 0.01416015625