0 0.4033203125 0.130859375 0.23193359375 0.15966796875
0 0.5927734375 0.09326171875 0.1328125 0.1337890625
0 0.517578125 0.19287109375 0.0869140625 0.09521484375
0 0.6015625 0.189453125 0.09130859375 0.0810546875
0 0.4443359375 0.02099609375 0.06005859375 0.03466796875
0 0.490234375 0.01220703125 0.02734375 0.0244140625
0 0.529296875 0.01171875 0.05078125 0.0234375
0 0.96728515625 0.00537109375 0.0654296875 0.0107421875
0 0.69482421875 0.359375 0.02197265625 0.02734375
0 0.71875 0.3603515625 0.0263671875 0.02978515625
0 0.744140625 0.361328125 0.0263671875 0.02734375
0 0.771484375 0.36279296875 0.0283203125 0.02978515625
0 0.8017578125 0.36279296875 0.03271484375 0.025390625
0 0.82666015625 0.36376953125 0.0205078125 0.02294921875
0 0.845703125 0.36279296875 0.0263671875 0.02978515625
0 0.87109375 0.3671875 0.0283203125 0.02978515625
0 0.89794921875 0.36474609375 0.02490234375 0.02978515625
0 0.92578125 0.36474609375 0.03125 0.02978515625
0 0.68603515625 0.39111328125 0.0361328125 0.0322265625
0 0.7197265625 0.38916015625 0.0341796875 0.02734375
0 0.74853515625 0.39111328125 0.0263671875 0.02734375
0 0.7734375 0.392578125 0.0263671875 0.025390625
0 0.7939453125 0.39453125 0.01708984375 0.02978515625
0 0.80859375 0.39697265625 0.0126953125 0.0341796875
0 0.82421875 0.3935546875 0.0185546875 0.0322265625
0 0.86279296875 0.39453125 0.01416015625 0.02978515625
0 0.880859375 0.39453125 0.0185546875 0.02978515625
0 0.90185546875 0.39453125 0.0263671875 0.0341796875
0 0.93212890625 0.3994140625 0.0341796875 0.04345703125
0 0.17041015625 0.48046875 0.1767578125 0.1015625
0 0.369140625 0.4609375 0.16015625 0.0625
0 0.5361328125 0.486328125 0.15234375 0.11328125
0 0.91748046875 0.55810546875 0.060546875 0.0947265625
0 0.97607421875 0.5693359375 0.0478515625 0.083984375
0 0.93310546875 0.794921875 0.1337890625 0.328125