0 0.40966796875 0.25439453125 0.146484375 0.06884765625
0 0.564453125 0.25341796875 0.1416015625 0.056640625
0 0.67431640625 0.2607421875 0.0751953125 0.04248046875
0 0.26513671875 0.2978515625 0.2529296875 0.125
0 0.4892578125 0.34130859375 0.224609375 0.123046875
0 0.31982421875 0.4130859375 0.173828125 0.0556640625
0 0.45751953125 0.41259765625 0.08251953125 0.06005859375
0 0.564453125 0.41748046875 0.10595703125 0.0517578125
0 0.6787109375 0.3427734375 0.14453125 0.11962890625
0 0.81787109375 0.33349609375 0.1328125 0.09619140625
0 0.662109375 0.419921875 0.0712890625 0.05908203125
0 0.763671875 0.42236328125 0.1201171875 0.0439453125