0 0.30419921875 0.4384765625 0.0087890625 0.02734375
0 0.3134765625 0.43212890625 0.01611328125 0.02490234375
0 0.3046875 0.47021484375 0.009765625 0.0380859375
0 0.3212890625 0.46533203125 0.02587890625 0.041015625
0 0.37890625 0.33251953125 0.01806640625 0.0185546875
0 0.404296875 0.34033203125 0.02880859375 0.02099609375
0 0.37890625 0.3544921875 0.03564453125 0.033203125
0 0.4111328125 0.3603515625 0.02880859375 0.0263671875
0 0.384765625 0.39404296875 0.04541015625 0.02490234375
0 0.4208984375 0.42919921875 0.01708984375 0.0556640625
0 0.4384765625 0.43212890625 0.02001953125 0.04345703125
0 0.45654296875 0.43017578125 0.01806640625 0.0478515625
0 0.478515625 0.42431640625 0.03076171875 0.04638671875
0 0.5029296875 0.421875 0.02197265625 0.0517578125
0 0.88037109375 0.3369140625 0.068359375 0.0859375
0 0.93701171875 0.314453125 0.052734375 0.07275390625
0 0.978515625 0.30810546875 0.04296875 0.1005859375
0 0.556640625 0.40478515625 0.08544921875 0.09375
0 0.7275390625 0.3642578125 0.2353515625 0.1455078125
0 0.42578125 0.4765625 0.02392578125 0.02099609375
0 0.45263671875 0.47265625 0.02880859375 0.0185546875
0 0.478515625 0.470703125 0.02099609375 0.02001953125
0 0.505859375 0.46826171875 0.03369140625 0.02490234375
0 0.54150390625 0.4609375 0.03564453125 0.0263671875
0 0.5810546875 0.45751953125 0.03857421875 0.02490234375
0 0.61572265625 0.44970703125 0.03076171875 0.02783203125
0 0.638671875 0.44775390625 0.01171875 0.01318359375
0 0.67431640625 0.443359375 0.04443359375 0.0263671875
0 0.0478515625 0.84716796875 0.033203125 0.06689453125
0 0.0888671875 0.84130859375 0.044921875 0.06298828125
0 0.1533203125 0.8359375 0.087890625 0.06689453125
0 0.21484375 0.83935546875 0.0390625 0.05908203125
0 0.27001953125 0.84130859375 0.0595703125 0.0556640625
0 0.7763671875 0.68701171875 0.0537109375 0.03857421875
0 0.82177734375 0.68798828125 0.037109375 0.03662109375
0 0.87939453125 0.69091796875 0.078125 0.03662109375