0 0.6357421875 0.2783203125 0.13134765625 0.10107421875
0 0.7587890625 0.27978515625 0.10009765625 0.09033203125
0 0.6123046875 0.36767578125 0.08154296875 0.06884765625
0 0.70654296875 0.35791015625 0.1044921875 0.06689453125
0 0.78662109375 0.359375 0.04736328125 0.064453125
0 0.60986328125 0.4384765625 0.0859375 0.05615234375
0 0.6748046875 0.435546875 0.04150390625 0.0625
0 0.73291015625 0.447265625 0.06005859375 0.064453125
0 0.7880859375 0.43115234375 0.04736328125 0.07080078125
0 0.66796875 0.564453125 0.015625 0.041015625
0 0.6455078125 0.63134765625 0.02880859375 0.04931640625
0 0.33837890625 0.69482421875 0.02001953125 0.021484375
0 0.3583984375 0.69677734375 0.02001953125 0.021484375
0 0.33154296875 0.71728515625 0.02001953125 0.01953125
0 0.34716796875 0.71923828125 0.01416015625 0.01953125
0 0.3642578125 0.71826171875 0.02001953125 0.021484375