0 0.732421875 0.1064453125 0.2578125 0.212890625
0 0.9501953125 0.125 0.099609375 0.20703125
0 0.501953125 0.28662109375 0.146484375 0.1455078125
0 0.77099609375 0.30859375 0.1943359375 0.1015625
0 0.0703125 0.39404296875 0.111328125 0.0693359375
0 0.21875 0.408203125 0.134765625 0.09765625
0 0.34765625 0.44091796875 0.091796875 0.1015625
0 0.3505859375 0.595703125 0.046875 0.03955078125
0 0.3916015625 0.59814453125 0.03515625 0.0556640625
0 0.4033203125 0.6376953125 0.01171875 0.033203125
0 0.421875 0.41845703125 0.025390625 0.0263671875
0 0.453125 0.4248046875 0.037109375 0.02685546875
0 0.6748046875 0.37158203125 0.06640625 0.0244140625
0 0.7421875 0.373046875 0.068359375 0.02734375
0 0.8046875 0.3779296875 0.060546875 0.037109375
0 0.859375 0.380859375 0.048828125 0.04296875
0 0.5302734375 0.408203125 0.03515625 0.08935546875
0 0.5751953125 0.41748046875 0.046875 0.0771484375
0 0.6396484375 0.42333984375 0.0703125 0.08935546875
0 0.70703125 0.43212890625 0.064453125 0.08349609375
0 0.755859375 0.4423828125 0.033203125 0.08056640625
0 0.7978515625 0.4423828125 0.046875 0.08642578125
0 0.83203125 0.46044921875 0.033203125 0.09228515625
0 0.8720703125 0.46044921875 0.046875 0.07421875