0 0.39453125 0.18701171875 0.04345703125 0.02685546875
0 0.44384765625 0.18994140625 0.05078125 0.025390625
0 0.08740234375 0.22802734375 0.02587890625 0.0146484375
0 0.1123046875 0.22998046875 0.029296875 0.0146484375
0 0.07763671875 0.24169921875 0.04052734375 0.01416015625
0 0.1162109375 0.24609375 0.03759765625 0.0166015625
0 0.28271484375 0.21923828125 0.2041015625 0.05615234375
0 0.43115234375 0.2314453125 0.0771484375 0.044921875
0 0.33203125 0.2705078125 0.1396484375 0.02685546875
0 0.42236328125 0.27001953125 0.02880859375 0.0224609375
0 0.453125 0.2685546875 0.033203125 0.0234375
0 0.0439453125 0.3056640625 0.04150390625 0.0205078125
0 0.08203125 0.3056640625 0.029296875 0.01806640625
0 0.1298828125 0.3056640625 0.03662109375 0.017578125
0 0.1728515625 0.3056640625 0.04736328125 0.01708984375
0 0.2216796875 0.30517578125 0.04345703125 0.017578125
0 0.28125 0.3056640625 0.0478515625 0.01953125
0 0.32275390625 0.30419921875 0.03369140625 0.017578125
0 0.35791015625 0.30322265625 0.03955078125 0.01708984375
0 0.42041015625 0.302734375 0.05859375 0.01904296875
0 0.7041015625 0.029296875 0.2578125 0.05859375
0 0.71435546875 0.15380859375 0.4375 0.201171875
0 0.02783203125 0.72509765625 0.0556640625 0.0751953125
0 0.11474609375 0.72509765625 0.10107421875 0.046875
0 0.23681640625 0.72265625 0.12548828125 0.046875
0 0.3369140625 0.71923828125 0.064453125 0.04443359375
0 0.42236328125 0.716796875 0.06103515625 0.04443359375
0 0.4609375 0.712890625 0.017578125 0.037109375
0 0.1328125 0.8564453125 0.265625 0.173828125
0 0.3740234375 0.8583984375 0.19140625 0.13671875
0 0.32958984375 0.9951171875 0.1103515625 0.009765625
0 0.4306640625 0.98681640625 0.078125 0.0263671875
0 0.3525390625 0.9599609375 0.0263671875 0.03271484375
0 0.38720703125 0.95751953125 0.046875 0.03271484375
0 0.80517578125 0.56689453125 0.0205078125 0.02197265625
0 0.82421875 0.5693359375 0.017578125 0.01708984375
0 0.84521484375 0.57080078125 0.0224609375 0.01953125
0 0.87060546875 0.5712890625 0.0244140625 0.01806640625
0 0.8916015625 0.5712890625 0.017578125 0.01806640625
0 0.91162109375 0.5712890625 0.0205078125 0.01806640625
0 0.77197265625 0.62744140625 0.0849609375 0.046875
0 0.8447265625 0.6279296875 0.05859375 0.04833984375
0 0.9306640625 0.63037109375 0.10546875 0.04541015625
0 0.796875 0.6982421875 0.083984375 0.05078125
0 0.87744140625 0.70263671875 0.0712890625 0.05224609375
0 0.93603515625 0.69775390625 0.0439453125 0.04443359375
0 0.68603515625 0.7880859375 0.0283203125 0.02490234375
0 0.71484375 0.78564453125 0.029296875 0.02978515625
0 0.740234375 0.78564453125 0.021484375 0.02734375
0 0.7607421875 0.78857421875 0.017578125 0.0234375
0 0.79638671875 0.78857421875 0.0517578125 0.02587890625
0 0.84375 0.79052734375 0.041015625 0.02490234375
0 0.892578125 0.79345703125 0.0546875 0.02490234375
0 0.9423828125 0.79443359375 0.046875 0.02734375
0 0.98291015625 0.7958984375 0.0341796875 0.02734375