0 0.75439453125 0.1787109375 0.14599609375 0.1884765625
0 0.8486328125 0.22119140625 0.05078125 0.10400390625
0 0.7236328125 0.4404296875 0.115234375 0.09619140625
0 0.80908203125 0.4345703125 0.04638671875 0.08447265625
0 0.8623046875 0.4365234375 0.04443359375 0.09228515625
0 0.6728515625 0.513671875 0.0322265625 0.03076171875
0 0.71533203125 0.5126953125 0.05224609375 0.02880859375
0 0.677734375 0.54638671875 0.03857421875 0.03076171875
0 0.685546875 0.58154296875 0.05712890625 0.03271484375
0 0.771484375 0.5146484375 0.0322265625 0.02880859375
0 0.80322265625 0.51171875 0.02783203125 0.03076171875
0 0.82080078125 0.5146484375 0.013671875 0.02099609375
0 0.84375 0.513671875 0.03515625 0.02685546875
0 0.88330078125 0.5126953125 0.037109375 0.02880859375
0 0.861328125 0.54638671875 0.03076171875 0.02685546875
0 0.89013671875 0.54638671875 0.02294921875 0.02685546875
0 0.86865234375 0.57958984375 0.01708984375 0.02880859375