0 0.0263671875 0.0341796875 0.052734375 0.03125
0 0.08203125 0.0322265625 0.06103515625 0.0361328125
0 0.1328125 0.0341796875 0.03564453125 0.029296875
0 0.18505859375 0.03173828125 0.06640625 0.041015625
0 0.28125 0.03076171875 0.1064453125 0.0390625
0 0.34521484375 0.033203125 0.01611328125 0.0341796875
0 0.39697265625 0.0380859375 0.06884765625 0.03125
0 0.6201171875 0.24755859375 0.021484375 0.0556640625
0 0.6708984375 0.24365234375 0.07666015625 0.06396484375
0 0.7509765625 0.2509765625 0.08349609375 0.07861328125
0 0.83837890625 0.28759765625 0.08837890625 0.09326171875
0 0.6484375 0.314453125 0.078125 0.078125
0 0.0234375 0.6904296875 0.04345703125 0.04833984375
0 0.06884765625 0.6826171875 0.044921875 0.04736328125
0 0.0341796875 0.787109375 0.0517578125 0.04541015625
0 0.0791015625 0.794921875 0.03369140625 0.02099609375
0 0.12255859375 0.791015625 0.0478515625 0.02685546875
0 0.16357421875 0.78515625 0.029296875 0.02392578125
0 0.197265625 0.78564453125 0.03173828125 0.03125
0 0.2333984375 0.78125 0.03564453125 0.02490234375
0 0.02685546875 0.8369140625 0.0390625 0.025390625
0 0.0654296875 0.8349609375 0.03125 0.0205078125
0 0.10888671875 0.83203125 0.0458984375 0.02734375
0 0.15966796875 0.828125 0.0478515625 0.02783203125
0 0.21044921875 0.822265625 0.048828125 0.02880859375
0 0.25244140625 0.8203125 0.02734375 0.02685546875
0 0.29296875 0.818359375 0.046875 0.02880859375
0 0.34765625 0.814453125 0.05615234375 0.03173828125
0 0.02734375 0.87451171875 0.0390625 0.0244140625
0 0.06640625 0.8740234375 0.03271484375 0.01904296875
0 0.0986328125 0.86865234375 0.02294921875 0.025390625
0 0.1328125 0.8681640625 0.03955078125 0.033203125
0 0.185546875 0.8671875 0.05908203125 0.02587890625
0 0.236328125 0.865234375 0.03564453125 0.02783203125
0 0.0205078125 0.9140625 0.025390625 0.02294921875
0 0.048828125 0.912109375 0.02685546875 0.02392578125
0 0.0869140625 0.9091796875 0.03955078125 0.025390625
0 0.1298828125 0.90966796875 0.04150390625 0.03125
0 0.171875 0.9052734375 0.03857421875 0.02587890625
0 0.2109375 0.9091796875 0.03466796875 0.02294921875
0 0.2568359375 0.89990234375 0.0517578125 0.025390625
0 0.3193359375 0.896484375 0.06884765625 0.02880859375
0 0.0263671875 0.9892578125 0.041015625 0.021484375
0 0.06689453125 0.9912109375 0.0322265625 0.017578125
0 0.09814453125 0.98779296875 0.0244140625 0.0244140625
0 0.12939453125 0.98876953125 0.0302734375 0.0224609375
0 0.16650390625 0.98583984375 0.0380859375 0.0283203125
0 0.2060546875 0.98681640625 0.037109375 0.0263671875