0 0.07861328125 0.0205078125 0.1279296875 0.041015625
0 0.19091796875 0.02001953125 0.0810546875 0.0400390625
0 0.03955078125 0.09326171875 0.0791015625 0.1259765625
0 0.1513671875 0.1337890625 0.126953125 0.1484375
0 0.0888671875 0.24169921875 0.14501953125 0.15625
0 0.2060546875 0.29345703125 0.07470703125 0.12939453125
0 0.67041015625 0.02880859375 0.2548828125 0.0576171875
0 0.513671875 0.1650390625 0.0078125 0.033203125
0 0.03662109375 0.55419921875 0.0732421875 0.3291015625
0 0.25732421875 0.59912109375 0.38134765625 0.25
0 0.1787109375 0.43896484375 0.220703125 0.0986328125
0 0.380859375 0.42041015625 0.255859375 0.0615234375
0 0.068359375 0.41162109375 0.0244140625 0.0400390625
0 0.1142578125 0.39697265625 0.021484375 0.0146484375
0 0.09228515625 0.4892578125 0.0400390625 0.044921875
0 0.12451171875 0.4716796875 0.03271484375 0.0400390625
0 0.14501953125 0.50927734375 0.04296875 0.044921875
0 0.0146484375 0.72021484375 0.029296875 0.0419921875
0 0.07861328125 0.73046875 0.015625 0.03271484375
0 0.10009765625 0.7216796875 0.03271484375 0.0400390625
0 0.1650390625 0.734375 0.037109375 0.044921875
0 0.177734375 0.43408203125 0.0400390625 0.044921875
0 0.23193359375 0.45166015625 0.04296875 0.044921875
0 0.2958984375 0.4619140625 0.04443359375 0.044921875
0 0.33154296875 0.439453125 0.03271484375 0.044921875
0 0.39892578125 0.408203125 0.0458984375 0.037109375
0 0.4375 0.39404296875 0.037109375 0.0087890625
0 0.353515625 0.4794921875 0.04296875 0.044921875
0 0.390625 0.45703125 0.0341796875 0.044921875
0 0.2314453125 0.498046875 0.03271484375 0.04248046875
0 0.4228515625 0.49072265625 0.0498046875 0.052734375
0 0.46240234375 0.46826171875 0.037109375 0.04736328125
0 0.46044921875 0.4169921875 0.0478515625 0.0546875
0 0.49609375 0.40576171875 0.02734375 0.0322265625
0 0.484375 0.50439453125 0.04736328125 0.05517578125
0 0.48486328125 0.556640625 0.0400390625 0.0498046875
0 0.43798828125 0.63818359375 0.0341796875 0.052734375
0 0.498046875 0.6005859375 0.0234375 0.052734375
0 0.46923828125 0.67431640625 0.04833984375 0.05517578125
0 0.49951171875 0.65234375 0.0205078125 0.046875
0 0.35791015625 0.73291015625 0.0458984375 0.04736328125
0 0.431640625 0.748046875 0.02734375 0.03759765625
0 0.46142578125 0.73681640625 0.03564453125 0.044921875
0 0.5888671875 0.8388671875 0.158203125 0.322265625
0 0.681640625 0.8828125 0.06005859375 0.06884765625
0 0.72119140625 0.888671875 0.0322265625 0.06201171875
0 0.76220703125 0.87060546875 0.06005859375 0.08642578125
0 0.85302734375 0.84423828125 0.12890625 0.09716796875
0 0.763671875 0.94873046875 0.05859375 0.072265625
0 0.80810546875 0.9423828125 0.0361328125 0.07373046875
0 0.8603515625 0.94580078125 0.08203125 0.09716796875
0 0.9296875 0.9189453125 0.0556640625 0.08056640625