0 0.0458984375 0.1337890625 0.0546875 0.04443359375
0 0.083984375 0.1376953125 0.025390625 0.03662109375
0 0.119140625 0.14306640625 0.044921875 0.03662109375
0 0.1640625 0.14794921875 0.044921875 0.04150390625
0 0.201171875 0.15576171875 0.033203125 0.04150390625
0 0.228515625 0.1533203125 0.025390625 0.03125
0 0.255859375 0.15576171875 0.037109375 0.03662109375
0 0.095703125 0.1845703125 0.068359375 0.05224609375
0 0.1826171875 0.19775390625 0.10546875 0.04150390625
0 0.02099609375 0.2763671875 0.0419921875 0.0546875
0 0.0791015625 0.2783203125 0.0703125 0.05224609375
0 0.1259765625 0.2783203125 0.0234375 0.05224609375
0 0.1728515625 0.2822265625 0.0703125 0.04931640625
0 0.224609375 0.2822265625 0.029296875 0.0546875
0 0.01416015625 0.341796875 0.0283203125 0.0390625
0 0.0478515625 0.34326171875 0.04296875 0.04150390625
0 0.09765625 0.3408203125 0.033203125 0.046875
0 0.150390625 0.33837890625 0.041015625 0.046875
0 0.2216796875 0.33447265625 0.0703125 0.04443359375
0 0.099609375 0.40185546875 0.044921875 0.04443359375
0 0.1484375 0.39794921875 0.033203125 0.046875
0 0.00927734375 0.466796875 0.0185546875 0.044921875
0 0.0849609375 0.4541015625 0.05859375 0.03369140625
0 0.138671875 0.44873046875 0.052734375 0.03369140625
0 0.2021484375 0.44091796875 0.046875 0.0390625
0 0.240234375 0.43701171875 0.029296875 0.03125
0 0.00830078125 0.5185546875 0.0166015625 0.048828125
0 0.21484375 0.48291015625 0.072265625 0.04931640625
0 0.212890625 0.53857421875 0.068359375 0.046875
0 0.2099609375 0.58935546875 0.0703125 0.0400390625
0 0.02490234375 0.03076171875 0.0498046875 0.0615234375
0 0.65234375 0.15673828125 0.1162109375 0.1748046875
0 0.78271484375 0.13818359375 0.1181640625 0.15625
0 0.716796875 0.314453125 0.25 0.1474609375
0 0.40087890625 0.8974609375 0.1669921875 0.205078125
0 0.3623046875 0.97509765625 0.091796875 0.0498046875
0 0.53466796875 0.849609375 0.0908203125 0.154296875
0 0.662109375 0.85302734375 0.1640625 0.16064453125
0 0.791015625 0.9619140625 0.34765625 0.076171875