0 0.09033203125 0.04736328125 0.1083984375 0.0947265625
0 0.1806640625 0.04736328125 0.076171875 0.0947265625
0 0.2529296875 0.05419921875 0.06640625 0.09814453125
0 0.32421875 0.0625 0.0888671875 0.1015625
0 0.20458984375 0.12353515625 0.16357421875 0.05322265625
0 0.10693359375 0.1875 0.12109375 0.1083984375
0 0.224609375 0.20166015625 0.11865234375 0.10986328125
0 0.33837890625 0.21435546875 0.0986328125 0.115234375
0 0.1025390625 0.28271484375 0.072265625 0.091796875
0 0.17138671875 0.29833984375 0.072265625 0.0966796875
0 0.24609375 0.3125 0.07763671875 0.0849609375
0 0.33056640625 0.3125 0.09130859375 0.0849609375
0 0.19921875 0.3828125 0.06103515625 0.03173828125
0 0.2646484375 0.38525390625 0.06396484375 0.02978515625
0 0.072265625 0.42041015625 0.044921875 0.0185546875
0 0.1708984375 0.4228515625 0.146484375 0.013671875
0 0.08935546875 0.544921875 0.1787109375 0.23046875
0 0.25830078125 0.81494140625 0.07275390625 0.05322265625
0 0.34521484375 0.826171875 0.09423828125 0.0517578125
0 0.4443359375 0.8330078125 0.10693359375 0.04833984375
0 0.52099609375 0.83984375 0.0576171875 0.044921875
0 0.09326171875 0.8623046875 0.08203125 0.05712890625
0 0.18896484375 0.87158203125 0.10009765625 0.05126953125
0 0.28955078125 0.87841796875 0.0966796875 0.04736328125
0 0.3818359375 0.88330078125 0.08740234375 0.04638671875
0 0.45849609375 0.89599609375 0.056640625 0.04248046875
0 0.51513671875 0.89208984375 0.0693359375 0.0439453125
0 0.0771484375 0.994140625 0.02734375 0.01171875
0 0.10498046875 0.99462890625 0.0283203125 0.0107421875
0 0.140625 0.9951171875 0.044921875 0.009765625
0 0.17236328125 0.99462890625 0.0244140625 0.0107421875
0 0.67041015625 0.6376953125 0.2412109375 0.078125
0 0.904296875 0.62646484375 0.19140625 0.0869140625
0 0.61669921875 0.74267578125 0.1337890625 0.1279296875
0 0.8515625 0.74755859375 0.296875 0.1513671875
0 0.5966796875 0.8671875 0.09375 0.111328125
0 0.87451171875 0.9267578125 0.2509765625 0.146484375
0 0.62255859375 0.5322265625 0.1455078125 0.04296875
0 0.78125 0.53173828125 0.1474609375 0.04248046875