0 0.28515625 0.318359375 0.0166015625 0.0302734375
0 0.2919921875 0.28955078125 0.01611328125 0.0341796875
0 0.296875 0.2626953125 0.013671875 0.02734375
0 0.75439453125 0.01513671875 0.0595703125 0.0302734375
0 0.53662109375 0.111328125 0.0478515625 0.14306640625
0 0.591796875 0.11279296875 0.06201171875 0.1015625
0 0.6474609375 0.103515625 0.0498046875 0.12060546875
0 0.72265625 0.10986328125 0.10009765625 0.1142578125
0 0.58544921875 0.2685546875 0.07373046875 0.1015625
0 0.65576171875 0.27783203125 0.0712890625 0.1142578125
0 0.72021484375 0.27783203125 0.05712890625 0.1142578125
0 0.5869140625 0.41748046875 0.04296875 0.12060546875
0 0.63671875 0.41455078125 0.05224609375 0.126953125
0 0.6962890625 0.408203125 0.0712890625 0.13330078125
0 0.501953125 0.54736328125 0.064453125 0.0439453125
0 0.572265625 0.54541015625 0.076171875 0.0478515625
0 0.64453125 0.53955078125 0.07421875 0.0595703125
0 0.71533203125 0.5361328125 0.0712890625 0.06640625
0 0.77197265625 0.533203125 0.0517578125 0.072265625
0 0.02197265625 0.57666015625 0.0439453125 0.0146484375
0 0.115234375 0.5791015625 0.154296875 0.01953125
0 0.22314453125 0.5751953125 0.0556640625 0.01171875
0 0.046875 0.76318359375 0.07275390625 0.0244140625
0 0.11279296875 0.76123046875 0.0537109375 0.02587890625
0 0.166015625 0.76171875 0.046875 0.025390625
0 0.0458984375 0.79248046875 0.02099609375 0.0087890625
0 0.0625 0.7919921875 0.0126953125 0.0078125
0 0.10302734375 0.78564453125 0.00830078125 0.00439453125
0 0.10693359375 0.7919921875 0.0146484375 0.0087890625
0 0.12158203125 0.79052734375 0.0166015625 0.0068359375
0 0.27294921875 0.78369140625 0.017578125 0.005859375
0 0.98583984375 0.61767578125 0.02734375 0.04541015625
0 0.9853515625 0.658203125 0.01171875 0.02587890625
0 0.99462890625 0.65673828125 0.0107421875 0.0224609375
0 0.912109375 0.720703125 0.025390625 0.04345703125
0 0.93701171875 0.7197265625 0.02001953125 0.03564453125
0 0.9560546875 0.720703125 0.0146484375 0.037109375
0 0.9765625 0.71630859375 0.0244140625 0.0419921875
0 0.994140625 0.71484375 0.01171875 0.0390625
0 0.92578125 0.7607421875 0.0380859375 0.02734375
0 0.9560546875 0.7578125 0.029296875 0.0244140625
0 0.98486328125 0.755859375 0.0302734375 0.02734375
0 0.96337890625 0.78515625 0.03466796875 0.0244140625