0 0.0126953125 0.18310546875 0.025390625 0.0322265625
0 0.03564453125 0.1865234375 0.02880859375 0.03076171875
0 0.0703125 0.18798828125 0.0380859375 0.02880859375
0 0.12060546875 0.185546875 0.0595703125 0.02880859375
0 0.1650390625 0.18896484375 0.02880859375 0.03076171875
0 0.0224609375 0.28271484375 0.044921875 0.0927734375
0 0.08251953125 0.2861328125 0.068359375 0.1025390625
0 0.14208984375 0.29541015625 0.05029296875 0.083984375
0 0.18310546875 0.29638671875 0.02880859375 0.07763671875
0 0.2392578125 0.29443359375 0.07763671875 0.0859375
0 0.3251953125 0.296875 0.087890625 0.080078125
0 0.0185546875 0.40380859375 0.037109375 0.1083984375
0 0.07177734375 0.39697265625 0.068359375 0.11083984375
0 0.13427734375 0.40185546875 0.04736328125 0.09228515625
0 0.189453125 0.4111328125 0.0595703125 0.11083984375
0 0.25830078125 0.40185546875 0.06982421875 0.1005859375
0 0.41259765625 0.36767578125 0.01708984375 0.02783203125
0 0.42578125 0.36083984375 0.01611328125 0.02490234375
0 0.40966796875 0.3994140625 0.02587890625 0.03857421875
0 0.43359375 0.39404296875 0.02587890625 0.041015625
0 0.3837890625 0.455078125 0.029296875 0.01171875
0 0.4912109375 0.26123046875 0.01806640625 0.0185546875
0 0.5166015625 0.26904296875 0.02880859375 0.02099609375
0 0.4912109375 0.283203125 0.03564453125 0.033203125
0 0.5234375 0.2890625 0.02880859375 0.0263671875
0 0.4970703125 0.32275390625 0.04541015625 0.02490234375
0 0.533203125 0.35791015625 0.01708984375 0.0556640625
0 0.55078125 0.36083984375 0.02001953125 0.04345703125
0 0.56884765625 0.35888671875 0.01806640625 0.0478515625
0 0.5908203125 0.35302734375 0.03076171875 0.04638671875
0 0.615234375 0.3505859375 0.02197265625 0.0517578125
0 0.97900390625 0.265625 0.0419921875 0.0859375
0 0.6689453125 0.33349609375 0.08544921875 0.09375
0 0.83984375 0.29296875 0.2353515625 0.1455078125
0 0.5380859375 0.4052734375 0.02392578125 0.02099609375
0 0.56494140625 0.4013671875 0.02880859375 0.0185546875
0 0.5908203125 0.3994140625 0.02099609375 0.02001953125
0 0.6181640625 0.39697265625 0.03369140625 0.02490234375
0 0.65380859375 0.3896484375 0.03564453125 0.0263671875
0 0.693359375 0.38623046875 0.03857421875 0.02490234375
0 0.72802734375 0.37841796875 0.03076171875 0.02783203125
0 0.7509765625 0.37646484375 0.01171875 0.01318359375
0 0.78662109375 0.3720703125 0.04443359375 0.0263671875
0 0.033203125 0.52294921875 0.06640625 0.0400390625
0 0.1220703125 0.5234375 0.10498046875 0.044921875
0 0.02490234375 0.560546875 0.03662109375 0.029296875
0 0.0654296875 0.55908203125 0.044921875 0.03173828125
0 0.10986328125 0.5576171875 0.03662109375 0.029296875
0 0.1513671875 0.55908203125 0.04345703125 0.0263671875
0 0.5810546875 0.50830078125 0.423828125 0.0771484375
0 0.91650390625 0.4990234375 0.1669921875 0.05859375
0 0.3984375 0.66015625 0.05859375 0.103515625
0 0.466796875 0.67822265625 0.1025390625 0.10791015625
0 0.5830078125 0.6552734375 0.125 0.10791015625
0 0.68798828125 0.66064453125 0.06982421875 0.09619140625
0 0.75927734375 0.6513671875 0.0673828125 0.115234375
0 0.8466796875 0.67041015625 0.08251953125 0.115234375