0 0.50341796875 0.01806640625 0.2236328125 0.0361328125
0 0.4140625 0.07763671875 0.138671875 0.1552734375
0 0.56982421875 0.0966796875 0.1396484375 0.15625
0 0.25 0.0302734375 0.021484375 0.060546875
0 0.2431640625 0.08154296875 0.02294921875 0.06640625
0 0.18896484375 0.16748046875 0.03369140625 0.1103515625
0 0.1572265625 0.544921875 0.00830078125 0.0224609375
0 0.1630859375 0.564453125 0.01171875 0.0224609375
0 0.1748046875 0.572265625 0.01318359375 0.01513671875
0 0.18798828125 0.56884765625 0.01513671875 0.0224609375
0 0.19775390625 0.5517578125 0.0107421875 0.02978515625
0 0.177734375 0.5595703125 0.0107421875 0.01025390625
0 0.13623046875 0.59326171875 0.017578125 0.02099609375
0 0.15625 0.591796875 0.01904296875 0.01806640625
0 0.17626953125 0.59326171875 0.01904296875 0.02099609375
0 0.1962890625 0.59423828125 0.02001953125 0.0224609375
0 0.216796875 0.59326171875 0.02099609375 0.01806640625
0 0.08544921875 0.654296875 0.0625 0.1015625
0 0.21728515625 0.66015625 0.17333984375 0.08935546875
0 0.40185546875 0.66650390625 0.1708984375 0.08935546875
0 0.0244140625 0.77001953125 0.048828125 0.0712890625
0 0.087890625 0.7705078125 0.06103515625 0.07177734375
0 0.158203125 0.77734375 0.06005859375 0.05810546875
0 0.21435546875 0.77734375 0.03076171875 0.05810546875
0 0.2724609375 0.77197265625 0.06982421875 0.068359375
0 0.3505859375 0.7861328125 0.068359375 0.06982421875
0 0.416015625 0.77294921875 0.0458984375 0.0791015625
0 0.486328125 0.77587890625 0.0849609375 0.0849609375
0 0.56494140625 0.78271484375 0.056640625 0.0625
0 0.0341796875 0.84814453125 0.068359375 0.0849609375
0 0.1259765625 0.85693359375 0.1025390625 0.07470703125
0 0.21533203125 0.86376953125 0.06103515625 0.0849609375
0 0.279296875 0.86474609375 0.052734375 0.08642578125
0 0.3486328125 0.8583984375 0.06591796875 0.07177734375
0 0.42138671875 0.86083984375 0.0634765625 0.0732421875
0 0.4931640625 0.8681640625 0.068359375 0.0849609375
0 0.57373046875 0.869140625 0.07421875 0.0595703125
0 0.3779296875 0.9541015625 0.015625 0.02099609375
0 0.341796875 0.9501953125 0.0126953125 0.025390625
0 0.39892578125 0.951171875 0.021484375 0.02685546875
0 0.3759765625 0.54052734375 0.07080078125 0.0341796875
0 0.6650390625 0.51416015625 0.05078125 0.0537109375
0 0.751953125 0.501953125 0.10693359375 0.05419921875
0 0.88330078125 0.482421875 0.1298828125 0.0654296875
0 0.9794921875 0.47509765625 0.041015625 0.0556640625
0 0.669921875 0.66259765625 0.060546875 0.0615234375
0 0.763671875 0.65234375 0.11328125 0.0615234375
0 0.89453125 0.63720703125 0.12646484375 0.0791015625
0 0.984375 0.6279296875 0.03125 0.072265625
0 0.65771484375 0.4814453125 0.0361328125 0.025390625
0 0.70263671875 0.474609375 0.0302734375 0.02099609375
0 0.744140625 0.4697265625 0.0224609375 0.02099609375
0 0.78564453125 0.4638671875 0.04052734375 0.02197265625
0 0.83203125 0.45654296875 0.0341796875 0.02197265625
0 0.6572265625 0.4560546875 0.03515625 0.021484375
0 0.75830078125 0.443359375 0.04541015625 0.02490234375
0 0.8046875 0.43603515625 0.0244140625 0.02099609375