0 0.09765625 0.01220703125 0.013671875 0.0244140625
0 0.12841796875 0.00927734375 0.0478515625 0.0185546875
0 0.18115234375 0.009765625 0.0576171875 0.01953125
0 0.23779296875 0.01220703125 0.0615234375 0.0244140625
0 0.28515625 0.009765625 0.033203125 0.01953125
0 0.3310546875 0.0107421875 0.06640625 0.021484375
0 0.02685546875 0.08154296875 0.0537109375 0.0341796875
0 0.11279296875 0.064453125 0.03759765625 0.02490234375
0 0.16064453125 0.06689453125 0.05810546875 0.0283203125
0 0.21630859375 0.06396484375 0.0556640625 0.02587890625
0 0.2841796875 0.06689453125 0.08056640625 0.02587890625
0 0.35400390625 0.06298828125 0.0517578125 0.0263671875
0 0.09814453125 0.09619140625 0.0166015625 0.02587890625
0 0.15380859375 0.09375 0.091796875 0.02099609375
0 0.23486328125 0.0966796875 0.07373046875 0.029296875
0 0.130859375 0.14501953125 0.08740234375 0.0283203125
0 0.19970703125 0.146484375 0.052734375 0.02490234375
0 0.267578125 0.1455078125 0.08056640625 0.029296875
0 0.1123046875 0.1796875 0.0390625 0.02587890625
0 0.1796875 0.1806640625 0.09326171875 0.0283203125
0 0.03564453125 0.2431640625 0.04443359375 0.0283203125
0 0.07958984375 0.24072265625 0.0400390625 0.0302734375
0 0.1357421875 0.24609375 0.072265625 0.0322265625
0 0.21630859375 0.24365234375 0.0888671875 0.02685546875
0 0.2919921875 0.24365234375 0.0595703125 0.03125
0 0.3486328125 0.24169921875 0.0625 0.0302734375
0 0.0126953125 0.2998046875 0.025390625 0.025390625
0 0.06787109375 0.30322265625 0.08056640625 0.0283203125
0 0.1357421875 0.30322265625 0.0556640625 0.02392578125
0 0.18505859375 0.30517578125 0.03759765625 0.02099609375
0 0.22998046875 0.3056640625 0.04736328125 0.0302734375
0 0.29345703125 0.30322265625 0.076171875 0.02587890625
0 0.349609375 0.30322265625 0.0361328125 0.02587890625
0 0.046875 0.33203125 0.052734375 0.02294921875
0 0.10107421875 0.33203125 0.0498046875 0.02490234375
0 0.16552734375 0.333984375 0.076171875 0.033203125
0 0.23486328125 0.3330078125 0.048828125 0.02490234375
0 0.30517578125 0.3369140625 0.0859375 0.0322265625
0 0.509765625 0.27197265625 0.162109375 0.03759765625
0 0.4658203125 0.30712890625 0.11328125 0.03515625
0 0.57080078125 0.31201171875 0.0830078125 0.03369140625
0 0.4287109375 0.34375 0.033203125 0.02197265625
0 0.46044921875 0.34814453125 0.0283203125 0.02099609375
0 0.4912109375 0.34716796875 0.02734375 0.02099609375
0 0.51708984375 0.34912109375 0.0244140625 0.0205078125
0 0.55029296875 0.34765625 0.0419921875 0.0234375
0 0.59423828125 0.3466796875 0.0478515625 0.025390625
0 0.705078125 0.14599609375 0.05859375 0.04052734375
0 0.79931640625 0.15234375 0.1201171875 0.03271484375
0 0.90966796875 0.150390625 0.0947265625 0.04443359375
0 0.9814453125 0.1591796875 0.037109375 0.033203125
0 0.41748046875 0.71875 0.0751953125 0.0625
0 0.43505859375 0.8388671875 0.1103515625 0.046875
0 0.400390625 0.8701171875 0.0390625 0.02099609375
0 0.451171875 0.8935546875 0.0703125 0.03125
0 0.607421875 0.6513671875 0.05859375 0.03662109375
0 0.654296875 0.65673828125 0.0390625 0.046875
0 0.712890625 0.64892578125 0.0859375 0.04150390625
0 0.771484375 0.64990234375 0.03125 0.03369140625
0 0.8359375 0.64892578125 0.09765625 0.04150390625
0 0.9111328125 0.64990234375 0.052734375 0.0390625
0 0.9697265625 0.64697265625 0.060546875 0.0439453125
0 0.5947265625 0.7099609375 0.056640625 0.0390625
0 0.6455078125 0.71142578125 0.044921875 0.04150390625
0 0.6884765625 0.70751953125 0.052734375 0.03369140625
0 0.73828125 0.7099609375 0.046875 0.0390625
0 0.78515625 0.7099609375 0.046875 0.0390625
0 0.82421875 0.70751953125 0.03125 0.03369140625
0 0.859375 0.70751953125 0.03515625 0.0390625
0 0.8994140625 0.70849609375 0.044921875 0.04150390625
0 0.9462890625 0.7099609375 0.044921875 0.0390625
0 0.986328125 0.7080078125 0.02734375 0.037109375
0 0.666015625 0.75439453125 0.08203125 0.04931640625
0 0.724609375 0.7490234375 0.04296875 0.0390625
0 0.76953125 0.7529296875 0.05078125 0.046875
0 0.8193359375 0.74658203125 0.048828125 0.0390625
0 0.876953125 0.74755859375 0.0703125 0.03662109375
0 0.9462890625 0.74755859375 0.072265625 0.03662109375
0 0.7802734375 0.78662109375 0.052734375 0.03125
0 0.830078125 0.78564453125 0.05078125 0.0390625
0 0.630859375 0.8740234375 0.0625 0.04931640625
0 0.693359375 0.87255859375 0.0625 0.03662109375
0 0.755859375 0.87255859375 0.05859375 0.04150390625
0 0.8095703125 0.86767578125 0.048828125 0.03125
0 0.869140625 0.87255859375 0.07421875 0.04150390625
0 0.9208984375 0.87158203125 0.037109375 0.04443359375
0 0.96875 0.8681640625 0.0625 0.044921875
0 0.705078125 0.91552734375 0.04296875 0.04931640625
0 0.7431640625 0.9169921875 0.037109375 0.046875
0 0.783203125 0.9130859375 0.04296875 0.03369140625
0 0.826171875 0.91552734375 0.05078125 0.04443359375