0 0.197265625 0.279296875 0.06640625 0.0771484375
0 0.2294921875 0.322265625 0.091796875 0.04296875
0 0.2783203125 0.27197265625 0.025390625 0.0517578125
0 0.1943359375 0.36376953125 0.048828125 0.0517578125
0 0.2412109375 0.3583984375 0.048828125 0.0400390625
0 0.30078125 0.34375 0.0625 0.06884765625
0 0.357421875 0.33935546875 0.05078125 0.048828125
0 0.421875 0.22900390625 0.1328125 0.10888671875
0 0.5380859375 0.20361328125 0.091796875 0.0859375
0 0.6357421875 0.27783203125 0.119140625 0.0859375
0 0.7353515625 0.26220703125 0.072265625 0.06005859375
0 0.8544921875 0.23779296875 0.146484375 0.0859375
0 0.431640625 0.60302734375 0.08984375 0.06005859375
0 0.5185546875 0.60595703125 0.064453125 0.05419921875
0 0.083984375 0.4697265625 0.0234375 0.0341796875
0 0.11328125 0.47119140625 0.01171875 0.02587890625