0 0.587890625 0.07177734375 0.107421875 0.1435546875
0 0.68310546875 0.07861328125 0.0791015625 0.1572265625
0 0.5478515625 0.17578125 0.0361328125 0.05810546875
0 0.58203125 0.17724609375 0.0263671875 0.06103515625
0 0.61572265625 0.1787109375 0.0341796875 0.052734375
0 0.654296875 0.1826171875 0.0390625 0.0556640625
0 0.701171875 0.18408203125 0.0517578125 0.06396484375
0 0.55322265625 0.30517578125 0.046875 0.0556640625
0 0.5419921875 0.37548828125 0.044921875 0.0810546875
0 0.95263671875 0.1826171875 0.0517578125 0.033203125
0 0.30615234375 0.5888671875 0.0439453125 0.06201171875
0 0.3564453125 0.5771484375 0.04736328125 0.08056640625
0 0.79931640625 0.578125 0.02978515625 0.02001953125
0 0.94287109375 0.85546875 0.03759765625 0.0263671875
0 0.8828125 0.619140625 0.02294921875 0.0087890625
0 0.52197265625 0.65087890625 0.0048828125 0.0205078125
0 0.66357421875 0.6552734375 0.02685546875 0.0107421875