0 0.2177734375 0.0244140625 0.083984375 0.048828125
0 0.30908203125 0.02197265625 0.1259765625 0.0439453125
0 0.431640625 0.0146484375 0.138671875 0.029296875
0 0.22314453125 0.1103515625 0.12890625 0.11181640625
0 0.3671875 0.10791015625 0.18603515625 0.103515625
0 0.2177734375 0.25341796875 0.13232421875 0.11181640625
0 0.33251953125 0.240234375 0.13232421875 0.12158203125
0 0.11962890625 0.3662109375 0.1064453125 0.1201171875
0 0.20458984375 0.365234375 0.10888671875 0.1083984375
0 0.7763671875 0.029296875 0.044921875 0.05859375
0 0.84423828125 0.04638671875 0.0849609375 0.0927734375
0 0.92822265625 0.04052734375 0.0732421875 0.0810546875
0 0.7939453125 0.1552734375 0.09912109375 0.1484375
0 0.890625 0.17529296875 0.08740234375 0.13525390625
0 0.970703125 0.1884765625 0.05859375 0.208984375
0 0.8388671875 0.30908203125 0.15234375 0.16162109375
0 0.029296875 0.873046875 0.05859375 0.072265625
0 0.103515625 0.8720703125 0.07763671875 0.064453125
0 0.22900390625 0.86767578125 0.1630859375 0.064453125
0 0.38134765625 0.8583984375 0.130859375 0.07373046875
0 0.08740234375 0.96240234375 0.12548828125 0.064453125
0 0.24365234375 0.953125 0.18701171875 0.07373046875
0 0.86669921875 0.47412109375 0.05908203125 0.04150390625
0 0.93310546875 0.49365234375 0.076171875 0.03515625
0 0.919921875 0.5263671875 0.16015625 0.1015625
0 0.90576171875 0.587890625 0.08837890625 0.05322265625
0 0.97509765625 0.61328125 0.0498046875 0.048828125
0 0.9755859375 0.6591796875 0.048828125 0.0234375
0 0.94921875 0.69482421875 0.1015625 0.0751953125
0 0.990234375 0.75048828125 0.01953125 0.0205078125
0 0.98779296875 0.7744140625 0.0244140625 0.01953125
0 0.94091796875 0.80078125 0.08056640625 0.04541015625