0 0.123046875 0.01318359375 0.103515625 0.0263671875
0 0.2109375 0.013671875 0.05078125 0.02734375
0 0.26123046875 0.01318359375 0.0322265625 0.0263671875
0 0.32080078125 0.013671875 0.0673828125 0.02734375
0 0.0107421875 0.0498046875 0.021484375 0.05078125
0 0.0546875 0.0537109375 0.05615234375 0.04736328125
0 0.123046875 0.0517578125 0.0390625 0.0537109375
0 0.171875 0.05615234375 0.05615234375 0.0556640625
0 0.24072265625 0.05859375 0.07373046875 0.0537109375
0 0.32177734375 0.05419921875 0.05126953125 0.05859375
0 0.38525390625 0.05859375 0.07373046875 0.0537109375
0 0.4501953125 0.0537109375 0.05859375 0.0537109375
0 0.03076171875 0.1123046875 0.01611328125 0.0341796875
0 0.08251953125 0.1171875 0.06884765625 0.03125
0 0.44091796875 0.11376953125 0.04052734375 0.03125
0 0.5498046875 0.13330078125 0.1162109375 0.1748046875
0 0.68017578125 0.11474609375 0.1181640625 0.15625
0 0.6142578125 0.291015625 0.25 0.1474609375
0 0.07373046875 0.63232421875 0.01416015625 0.029296875
0 0.1005859375 0.5791015625 0.01416015625 0.033203125
0 0.12451171875 0.576171875 0.03271484375 0.0302734375
0 0.1533203125 0.57763671875 0.02099609375 0.02783203125
0 0.1806640625 0.5791015625 0.0322265625 0.033203125
0 0.10302734375 0.62353515625 0.02099609375 0.033203125
0 0.11962890625 0.62353515625 0.01025390625 0.0302734375
0 0.1025390625 0.66943359375 0.02197265625 0.033203125
0 0.1201171875 0.6669921875 0.0107421875 0.0263671875
0 0.0986328125 0.712890625 0.0146484375 0.029296875
0 0.12255859375 0.71142578125 0.03662109375 0.03466796875
0 0.15478515625 0.70947265625 0.02587890625 0.0302734375
0 0.1845703125 0.7099609375 0.03271484375 0.03759765625
0 0.1123046875 0.755859375 0.0439453125 0.03759765625
0 0.0771484375 0.8115234375 0.015625 0.03173828125
0 0.14697265625 0.7529296875 0.0244140625 0.03759765625
0 0.18115234375 0.75439453125 0.04296875 0.03466796875
0 0.1015625 0.80322265625 0.02099609375 0.03173828125
0 0.1181640625 0.80322265625 0.00927734375 0.0263671875
0 0.1005859375 0.85009765625 0.02099609375 0.03466796875
0 0.1171875 0.85009765625 0.01025390625 0.029296875
0 0.1015625 0.89453125 0.01953125 0.03173828125
0 0.11767578125 0.89404296875 0.0107421875 0.0302734375
0 0.28466796875 0.75048828125 0.0390625 0.04296875
0 0.654296875 0.560546875 0.095703125 0.0625
0 0.75244140625 0.576171875 0.0927734375 0.09375
0 0.85400390625 0.59326171875 0.11376953125 0.10546875
0 0.9384765625 0.61279296875 0.05908203125 0.08642578125
0 0.98095703125 0.623046875 0.0380859375 0.076171875
0 0.63623046875 0.7021484375 0.04736328125 0.05419921875
0 0.67626953125 0.70703125 0.033203125 0.0576171875
0 0.720703125 0.71142578125 0.05908203125 0.060546875
0 0.775390625 0.72119140625 0.05126953125 0.05419921875
0 0.66552734375 0.90478515625 0.11376953125 0.044921875
0 0.75390625 0.9111328125 0.05908203125 0.03173828125