0 0.8115234375 0.041015625 0.154296875 0.08203125
0 0.7470703125 0.28369140625 0.080078125 0.0712890625
0 0.8359375 0.27587890625 0.0859375 0.0869140625
0 0.89990234375 0.28369140625 0.0263671875 0.0712890625
0 0.05126953125 0.3505859375 0.0654296875 0.04443359375
0 0.14111328125 0.3505859375 0.0966796875 0.052734375
0 0.1044921875 0.39892578125 0.0966796875 0.04150390625
0 0.04443359375 0.482421875 0.0888671875 0.12890625
0 0.17236328125 0.4912109375 0.1279296875 0.10400390625
0 0.02392578125 0.59912109375 0.04150390625 0.04443359375
0 0.12744140625 0.59912109375 0.1552734375 0.052734375
0 0.59033203125 0.3740234375 0.09375 0.0888671875
0 0.689453125 0.39111328125 0.08935546875 0.08203125
0 0.7744140625 0.40234375 0.0712890625 0.0771484375
0 0.86767578125 0.4248046875 0.09716796875 0.068359375
0 0.48095703125 0.4384765625 0.01220703125 0.02294921875
0 0.517578125 0.4443359375 0.0634765625 0.02978515625
0 0.9228515625 0.4931640625 0.01953125 0.02294921875
0 0.9404296875 0.49560546875 0.01513671875 0.02734375
0 0.9501953125 0.4990234375 0.0078125 0.0205078125
0 0.96240234375 0.5 0.0166015625 0.02294921875
0 0.98046875 0.50244140625 0.01953125 0.02294921875
0 0.9951171875 0.50390625 0.009765625 0.0234375
0 0.69482421875 0.494140625 0.04833984375 0.02490234375
0 0.744140625 0.49755859375 0.046875 0.03173828125
0 0.78955078125 0.50341796875 0.041015625 0.02490234375
0 0.8408203125 0.50927734375 0.06201171875 0.02734375
0 0.744140625 0.51953125 0.02587890625 0.01611328125
0 0.77880859375 0.521484375 0.03173828125 0.01611328125
0 0.72900390625 0.54443359375 0.02880859375 0.01611328125
0 0.74609375 0.54638671875 0.00927734375 0.01611328125
0 0.7646484375 0.548828125 0.0302734375 0.0205078125
0 0.7841796875 0.548828125 0.005859375 0.01611328125