0 0.02978515625 0.2265625 0.0595703125 0.041015625
0 0.095703125 0.22998046875 0.06005859375 0.03515625
0 0.037109375 0.26806640625 0.03662109375 0.03662109375
0 0.0751953125 0.27685546875 0.0458984375 0.0546875
0 0.0390625 0.31201171875 0.02099609375 0.02392578125
0 0.068359375 0.3134765625 0.03564453125 0.02099609375
0 0.02978515625 0.36328125 0.0595703125 0.068359375
0 0.09326171875 0.35791015625 0.091796875 0.06201171875
0 0.05615234375 0.40576171875 0.02734375 0.02001953125
0 0.0556640625 0.4462890625 0.10107421875 0.04052734375
0 0.05908203125 0.517578125 0.0908203125 0.0234375
0 0.2314453125 0.25048828125 0.05419921875 0.033203125
0 0.2939453125 0.2490234375 0.06689453125 0.02978515625
0 0.3466796875 0.2490234375 0.033203125 0.03271484375
0 0.21826171875 0.2763671875 0.0263671875 0.01806640625
0 0.25732421875 0.27783203125 0.046875 0.01953125
0 0.2978515625 0.2802734375 0.03173828125 0.01806640625
0 0.3349609375 0.27978515625 0.03759765625 0.01953125
0 0.2392578125 0.31396484375 0.04150390625 0.03515625
0 0.2919921875 0.3125 0.05712890625 0.03564453125
0 0.2119140625 0.35205078125 0.0224609375 0.0234375
0 0.2421875 0.3525390625 0.033203125 0.02197265625
0 0.2763671875 0.3525390625 0.029296875 0.02587890625
0 0.3046875 0.35302734375 0.02392578125 0.0234375
0 0.263671875 0.4013671875 0.126953125 0.0703125
0 0.2509765625 0.455078125 0.10107421875 0.044921875
0 0.33203125 0.455078125 0.04736328125 0.04638671875
0 0.2119140625 0.48583984375 0.02294921875 0.02001953125
0 0.2431640625 0.48681640625 0.037109375 0.02099609375
0 0.5732421875 0.115234375 0.04150390625 0.05322265625
0 0.650390625 0.10302734375 0.10009765625 0.0654296875
0 0.6220703125 0.1748046875 0.09814453125 0.0595703125
0 0.521484375 0.29833984375 0.224609375 0.1748046875
0 0.72607421875 0.271484375 0.13525390625 0.1533203125
0 0.873046875 0.24365234375 0.13330078125 0.1845703125
0 0.48779296875 0.427734375 0.08740234375 0.078125
0 0.5888671875 0.419921875 0.08544921875 0.08740234375
0 0.73046875 0.4091796875 0.189453125 0.0908203125
0 0.0244140625 0.67578125 0.048828125 0.046875
0 0.0859375 0.6826171875 0.0703125 0.04443359375
0 0.02734375 0.72705078125 0.04296875 0.04443359375
0 0.0712890625 0.72802734375 0.044921875 0.046875
0 0.021484375 0.77001953125 0.0390625 0.046875
0 0.0693359375 0.76708984375 0.048828125 0.04150390625
0 0.029296875 0.80859375 0.05859375 0.046875
0 0.0771484375 0.8154296875 0.033203125 0.04931640625
0 0.0400390625 0.8525390625 0.080078125 0.046875
0 0.08984375 0.85693359375 0.015625 0.03369140625
0 0.01171875 0.8896484375 0.0234375 0.046875
0 0.046875 0.89208984375 0.04296875 0.04150390625
0 0.0869140625 0.89892578125 0.037109375 0.03369140625
0 0.0283203125 0.9384765625 0.056640625 0.046875
0 0.076171875 0.9404296875 0.03125 0.0390625
0 0.017578125 0.9775390625 0.03515625 0.03125
0 0.0419921875 0.98095703125 0.009765625 0.01025390625
0 0.0751953125 0.98095703125 0.048828125 0.03125
0 0.2392578125 0.67724609375 0.029296875 0.01318359375
0 0.2666015625 0.68017578125 0.021484375 0.01318359375
0 0.240234375 0.69189453125 0.01953125 0.015625
0 0.2607421875 0.69189453125 0.021484375 0.015625