0 0.5908203125 0.02783203125 0.064453125 0.0556640625
0 0.64697265625 0.0244140625 0.0458984375 0.048828125
0 0.71923828125 0.02978515625 0.0869140625 0.0595703125
0 0.255859375 0.51904296875 0.0625 0.0380859375
0 0.38525390625 0.5185546875 0.1689453125 0.037109375
0 0.1669921875 0.603515625 0.10595703125 0.07177734375
0 0.2587890625 0.603515625 0.06103515625 0.07177734375
0 0.3291015625 0.6103515625 0.06005859375 0.05810546875
0 0.38525390625 0.6103515625 0.03076171875 0.05810546875
0 0.43896484375 0.6044921875 0.0615234375 0.068359375
0 0.125 0.69140625 0.05322265625 0.056640625
0 0.19921875 0.681640625 0.080078125 0.0849609375
0 0.296875 0.68994140625 0.1025390625 0.07470703125
0 0.38623046875 0.69677734375 0.06103515625 0.0849609375
0 0.44677734375 0.697265625 0.0458984375 0.0859375
0 0.501953125 0.65673828125 0.064453125 0.1884765625
0 0.76025390625 0.626953125 0.4326171875 0.25390625
0 0.70458984375 0.7763671875 0.05712890625 0.03955078125
0 0.85888671875 0.7578125 0.2373046875 0.06689453125
0 0.48828125 0.94873046875 0.037109375 0.0771484375
0 0.52001953125 0.951171875 0.0341796875 0.07177734375
0 0.57861328125 0.9462890625 0.080078125 0.08203125
0 0.6650390625 0.9365234375 0.0869140625 0.091796875
0 0.78466796875 0.9228515625 0.14013671875 0.109375