0 0.5107421875 0.123046875 0.1015625 0.1171875
0 0.525390625 0.27734375 0.130859375 0.177734375
0 0.52392578125 0.43603515625 0.09521484375 0.08837890625
0 0.30224609375 0.5341796875 0.0693359375 0.029296875
0 0.35546875 0.54296875 0.03515625 0.046875
0 0.39794921875 0.55712890625 0.048828125 0.06640625
0 0.17822265625 0.5341796875 0.0654296875 0.029296875
0 0.24951171875 0.5576171875 0.0830078125 0.076171875
0 0.3212890625 0.58056640625 0.0576171875 0.0703125
0 0.38037109375 0.6083984375 0.060546875 0.078125
0 0.43359375 0.6357421875 0.0400390625 0.0703125
0 0.279296875 0.734375 0.36083984375 0.31884765625
0 0.0654296875 0.87353515625 0.0576171875 0.064453125
0 0.11474609375 0.88525390625 0.03857421875 0.064453125
0 0.154296875 0.89404296875 0.037109375 0.05859375
0 0.21484375 0.91357421875 0.07861328125 0.078125
0 0.275390625 0.92822265625 0.037109375 0.060546875
0 0.3203125 0.93701171875 0.05029296875 0.0625
0 0.36474609375 0.94677734375 0.04150390625 0.0546875
0 0.42041015625 0.96142578125 0.06640625 0.068359375
0 0.064453125 0.94384765625 0.02978515625 0.056640625
0 0.1240234375 0.95751953125 0.09375 0.0849609375
0 0.19580078125 0.96728515625 0.0498046875 0.0654296875
0 0.2490234375 0.97705078125 0.056640625 0.0458984375
0 0.2919921875 0.98095703125 0.02734375 0.0380859375
0 0.34228515625 0.98486328125 0.0732421875 0.0302734375
0 0.40234375 0.99072265625 0.048828125 0.0185546875
0 0.96142578125 0.5732421875 0.0771484375 0.107421875
0 0.966796875 0.67431640625 0.06640625 0.1005859375