0 0.08642578125 0.50341796875 0.033203125 0.0341796875
0 0.1181640625 0.5078125 0.0302734375 0.025390625
0 0.083984375 0.5380859375 0.03466796875 0.025390625
0 0.115234375 0.5380859375 0.033203125 0.025390625
0 0.4228515625 0.5 0.033203125 0.03662109375
0 0.455078125 0.50439453125 0.02880859375 0.0322265625
0 0.42333984375 0.5380859375 0.03466796875 0.02978515625
0 0.45703125 0.53564453125 0.03466796875 0.025390625
0 0.54296875 0.50341796875 0.03173828125 0.0341796875
0 0.578125 0.50244140625 0.041015625 0.0322265625
0 0.546875 0.53564453125 0.0361328125 0.025390625
0 0.57275390625 0.53564453125 0.01806640625 0.0205078125
0 0.84765625 0.49755859375 0.03466796875 0.0322265625
0 0.88623046875 0.4990234375 0.03955078125 0.0341796875
0 0.8623046875 0.53076171875 0.0361328125 0.025390625
0 0.8876953125 0.533203125 0.01806640625 0.025390625