0 0.5849609375 0.30126953125 0.04150390625 0.03857421875
0 0.63720703125 0.30029296875 0.05419921875 0.04541015625
0 0.685546875 0.30029296875 0.0400390625 0.041015625
0 0.7216796875 0.3046875 0.02880859375 0.041015625
0 0.587890625 0.408203125 0.03271484375 0.0322265625
0 0.578125 0.42919921875 0.03125 0.0205078125
0 0.15625 0.484375 0.18994140625 0.06689453125
0 0.3095703125 0.46826171875 0.1005859375 0.03125
0 0.310546875 0.50341796875 0.1064453125 0.029296875
0 0.16162109375 0.58984375 0.173828125 0.068359375
0 0.30615234375 0.57568359375 0.10400390625 0.03173828125
0 0.30615234375 0.611328125 0.1064453125 0.02978515625
0 0.23681640625 0.68701171875 0.24609375 0.1240234375
0 0.0947265625 0.77294921875 0.06884765625 0.037109375
0 0.2333984375 0.78515625 0.19140625 0.037109375
0 0.13525390625 0.833984375 0.21044921875 0.0751953125
0 0.3037109375 0.82470703125 0.10546875 0.0341796875
0 0.30517578125 0.86083984375 0.10888671875 0.033203125
0 0.0146484375 0.91015625 0.029296875 0.02734375
0 0.07373046875 0.91259765625 0.056640625 0.02587890625
0 0.14306640625 0.91552734375 0.068359375 0.02685546875
0 0.22412109375 0.9189453125 0.06298828125 0.02490234375
0 0.74755859375 0.53369140625 0.01904296875 0.02001953125
0 0.75146484375 0.552734375 0.02978515625 0.06103515625
0 0.8193359375 0.4853515625 0.03515625 0.0234375
0 0.8505859375 0.482421875 0.0244140625 0.025390625
0 0.8798828125 0.4736328125 0.04296875 0.025390625
0 0.91357421875 0.4736328125 0.0224609375 0.025390625
0 0.92822265625 0.470703125 0.0087890625 0.0234375
0 0.5146484375 0.8583984375 0.08251953125 0.02685546875
0 0.42333984375 0.92041015625 0.08349609375 0.02880859375
0 0.51220703125 0.91943359375 0.087890625 0.03076171875
0 0.5595703125 0.9169921875 0.013671875 0.02880859375