0 0.806640625 0.0830078125 0.0400390625 0.0654296875
0 0.85791015625 0.0849609375 0.06201171875 0.07666015625
0 0.07373046875 0.76953125 0.0595703125 0.03662109375
0 0.53369140625 0.42919921875 0.0087890625 0.0185546875
0 0.54541015625 0.427734375 0.015625 0.0205078125
0 0.63427734375 0.5673828125 0.02392578125 0.02001953125
0 0.64208984375 0.61572265625 0.0703125 0.08203125
0 0.638671875 0.6591796875 0.01513671875 0.0146484375
0 0.64892578125 0.65478515625 0.01171875 0.0146484375
0 0.6552734375 0.65380859375 0.0048828125 0.01171875
0 0.66064453125 0.65087890625 0.01025390625 0.01318359375
0 0.62255859375 0.68408203125 0.0185546875 0.02490234375
0 0.67236328125 0.67822265625 0.013671875 0.01708984375
0 0.67626953125 0.685546875 0.0234375 0.02197265625
0 0.677734375 0.69287109375 0.00634765625 0.0087890625
0 0.68310546875 0.68896484375 0.0078125 0.00927734375
0 0.6796875 0.6611328125 0.0068359375 0.009765625
0 0.69287109375 0.6650390625 0.00634765625 0.00830078125
0 0.697265625 0.66552734375 0.00537109375 0.00732421875
0 0.70166015625 0.66455078125 0.005859375 0.0068359375
0 0.6953125 0.67431640625 0.00732421875 0.00830078125
0 0.7001953125 0.67236328125 0.00732421875 0.0087890625
0 0.705078125 0.67041015625 0.00634765625 0.0068359375
0 0.62548828125 0.6708984375 0.0068359375 0.00830078125
0 0.6298828125 0.669921875 0.005859375 0.0078125
0 0.63427734375 0.6689453125 0.005859375 0.00634765625
0 0.62939453125 0.67919921875 0.0068359375 0.00830078125
0 0.63330078125 0.67626953125 0.00634765625 0.00830078125
0 0.63720703125 0.6728515625 0.005859375 0.00634765625
0 0.6328125 0.685546875 0.00634765625 0.00830078125
0 0.6357421875 0.68212890625 0.00634765625 0.0078125
0 0.638671875 0.67822265625 0.00537109375 0.0068359375
0 0.69775390625 0.68212890625 0.0068359375 0.00830078125
0 0.70263671875 0.67919921875 0.00732421875 0.00830078125
0 0.70654296875 0.6767578125 0.00537109375 0.00732421875
0 0.70947265625 0.65771484375 0.0146484375 0.009765625
0 0.720703125 0.65869140625 0.00927734375 0.0107421875
0 0.72705078125 0.65869140625 0.00390625 0.009765625
0 0.7333984375 0.65869140625 0.00830078125 0.0107421875
0 0.7412109375 0.6826171875 0.00537109375 0.01171875
0 0.7451171875 0.68115234375 0.0068359375 0.01318359375
0 0.74072265625 0.69189453125 0.01220703125 0.0107421875
0 0.7509765625 0.68798828125 0.01025390625 0.01513671875
0 0.71923828125 0.572265625 0.02392578125 0.02197265625
0 0.72119140625 0.61669921875 0.0712890625 0.08349609375
0 0.84814453125 0.43896484375 0.0537109375 0.0595703125
0 0.91259765625 0.435546875 0.0751953125 0.052734375
0 0.9794921875 0.42333984375 0.041015625 0.0283203125
0 0.8681640625 0.47705078125 0.091796875 0.0380859375
0 0.9599609375 0.4677734375 0.080078125 0.0625
0 0.88671875 0.5283203125 0.06591796875 0.06591796875