0 0.130859375 0.20849609375 0.015625 0.025390625
0 0.11669921875 0.21142578125 0.01220703125 0.02685546875
0 0.09814453125 0.21630859375 0.02587890625 0.02392578125
0 0.0859375 0.22021484375 0.00537109375 0.01708984375
0 0.07666015625 0.22412109375 0.01953125 0.02294921875
0 0.06494140625 0.18603515625 0.013671875 0.01708984375
0 0.39599609375 0.08349609375 0.01025390625 0.00732421875
0 0.39599609375 0.0869140625 0.0087890625 0.0068359375
0 0.5654296875 0.09326171875 0.01513671875 0.0146484375
0 0.61083984375 0.017578125 0.005859375 0.005859375
0 0.6171875 0.015625 0.00830078125 0.005859375
0 0.61279296875 0.021484375 0.0078125 0.0068359375
0 0.61865234375 0.01953125 0.0048828125 0.00537109375
0 0.6015625 0.0810546875 0.013671875 0.01513671875
0 0.61572265625 0.07763671875 0.0146484375 0.01318359375
0 0.63037109375 0.07373046875 0.015625 0.0146484375
0 0.71923828125 0.0458984375 0.01513671875 0.0126953125
0 0.7666015625 0.0302734375 0.04248046875 0.02294921875
0 0.74072265625 0.03759765625 0.00537109375 0.0107421875
0 0.09130859375 0.408203125 0.02001953125 0.0234375
0 0.1123046875 0.40673828125 0.02490234375 0.02587890625
0 0.125 0.30517578125 0.0283203125 0.01611328125
0 0.17724609375 0.30859375 0.05517578125 0.046875
0 0.16748046875 0.33984375 0.0146484375 0.0205078125
0 0.1796875 0.3388671875 0.0146484375 0.01904296875
0 0.19384765625 0.3369140625 0.015625 0.0205078125
0 0.28271484375 0.4765625 0.02392578125 0.02001953125
0 0.29052734375 0.52490234375 0.0703125 0.08203125
0 0.287109375 0.568359375 0.01513671875 0.0146484375
0 0.29736328125 0.56396484375 0.01171875 0.0146484375
0 0.3037109375 0.56298828125 0.0048828125 0.01171875
0 0.30908203125 0.56005859375 0.01025390625 0.01318359375
0 0.27099609375 0.59326171875 0.0185546875 0.02490234375
0 0.32080078125 0.58740234375 0.013671875 0.01708984375
0 0.32470703125 0.5947265625 0.0234375 0.02197265625
0 0.326171875 0.60205078125 0.00634765625 0.0087890625
0 0.33154296875 0.59814453125 0.0078125 0.00927734375
0 0.328125 0.5703125 0.0068359375 0.009765625
0 0.34130859375 0.57421875 0.00634765625 0.00830078125
0 0.345703125 0.57470703125 0.00537109375 0.00732421875
0 0.35009765625 0.57373046875 0.005859375 0.0068359375
0 0.34375 0.58349609375 0.00732421875 0.00830078125
0 0.3486328125 0.58154296875 0.00732421875 0.0087890625
0 0.353515625 0.57958984375 0.00634765625 0.0068359375
0 0.27392578125 0.580078125 0.0068359375 0.00830078125
0 0.2783203125 0.5791015625 0.005859375 0.0078125
0 0.28271484375 0.578125 0.005859375 0.00634765625
0 0.27783203125 0.58837890625 0.0068359375 0.00830078125
0 0.28173828125 0.58544921875 0.00634765625 0.00830078125
0 0.28564453125 0.58203125 0.005859375 0.00634765625
0 0.28125 0.5947265625 0.00634765625 0.00830078125
0 0.2841796875 0.59130859375 0.00634765625 0.0078125
0 0.287109375 0.58740234375 0.00537109375 0.0068359375
0 0.34619140625 0.59130859375 0.0068359375 0.00830078125
0 0.35107421875 0.58837890625 0.00732421875 0.00830078125
0 0.35498046875 0.5859375 0.00537109375 0.00732421875
0 0.35791015625 0.56689453125 0.0146484375 0.009765625
0 0.369140625 0.56787109375 0.00927734375 0.0107421875
0 0.37548828125 0.56787109375 0.00390625 0.009765625
0 0.3818359375 0.56787109375 0.00830078125 0.0107421875
0 0.3896484375 0.591796875 0.00537109375 0.01171875
0 0.3935546875 0.59033203125 0.0068359375 0.01318359375
0 0.38916015625 0.60107421875 0.01220703125 0.0107421875
0 0.3994140625 0.59716796875 0.01025390625 0.01513671875
0 0.36767578125 0.4814453125 0.02392578125 0.02197265625
0 0.36962890625 0.52587890625 0.0712890625 0.08349609375
0 0.4970703125 0.322265625 0.05419921875 0.111328125
0 0.5751953125 0.265625 0.119140625 0.12109375
0 0.56103515625 0.33642578125 0.0751953125 0.06982421875
0 0.646484375 0.31640625 0.07763671875 0.06201171875
0 0.5166015625 0.38623046875 0.091796875 0.0380859375
0 0.61865234375 0.376953125 0.1005859375 0.0625
0 0.53515625 0.4375 0.06591796875 0.06591796875