0 0.11328125 0.37939453125 0.17724609375 0.0703125
0 0.296875 0.36572265625 0.185546875 0.0673828125
0 0.091796875 0.453125 0.1513671875 0.05419921875
0 0.21923828125 0.45458984375 0.10302734375 0.04248046875
0 0.333984375 0.45751953125 0.111328125 0.0498046875
0 0.04345703125 0.501953125 0.0869140625 0.048828125
0 0.1318359375 0.50341796875 0.0771484375 0.046875
0 0.2431640625 0.5048828125 0.14013671875 0.04443359375
0 0.3515625 0.5009765625 0.076171875 0.04296875
0 0.3994140625 0.18896484375 0.01953125 0.1025390625
0 0.43701171875 0.20166015625 0.0517578125 0.09716796875
0 0.48486328125 0.18408203125 0.04345703125 0.10693359375
0 0.5234375 0.18408203125 0.0302734375 0.09716796875
0 0.40869140625 0.28564453125 0.0380859375 0.0673828125
0 0.447265625 0.28271484375 0.03857421875 0.06982421875
0 0.49853515625 0.2763671875 0.0703125 0.05712890625
0 0.4111328125 0.35986328125 0.0302734375 0.0595703125
0 0.45751953125 0.3623046875 0.05859375 0.064453125
0 0.50830078125 0.349609375 0.046875 0.064453125
0 0.43701171875 0.43359375 0.0947265625 0.0703125
0 0.39453125 0.49853515625 0.009765625 0.0595703125
0 0.42138671875 0.49658203125 0.0400390625 0.0498046875
0 0.45166015625 0.48779296875 0.0234375 0.05712890625
0 0.4716796875 0.49169921875 0.0166015625 0.044921875
0 0.5048828125 0.48779296875 0.03662109375 0.04736328125
0 0.3935546875 0.55859375 0.0078125 0.064453125
0 0.40771484375 0.5625 0.0166015625 0.05224609375
0 0.43310546875 0.55517578125 0.03662109375 0.05712890625
0 0.46337890625 0.5498046875 0.0234375 0.05712890625
0 0.482421875 0.55126953125 0.01513671875 0.044921875
0 0.58984375 0.9697265625 0.099609375 0.060546875
0 0.71240234375 0.95263671875 0.1181640625 0.0947265625