0 0.3515625 0.28759765625 0.068359375 0.0576171875
0 0.42333984375 0.28564453125 0.06982421875 0.0693359375
0 0.49072265625 0.28955078125 0.060546875 0.0615234375
0 0.3994140625 0.34912109375 0.05126953125 0.04150390625
0 0.703125 0.12353515625 0.02001953125 0.02490234375
0 0.72314453125 0.12353515625 0.02001953125 0.02490234375
0 0.74267578125 0.12353515625 0.017578125 0.02490234375
0 0.7607421875 0.12353515625 0.0185546875 0.029296875
0 0.65966796875 0.2080078125 0.02099609375 0.0810546875
0 0.69384765625 0.2099609375 0.04052734375 0.0810546875
0 0.74365234375 0.21923828125 0.048828125 0.0810546875
0 0.787109375 0.22265625 0.02490234375 0.0830078125
0 0.666015625 0.41455078125 0.03564453125 0.03125
0 0.70166015625 0.41455078125 0.033203125 0.0361328125
0 0.74169921875 0.41796875 0.044921875 0.03369140625
0 0.783203125 0.41552734375 0.0341796875 0.03369140625
0 0.66064453125 0.439453125 0.0458984375 0.01953125
0 0.98193359375 0.33984375 0.0361328125 0.0859375
0 0.24267578125 0.56689453125 0.1748046875 0.08203125
0 0.42578125 0.58642578125 0.16796875 0.068359375
0 0.376953125 0.6533203125 0.1484375 0.0546875
0 0.47998046875 0.6669921875 0.0478515625 0.03662109375
0 0.56591796875 0.623046875 0.0537109375 0.060546875
0 0.7392578125 0.61083984375 0.23486328125 0.0615234375
0 0.634765625 0.65966796875 0.080078125 0.0322265625
0 0.54931640625 0.71142578125 0.0205078125 0.0302734375
0 0.66064453125 0.705078125 0.18212890625 0.03466796875
0 0.8271484375 0.705078125 0.1328125 0.0322265625
0 0.71826171875 0.76953125 0.3583984375 0.068359375
0 0.58447265625 0.84619140625 0.0908203125 0.0361328125
0 0.71533203125 0.84521484375 0.1728515625 0.03564453125
0 0.611328125 0.9072265625 0.14453125 0.06640625
0 0.79052734375 0.908203125 0.2138671875 0.06494140625
0 0.6474609375 0.9697265625 0.205078125 0.060546875