0 0.10693359375 0.044921875 0.2138671875 0.08984375
0 0.3701171875 0.052734375 0.259765625 0.10546875
0 0.0400390625 0.3203125 0.0517578125 0.02392578125
0 0.56982421875 0.25 0.1337890625 0.05078125
0 0.69970703125 0.24560546875 0.10791015625 0.046875
0 0.8203125 0.23876953125 0.11865234375 0.041015625
0 0.943359375 0.2353515625 0.11328125 0.05078125
0 0.33203125 0.97900390625 0.2265625 0.0419921875
0 0.47412109375 0.98291015625 0.0517578125 0.0341796875
0 0.54248046875 0.576171875 0.0849609375 0.060546875
0 0.6669921875 0.60009765625 0.14501953125 0.05712890625
0 0.52685546875 0.64306640625 0.0537109375 0.0830078125
0 0.6455078125 0.66455078125 0.1552734375 0.06591796875
0 0.7998046875 0.66845703125 0.11572265625 0.08203125
0 0.93115234375 0.69091796875 0.1376953125 0.0712890625