0 0.21337890625 0.1611328125 0.07861328125 0.1123046875
0 0.30322265625 0.12255859375 0.09619140625 0.115234375
0 0.216796875 0.23486328125 0.09130859375 0.09521484375
0 0.4736328125 0.24462890625 0.16796875 0.0654296875
0 0.70361328125 0.2451171875 0.2314453125 0.0615234375
0 0.46142578125 0.318359375 0.10009765625 0.0283203125
0 0.54833984375 0.318359375 0.06640625 0.0283203125
0 0.60546875 0.3193359375 0.02001953125 0.02685546875
0 0.64208984375 0.31494140625 0.041015625 0.03173828125
0 0.70703125 0.3125 0.076171875 0.03662109375
0 0.42529296875 0.38525390625 0.0712890625 0.0927734375
0 0.56201171875 0.39404296875 0.1513671875 0.06982421875
0 0.759765625 0.3916015625 0.1962890625 0.07177734375
0 0.400390625 0.46044921875 0.021484375 0.0361328125
0 0.4560546875 0.458984375 0.0712890625 0.02978515625
0 0.54150390625 0.45849609375 0.080078125 0.03857421875
0 0.6142578125 0.4541015625 0.06005859375 0.033203125
0 0.685546875 0.455078125 0.06494140625 0.03173828125
0 0.76416015625 0.4560546875 0.0751953125 0.02978515625
0 0.83154296875 0.45166015625 0.052734375 0.03173828125
0 0.90087890625 0.45166015625 0.06884765625 0.03515625
0 0.4013671875 0.49853515625 0.0234375 0.0283203125
0 0.439453125 0.4990234375 0.048828125 0.02685546875
0 0.67724609375 0.49658203125 0.0361328125 0.021484375
0 0.75927734375 0.494140625 0.125 0.0234375
0 0.87890625 0.49072265625 0.115234375 0.0234375
0 0.52978515625 0.8154296875 0.05322265625 0.041015625
0 0.5830078125 0.82470703125 0.048828125 0.04638671875
0 0.443359375 0.87060546875 0.10400390625 0.1025390625
0 0.61328125 0.90380859375 0.201171875 0.11767578125
0 0.41552734375 0.92919921875 0.03662109375 0.0341796875
0 0.67578125 0.97900390625 0.0224609375 0.021484375
0 0.72705078125 0.98583984375 0.0771484375 0.0283203125
0 0.95703125 0.90380859375 0.0859375 0.1689453125
0 0.84814453125 0.99462890625 0.0244140625 0.0107421875
0 0.87744140625 0.9970703125 0.0263671875 0.005859375
0 0.9013671875 0.99560546875 0.01953125 0.0087890625