0 0.275390625 0.02587890625 0.0859375 0.0517578125
0 0.33447265625 0.0263671875 0.0302734375 0.052734375
0 0.333984375 0.150390625 0.015625 0.041015625
0 0.3115234375 0.21728515625 0.02880859375 0.04931640625
0 0.0068359375 0.2802734375 0.013671875 0.021484375
0 0.0244140625 0.28271484375 0.02001953125 0.021484375
0 0.00341796875 0.302734375 0.0068359375 0.01953125
0 0.01318359375 0.30517578125 0.01416015625 0.01953125
0 0.0302734375 0.30419921875 0.02001953125 0.021484375
0 0.18017578125 0.52197265625 0.0517578125 0.0849609375
0 0.23388671875 0.5234375 0.0595703125 0.087890625
0 0.18115234375 0.58447265625 0.0341796875 0.05126953125
0 0.236328125 0.59619140625 0.06787109375 0.0634765625
0 0.310546875 0.56689453125 0.078125 0.1748046875
0 0.22314453125 0.671875 0.07421875 0.08740234375
0 0.2861328125 0.67919921875 0.0517578125 0.072265625
0 0.33056640625 0.689453125 0.0380859375 0.087890625
0 0.21337890625 0.77392578125 0.05810546875 0.09326171875
0 0.27734375 0.763671875 0.06982421875 0.078125
0 0.33154296875 0.7783203125 0.0361328125 0.060546875
0 0.2353515625 0.86767578125 0.10595703125 0.09326171875
0 0.31787109375 0.87744140625 0.0634765625 0.0849609375
0 0.22705078125 0.9599609375 0.0947265625 0.080078125
0 0.474609375 0.65576171875 0.25 0.2529296875
0 0.6630859375 0.71337890625 0.11865234375 0.115234375
0 0.79248046875 0.71337890625 0.1640625 0.1064453125