0 0.00634765625 0.43603515625 0.0126953125 0.0849609375
0 0.0283203125 0.44970703125 0.03369140625 0.0654296875
0 0.01953125 0.50390625 0.0390625 0.03515625
0 0.05419921875 0.52294921875 0.02734375 0.0244140625
0 0.0634765625 0.3046875 0.01611328125 0.0224609375
0 0.06787109375 0.32958984375 0.02978515625 0.03564453125
0 0.09033203125 0.341796875 0.02001953125 0.02978515625
0 0.1083984375 0.35302734375 0.0185546875 0.02978515625
0 0.23876953125 0.43505859375 0.0185546875 0.01708984375
0 0.154296875 0.17578125 0.0498046875 0.0732421875
0 0.12646484375 0.18896484375 0.0625 0.1220703125
0 0.18359375 0.255859375 0.0439453125 0.08642578125
0 0.08349609375 0.31591796875 0.02392578125 0.02978515625
0 0.7490234375 0.08447265625 0.146484375 0.1689453125
0 0.71044921875 0.28125 0.1025390625 0.208984375
0 0.80712890625 0.3095703125 0.08984375 0.185546875
0 0.16796875 0.65771484375 0.0693359375 0.021484375
0 0.21630859375 0.7802734375 0.0556640625 0.0302734375
0 0.15478515625 0.72021484375 0.03759765625 0.04638671875
0 0.044921875 0.70849609375 0.0625 0.0302734375
0 0.01025390625 0.7587890625 0.0205078125 0.0234375
0 0.01171875 0.7744140625 0.0234375 0.01953125
0 0.064453125 0.7607421875 0.09033203125 0.02685546875
0 0.1240234375 0.9111328125 0.03173828125 0.02685546875
0 0.4248046875 0.98876953125 0.033203125 0.0224609375
0 0.45556640625 0.99267578125 0.0322265625 0.0146484375
0 0.48583984375 0.99169921875 0.0322265625 0.0166015625
0 0.39990234375 0.9638671875 0.033203125 0.0322265625
0 0.43310546875 0.96142578125 0.033203125 0.0341796875
0 0.46484375 0.95947265625 0.03076171875 0.0302734375
0 0.50244140625 0.95751953125 0.04736328125 0.0302734375
0 0.3974609375 0.857421875 0.029296875 0.01953125
0 0.41845703125 0.8544921875 0.02099609375 0.021484375
0 0.43701171875 0.85546875 0.0224609375 0.01953125
0 0.4609375 0.85546875 0.02783203125 0.01953125
0 0.50244140625 0.85205078125 0.013671875 0.0234375
0 0.51513671875 0.85107421875 0.0166015625 0.02490234375
0 0.81591796875 0.59716796875 0.0830078125 0.0146484375
0 0.89794921875 0.6025390625 0.0673828125 0.025390625
0 0.951171875 0.60205078125 0.033203125 0.0244140625
0 0.69775390625 0.62255859375 0.05419921875 0.052734375
0 0.76123046875 0.634765625 0.05908203125 0.05419921875
0 0.82666015625 0.64306640625 0.06005859375 0.05078125
0 0.912109375 0.650390625 0.10302734375 0.05615234375
0 0.7041015625 0.6865234375 0.0732421875 0.0625
0 0.77490234375 0.69140625 0.05908203125 0.05615234375
0 0.8232421875 0.69580078125 0.02490234375 0.05419921875
0 0.701171875 0.75341796875 0.083984375 0.1181640625
0 0.83056640625 0.775390625 0.14599609375 0.115234375
0 0.67919921875 0.8232421875 0.03515625 0.0361328125
0 0.66455078125 0.8515625 0.0107421875 0.03125
0 0.6845703125 0.85693359375 0.02587890625 0.03125
0 0.71435546875 0.86181640625 0.0322265625 0.03759765625
0 0.748046875 0.86572265625 0.03076171875 0.02978515625
0 0.78466796875 0.8740234375 0.0419921875 0.03271484375
0 0.8271484375 0.8798828125 0.04296875 0.03759765625
0 0.87353515625 0.88916015625 0.0498046875 0.0361328125
0 0.9287109375 0.89794921875 0.05615234375 0.041015625
0 0.66357421875 0.9169921875 0.0087890625 0.03125
0 0.677734375 0.92578125 0.01611328125 0.03125
0 0.69677734375 0.92529296875 0.02197265625 0.03271484375
0 0.71875 0.92919921875 0.02001953125 0.03125
0 0.748046875 0.9375 0.0390625 0.03125
0 0.78466796875 0.9462890625 0.0322265625 0.03271484375
0 0.81884765625 0.953125 0.0390625 0.0361328125
0 0.85595703125 0.95703125 0.033203125 0.03125
0 0.89501953125 0.9677734375 0.041015625 0.03271484375
0 0.93994140625 0.97509765625 0.046875 0.041015625