0 0.28955078125 0.32470703125 0.1767578125 0.0693359375
0 0.4453125 0.31201171875 0.12890625 0.0673828125
0 0.73779296875 0.31689453125 0.0224609375 0.0244140625
0 0.73828125 0.2998046875 0.03125 0.0322265625
0 0.01220703125 0.39453125 0.0244140625 0.05859375
0 0.14306640625 0.39697265625 0.2216796875 0.0751953125
0 0.375 0.39013671875 0.169921875 0.0615234375
0 0.5947265625 0.369140625 0.169921875 0.01953125
0 0.8046875 0.37646484375 0.228515625 0.0341796875
0 0.53759765625 0.43310546875 0.0556640625 0.0615234375
0 0.5947265625 0.423828125 0.05322265625 0.05126953125
0 0.658203125 0.421875 0.06640625 0.05810546875
0 0.771484375 0.41796875 0.10791015625 0.05615234375
0 0.5478515625 0.52587890625 0.076171875 0.0478515625
0 0.65283203125 0.529296875 0.13427734375 0.05126953125
0 0.78662109375 0.5390625 0.12109375 0.04150390625
0 0.8857421875 0.5390625 0.068359375 0.03466796875
0 0.9638671875 0.53955078125 0.072265625 0.0458984375
0 0.5712890625 0.57763671875 0.0595703125 0.04296875
0 0.66162109375 0.58203125 0.1123046875 0.044921875
0 0.77490234375 0.58544921875 0.09716796875 0.0478515625
0 0.89892578125 0.5869140625 0.14306640625 0.044921875
0 0.7265625 0.65234375 0.12353515625 0.0859375
0 0.84912109375 0.662109375 0.10595703125 0.08251953125
0 0.955078125 0.66943359375 0.08984375 0.0654296875
0 0.73974609375 0.74609375 0.07080078125 0.05615234375
0 0.82177734375 0.74755859375 0.0771484375 0.0595703125
0 0.91748046875 0.74609375 0.10595703125 0.076171875