0 0.37451171875 0.01171875 0.0771484375 0.0234375
0 0.4375 0.01904296875 0.046875 0.0380859375
0 0.48095703125 0.01953125 0.0478515625 0.0390625
0 0.35107421875 0.05517578125 0.0810546875 0.06787109375
0 0.41796875 0.0595703125 0.056640625 0.06982421875
0 0.46728515625 0.07177734375 0.04443359375 0.0634765625
0 0.5126953125 0.07861328125 0.0458984375 0.05859375
0 0.3486328125 0.13720703125 0.05126953125 0.07080078125
0 0.39599609375 0.13916015625 0.046875 0.0625
0 0.4326171875 0.138671875 0.02294921875 0.05224609375
0 0.4453125 0.14111328125 0.00830078125 0.05224609375
0 0.4658203125 0.1435546875 0.0390625 0.04541015625
0 0.4873046875 0.1455078125 0.00537109375 0.04296875
0 0.50048828125 0.146484375 0.0234375 0.04345703125
0 0.513671875 0.14990234375 0.00634765625 0.01171875
0 0.5263671875 0.1484375 0.021484375 0.0458984375
0 0.39599609375 0.20068359375 0.04052734375 0.064453125
0 0.44287109375 0.20849609375 0.05517578125 0.0556640625
0 0.48974609375 0.20556640625 0.041015625 0.0615234375
0 0.40380859375 0.28369140625 0.06689453125 0.0595703125
0 0.4560546875 0.2783203125 0.04052734375 0.06689453125
0 0.5 0.28173828125 0.04931640625 0.06787109375
0 0.37255859375 0.3662109375 0.06005859375 0.0654296875
0 0.42578125 0.36328125 0.0498046875 0.06787109375
0 0.466796875 0.36376953125 0.0419921875 0.07275390625
0 0.51171875 0.349609375 0.0546875 0.0703125
0 0.39013671875 0.44873046875 0.05615234375 0.07080078125
0 0.43505859375 0.4404296875 0.0419921875 0.06982421875
0 0.46875 0.4365234375 0.02978515625 0.06201171875
0 0.49462890625 0.427734375 0.029296875 0.07080078125
0 0.5234375 0.43701171875 0.03125 0.0634765625
0 0.37353515625 0.51123046875 0.0498046875 0.0166015625
0 0.42333984375 0.50537109375 0.0537109375 0.0283203125
0 0.4716796875 0.501953125 0.041015625 0.03515625
0 0.51220703125 0.501953125 0.0419921875 0.03515625
0 0.6328125 0.0234375 0.0625 0.046875
0 0.7080078125 0.02294921875 0.08203125 0.0458984375
0 0.798828125 0.01708984375 0.091796875 0.0341796875
0 0.8984375 0.01611328125 0.09765625 0.0322265625
0 0.97509765625 0.015625 0.0498046875 0.03125
0 0.63232421875 0.0693359375 0.06640625 0.02734375
0 0.72314453125 0.0693359375 0.10888671875 0.02587890625
0 0.79345703125 0.06982421875 0.02880859375 0.02490234375
0 0.85400390625 0.06884765625 0.0869140625 0.02587890625
0 0.91943359375 0.068359375 0.04541015625 0.02490234375
0 0.9716796875 0.0673828125 0.056640625 0.0234375
0 0.4208984375 0.63427734375 0.095703125 0.09521484375
0 0.505859375 0.64208984375 0.06640625 0.1044921875
0 0.72900390625 0.99169921875 0.01025390625 0.0107421875
0 0.73974609375 0.9912109375 0.01123046875 0.01171875
0 0.9072265625 0.69287109375 0.185546875 0.1298828125
0 0.923828125 0.8466796875 0.01123046875 0.01318359375
0 0.9775390625 0.84765625 0.02783203125 0.0146484375
0 0.99609375 0.84765625 0.0078125 0.013671875