0 0.44775390625 0.03857421875 0.1005859375 0.0771484375
0 0.6201171875 0.18994140625 0.181640625 0.1982421875
0 0.3037109375 0.689453125 0.08154296875 0.04638671875
0 0.373046875 0.68017578125 0.078125 0.0419921875
0 0.42578125 0.67431640625 0.0478515625 0.03955078125
0 0.28271484375 0.72900390625 0.060546875 0.04638671875
0 0.33251953125 0.724609375 0.03564453125 0.037109375
0 0.6240234375 0.33251953125 0.16748046875 0.08642578125
0 0.7978515625 0.34033203125 0.14990234375 0.0849609375
0 0.9423828125 0.359375 0.115234375 0.080078125
0 0.5791015625 0.46484375 0.099609375 0.111328125
0 0.71875 0.4853515625 0.169921875 0.0849609375
0 0.8515625 0.482421875 0.08740234375 0.103515625
0 0.94140625 0.494140625 0.08740234375 0.11669921875
0 0.67138671875 0.61865234375 0.177734375 0.1181640625
0 0.88720703125 0.6171875 0.2255859375 0.15625
0 0.734375 0.7216796875 0.11865234375 0.05517578125
0 0.8291015625 0.72509765625 0.06494140625 0.04150390625
0 0.89404296875 0.72265625 0.06005859375 0.056640625
0 0.94091796875 0.7216796875 0.02880859375 0.05517578125
0 0.97265625 0.73193359375 0.0224609375 0.03857421875
0 0.9931640625 0.72900390625 0.013671875 0.0498046875
0 0.54150390625 0.78271484375 0.0244140625 0.0966796875
0 0.61279296875 0.79248046875 0.10009765625 0.08642578125
0 0.69189453125 0.80419921875 0.041015625 0.0966796875
0 0.7216796875 0.80908203125 0.017578125 0.080078125
0 0.7529296875 0.7919921875 0.044921875 0.09521484375
0 0.771484375 0.830078125 0.00732421875 0.03173828125
0 0.8125 0.79833984375 0.0751953125 0.078125
0 0.85205078125 0.83349609375 0.0087890625 0.03515625
0 0.88671875 0.8076171875 0.0625 0.06689453125
0 0.92626953125 0.8134765625 0.01513671875 0.078125
0 0.9716796875 0.80859375 0.056640625 0.068359375
0 0.5771484375 0.8681640625 0.095703125 0.044921875
0 0.71142578125 0.87255859375 0.14013671875 0.0498046875
0 0.84326171875 0.876953125 0.10107421875 0.04833984375
0 0.94921875 0.8798828125 0.08984375 0.03857421875
0 0.5615234375 0.91796875 0.064453125 0.0390625
0 0.625 0.91748046875 0.0498046875 0.0400390625
0 0.67138671875 0.91845703125 0.03515625 0.044921875
0 0.7177734375 0.9228515625 0.04736328125 0.046875
0 0.771484375 0.919921875 0.052734375 0.04150390625
0 0.83984375 0.92333984375 0.0810546875 0.04833984375
0 0.916015625 0.92578125 0.06396484375 0.0400390625
0 0.970703125 0.92578125 0.0361328125 0.0400390625
0 0.56005859375 0.95263671875 0.04736328125 0.033203125
0 0.67822265625 0.95361328125 0.17138671875 0.03515625
0 0.8779296875 0.95947265625 0.169921875 0.02978515625