0 0.31201171875 0.107421875 0.1142578125 0.07421875
0 0.2978515625 0.228515625 0.142578125 0.171875
0 0.3134765625 0.357421875 0.111328125 0.07421875
0 0.55810546875 0.16357421875 0.158203125 0.14111328125
0 0.72998046875 0.13427734375 0.1396484375 0.13818359375
0 0.87890625 0.173828125 0.1376953125 0.14990234375
0 0.3408203125 0.44775390625 0.056640625 0.0498046875
0 0.33935546875 0.490234375 0.0595703125 0.06640625
0 0.34130859375 0.537109375 0.0556640625 0.076171875
0 0.267578125 0.71533203125 0.04052734375 0.0244140625
0 0.31982421875 0.712890625 0.0615234375 0.02880859375
0 0.3505859375 0.73291015625 0.02783203125 0.015625
0 0.365234375 0.73193359375 0.0078125 0.0205078125
0 0.33740234375 0.76318359375 0.0166015625 0.015625
0 0.35498046875 0.76416015625 0.01953125 0.017578125
0 0.4560546875 0.44140625 0.03759765625 0.01953125
0 0.45703125 0.47021484375 0.07763671875 0.02978515625
0 0.3994140625 0.49853515625 0.029296875 0.02294921875
0 0.43115234375 0.5009765625 0.03466796875 0.0234375
0 0.47265625 0.501953125 0.048828125 0.025390625
0 0.51416015625 0.50048828125 0.033203125 0.02197265625
0 0.40283203125 0.54345703125 0.0673828125 0.0654296875
0 0.4892578125 0.55419921875 0.09130859375 0.05126953125
0 0.58447265625 0.55224609375 0.09033203125 0.05029296875
0 0.48046875 0.67724609375 0.21875 0.17431640625
0 0.4296875 0.80859375 0.1083984375 0.05810546875
0 0.52685546875 0.79638671875 0.07470703125 0.05126953125
0 0.57958984375 0.7880859375 0.029296875 0.04052734375
0 0.6298828125 0.78466796875 0.06298828125 0.05126953125
0 0.392578125 0.87255859375 0.046875 0.0654296875
0 0.4501953125 0.86572265625 0.05859375 0.05908203125
0 0.52392578125 0.85205078125 0.07861328125 0.0556640625
0 0.5986328125 0.8466796875 0.0673828125 0.0556640625
0 0.76806640625 0.4326171875 0.0888671875 0.025390625
0 0.8466796875 0.43701171875 0.064453125 0.0341796875
0 0.91552734375 0.4384765625 0.0712890625 0.033203125
0 0.9716796875 0.44580078125 0.03857421875 0.03076171875
0 0.70263671875 0.46875 0.072265625 0.04150390625
0 0.78125 0.47314453125 0.07763671875 0.0390625
0 0.84716796875 0.47607421875 0.05126953125 0.04052734375
0 0.89794921875 0.478515625 0.0458984375 0.037109375
0 0.93798828125 0.47900390625 0.03125 0.0341796875
0 0.9755859375 0.48095703125 0.0439453125 0.0283203125
0 0.73974609375 0.5126953125 0.0419921875 0.0361328125
0 0.80810546875 0.51513671875 0.08740234375 0.03857421875
0 0.876953125 0.51904296875 0.0458984375 0.03173828125
0 0.9326171875 0.521484375 0.060546875 0.02978515625
0 0.97998046875 0.525390625 0.0400390625 0.0390625