0 0.1162109375 0.2197265625 0.232421875 0.197265625
0 0.869140625 0.0439453125 0.06494140625 0.04833984375
0 0.92529296875 0.04248046875 0.0576171875 0.06689453125
0 0.85791015625 0.103515625 0.052734375 0.0556640625
0 0.9052734375 0.107421875 0.04736328125 0.0556640625
0 0.1513671875 0.50390625 0.302734375 0.087890625
0 0.0458984375 0.54541015625 0.091796875 0.0673828125
0 0.12451171875 0.55615234375 0.0810546875 0.0595703125
0 0.0556640625 0.61083984375 0.111328125 0.0498046875
0 0.2978515625 0.75927734375 0.123046875 0.0771484375
0 0.2548828125 0.84814453125 0.0888671875 0.04052734375
0 0.326171875 0.84912109375 0.05322265625 0.0419921875
0 0.501953125 0.55419921875 0.18310546875 0.06982421875
0 0.47119140625 0.595703125 0.064453125 0.0166015625
0 0.51806640625 0.60009765625 0.03173828125 0.02490234375
0 0.56201171875 0.60009765625 0.05029296875 0.0283203125
0 0.74658203125 0.59423828125 0.29638671875 0.2099609375
0 0.947265625 0.5888671875 0.10546875 0.22265625
0 0.44384765625 0.72900390625 0.03173828125 0.03662109375
0 0.47314453125 0.7275390625 0.033203125 0.033203125
0 0.5185546875 0.72998046875 0.05517578125 0.0283203125
0 0.5693359375 0.7314453125 0.048828125 0.03173828125
0 0.6142578125 0.73095703125 0.03466796875 0.02685546875
0 0.6591796875 0.7333984375 0.05517578125 0.03173828125
0 0.71484375 0.734375 0.06005859375 0.02685546875
0 0.7734375 0.734375 0.025390625 0.02978515625
0 0.87255859375 0.732421875 0.0283203125 0.0234375
0 0.90283203125 0.7333984375 0.03466796875 0.02490234375
0 0.93994140625 0.7373046875 0.03955078125 0.02978515625
0 0.8017578125 0.732421875 0.03466796875 0.0234375
0 0.837890625 0.7373046875 0.041015625 0.02978515625
0 0.75390625 0.732421875 0.017578125 0.02685546875