0 0.0234375 0.0830078125 0.046875 0.099609375
0 0.12548828125 0.09130859375 0.14013671875 0.115234375
0 0.17529296875 0.28955078125 0.2080078125 0.2275390625
0 0.38427734375 0.17529296875 0.06640625 0.03662109375
0 0.4873046875 0.171875 0.1298828125 0.046875
0 0.59765625 0.16845703125 0.07763671875 0.0498046875
0 0.68505859375 0.1650390625 0.08740234375 0.046875
0 0.77294921875 0.1591796875 0.076171875 0.044921875
0 0.87158203125 0.15771484375 0.10107421875 0.04833984375
0 0.5078125 0.24609375 0.38134765625 0.11181640625
0 0.09716796875 0.8310546875 0.1943359375 0.337890625
0 0.240234375 0.82958984375 0.078125 0.3408203125
0 0.34033203125 0.61083984375 0.025390625 0.03173828125
0 0.38525390625 0.60986328125 0.0556640625 0.02392578125
0 0.43408203125 0.61083984375 0.03515625 0.02685546875
0 0.46484375 0.61328125 0.01953125 0.021484375
0 0.4921875 0.611328125 0.0263671875 0.029296875
0 0.52685546875 0.61181640625 0.03271484375 0.02490234375
0 0.56982421875 0.61328125 0.04296875 0.0224609375
0 0.6162109375 0.6162109375 0.048828125 0.02685546875
0 0.66650390625 0.6162109375 0.0419921875 0.02685546875
0 0.70654296875 0.61328125 0.02734375 0.03076171875
0 0.74365234375 0.61279296875 0.03759765625 0.02685546875
0 0.78662109375 0.61181640625 0.03955078125 0.0234375
0 0.83056640625 0.61328125 0.04296875 0.021484375
0 0.94775390625 0.61572265625 0.03076171875 0.0224609375
0 0.98193359375 0.615234375 0.0361328125 0.025390625
0 0.3291015625 0.712890625 0.05615234375 0.04248046875
0 0.38232421875 0.7099609375 0.03955078125 0.05078125
0 0.43212890625 0.708984375 0.05078125 0.052734375
0 0.4794921875 0.71240234375 0.03857421875 0.0556640625
0 0.5166015625 0.71142578125 0.02880859375 0.052734375
0 0.5498046875 0.71435546875 0.03076171875 0.06005859375
0 0.33935546875 0.81787109375 0.1201171875 0.0830078125
0 0.4423828125 0.81103515625 0.04296875 0.068359375
0 0.5283203125 0.7958984375 0.083984375 0.11328125
0 0.32470703125 0.888671875 0.0908203125 0.041015625
0 0.4619140625 0.8896484375 0.03076171875 0.015625
0 0.505859375 0.892578125 0.0537109375 0.021484375