0 0.05322265625 0.8515625 0.1064453125 0.087890625
0 0.04833984375 0.9765625 0.0966796875 0.046875
0 0.1953125 0.83447265625 0.083984375 0.08349609375
0 0.2685546875 0.83935546875 0.05517578125 0.0634765625
0 0.33740234375 0.8203125 0.052734375 0.09814453125
0 0.44140625 0.80810546875 0.13671875 0.1220703125
0 0.2060546875 0.91357421875 0.10009765625 0.05517578125
0 0.28173828125 0.91357421875 0.04638671875 0.04833984375
0 0.34033203125 0.90478515625 0.048828125 0.06005859375
0 0.38720703125 0.90625 0.044921875 0.05322265625
0 0.4384765625 0.912109375 0.052734375 0.05517578125
0 0.4794921875 0.90869140625 0.02978515625 0.04833984375
0 0.28759765625 0.97802734375 0.0712890625 0.0439453125
0 0.3603515625 0.97314453125 0.0703125 0.0537109375
0 0.44091796875 0.97705078125 0.0849609375 0.044921875
0 0.66552734375 0.80029296875 0.09765625 0.09521484375
0 0.75927734375 0.76025390625 0.08251953125 0.08837890625
0 0.85400390625 0.72021484375 0.09228515625 0.11181640625
0 0.68798828125 0.91455078125 0.115234375 0.11328125
0 0.80322265625 0.86767578125 0.0986328125 0.103515625
0 0.73583984375 0.99560546875 0.0244140625 0.0087890625
0 0.77587890625 0.98876953125 0.0556640625 0.0224609375
0 0.8212890625 0.98388671875 0.029296875 0.0322265625
0 0.85498046875 0.9794921875 0.0380859375 0.041015625