0 0.1748046875 0.244140625 0.04736328125 0.021484375
0 0.21240234375 0.2431640625 0.02490234375 0.0234375
0 0.2451171875 0.24853515625 0.03271484375 0.033203125
0 0.28125 0.2490234375 0.03515625 0.0283203125
0 0.14453125 0.2666015625 0.03369140625 0.0234375
0 0.1669921875 0.267578125 0.0087890625 0.00830078125
0 0.1826171875 0.27001953125 0.02490234375 0.02685546875
0 0.224609375 0.27490234375 0.05615234375 0.02978515625
0 0.27490234375 0.27587890625 0.044921875 0.02490234375
0 0.31396484375 0.27490234375 0.02978515625 0.02978515625
0 0.26123046875 0.32568359375 0.21240234375 0.091796875
0 0.44580078125 0.333984375 0.13134765625 0.08837890625
0 0.58251953125 0.34814453125 0.10498046875 0.06689453125
0 0.689453125 0.3583984375 0.07373046875 0.06982421875
0 0.79736328125 0.369140625 0.12744140625 0.0849609375
0 0.384765625 0.46142578125 0.40771484375 0.203125
0 0.7119140625 0.484375 0.201171875 0.16845703125
0 0.1494140625 0.591796875 0.0361328125 0.03662109375
0 0.1806640625 0.591796875 0.0263671875 0.046875
0 0.21826171875 0.5966796875 0.04638671875 0.0400390625
0 0.263671875 0.59521484375 0.03759765625 0.04345703125
0 0.2861328125 0.60107421875 0.0126953125 0.01513671875
0 0.30322265625 0.595703125 0.03125 0.04150390625
0 0.33935546875 0.603515625 0.03369140625 0.0498046875
0 0.375 0.60009765625 0.03515625 0.04345703125
0 0.39892578125 0.6064453125 0.00732421875 0.01318359375
0 0.4287109375 0.60595703125 0.05517578125 0.044921875
0 0.484375 0.6064453125 0.04638671875 0.03662109375
0 0.52294921875 0.60595703125 0.0263671875 0.03857421875
0 0.54248046875 0.61083984375 0.009765625 0.01513671875
0 0.56396484375 0.6064453125 0.04248046875 0.0400390625
0 0.60986328125 0.60986328125 0.0400390625 0.033203125
0 0.65380859375 0.61328125 0.044921875 0.03662109375
0 0.744140625 0.61767578125 0.02392578125 0.03173828125
0 0.7841796875 0.619140625 0.0439453125 0.03173828125
0 0.84521484375 0.6201171875 0.06494140625 0.033203125
0 0.134765625 0.8857421875 0.05517578125 0.0517578125
0 0.2314453125 0.8876953125 0.1201171875 0.06494140625
0 0.03515625 0.884765625 0.052734375 0.046875
0 0.04248046875 0.9541015625 0.0625 0.08154296875
0 0.22265625 0.9560546875 0.20751953125 0.0849609375