0 0.16015625 0.1376953125 0.19873046875 0.0751953125
0 0.1455078125 0.29736328125 0.18994140625 0.2451171875
0 0.3349609375 0.2626953125 0.19873046875 0.26171875
0 0.23046875 0.4296875 0.09375 0.060546875
0 0.3505859375 0.42138671875 0.1484375 0.0771484375
0 0.5927734375 0.15185546875 0.07861328125 0.0986328125
0 0.70654296875 0.16162109375 0.13330078125 0.1015625
0 0.8212890625 0.171875 0.07666015625 0.0869140625
0 0.89453125 0.171875 0.06689453125 0.0810546875
0 0.60888671875 0.3134765625 0.1591796875 0.21484375
0 0.828125 0.34423828125 0.2353515625 0.1591796875
0 0.0576171875 0.775390625 0.115234375 0.119140625
0 0.2783203125 0.7578125 0.271484375 0.14599609375
0 0.50390625 0.7060546875 0.05078125 0.04296875
0 0.50634765625 0.74267578125 0.0458984375 0.0361328125
0 0.71240234375 0.466796875 0.0673828125 0.013671875
0 0.88037109375 0.46728515625 0.2392578125 0.0146484375
0 0.638671875 0.71533203125 0.21875 0.1220703125