0 0.32421875 0.078125 0.0859375 0.03662109375
0 0.3876953125 0.080078125 0.04443359375 0.02490234375
0 0.45166015625 0.080078125 0.08056640625 0.02490234375
0 0.517578125 0.07958984375 0.04296875 0.0263671875
0 0.30615234375 0.10986328125 0.0390625 0.0185546875
0 0.35400390625 0.11181640625 0.048828125 0.02197265625
0 0.38525390625 0.10986328125 0.013671875 0.02099609375
0 0.39990234375 0.11279296875 0.0126953125 0.00927734375
0 0.42138671875 0.10888671875 0.02783203125 0.02294921875
0 0.4560546875 0.10986328125 0.0390625 0.0166015625
0 0.48291015625 0.11181640625 0.0126953125 0.00732421875
0 0.5009765625 0.1083984375 0.01806640625 0.02001953125
0 0.52392578125 0.10888671875 0.0302734375 0.0185546875
0 0.30517578125 0.13134765625 0.0400390625 0.017578125
0 0.39208984375 0.13134765625 0.1279296875 0.015625
0 0.4638671875 0.134765625 0.01513671875 0.00732421875
0 0.5009765625 0.130859375 0.05712890625 0.0166015625
0 0.3251953125 0.15478515625 0.08056640625 0.0166015625
0 0.4345703125 0.154296875 0.12939453125 0.02001953125
0 0.89111328125 0.11181640625 0.2177734375 0.1162109375
0 0.13671875 0.3525390625 0.17333984375 0.17919921875
0 0.35009765625 0.4189453125 0.232421875 0.16552734375
0 0.046875 0.49658203125 0.03857421875 0.02734375
0 0.07861328125 0.501953125 0.02880859375 0.02734375
0 0.1181640625 0.50732421875 0.046875 0.02734375
0 0.5595703125 0.69580078125 0.041015625 0.2353515625
0 0.61279296875 0.7041015625 0.1181640625 0.23291015625