0 0.17138671875 0.03662109375 0.0908203125 0.0732421875
0 0.21142578125 0.4541015625 0.06640625 0.078125
0 0.3193359375 0.4599609375 0.11279296875 0.09033203125
0 0.4111328125 0.451171875 0.037109375 0.080078125
0 0.31884765625 0.625 0.0234375 0.078125
0 0.35009765625 0.62158203125 0.04150390625 0.09765625
0 0.38671875 0.59521484375 0.0341796875 0.09912109375
0 0.4140625 0.5712890625 0.02685546875 0.0810546875
0 0.427734375 0.55859375 0.00390625 0.09375
0 0.55126953125 0.44921875 0.06640625 0.06494140625
0 0.67578125 0.45654296875 0.16748046875 0.08642578125
0 0.849609375 0.46435546875 0.14990234375 0.0849609375
0 0.96826171875 0.4833984375 0.0634765625 0.080078125
0 0.4814453125 0.5810546875 0.103515625 0.11328125
0 0.61083984375 0.58935546875 0.14013671875 0.11181640625
0 0.7705078125 0.609375 0.169921875 0.0849609375
0 0.9033203125 0.6064453125 0.08740234375 0.103515625
0 0.974609375 0.61767578125 0.05078125 0.1162109375
0 0.72314453125 0.74267578125 0.177734375 0.1181640625
0 0.9130859375 0.7412109375 0.173828125 0.15625
0 0.7861328125 0.845703125 0.11865234375 0.05517578125
0 0.880859375 0.84912109375 0.06494140625 0.04150390625
0 0.94580078125 0.8466796875 0.06005859375 0.056640625
0 0.98876953125 0.84521484375 0.0224609375 0.0556640625
0 0.44775390625 0.9072265625 0.0361328125 0.091796875
0 0.50439453125 0.91064453125 0.0576171875 0.0849609375
0 0.57470703125 0.90673828125 0.0625 0.0966796875
0 0.66455078125 0.91650390625 0.10009765625 0.08642578125
0 0.74365234375 0.92822265625 0.041015625 0.0966796875
0 0.7734375 0.93310546875 0.017578125 0.080078125
0 0.8046875 0.916015625 0.044921875 0.09521484375
0 0.8232421875 0.9541015625 0.00732421875 0.03173828125
0 0.8642578125 0.92236328125 0.0751953125 0.078125
0 0.90380859375 0.95751953125 0.0087890625 0.03515625
0 0.9384765625 0.931640625 0.0625 0.06689453125
0 0.97802734375 0.9375 0.01513671875 0.078125
0 0.61328125 0.98486328125 0.126953125 0.0302734375
0 0.7626953125 0.98583984375 0.140625 0.0283203125
0 0.89453125 0.98828125 0.1015625 0.0234375