0 0.21484375 0.30517578125 0.07763671875 0.1533203125
0 0.2880859375 0.30419921875 0.05859375 0.15185546875
0 0.3525390625 0.32177734375 0.0673828125 0.1201171875
0 0.3994140625 0.34765625 0.021484375 0.03515625
0 0.46142578125 0.33935546875 0.10009765625 0.1416015625
0 0.56396484375 0.37158203125 0.09228515625 0.146484375
0 0.2763671875 0.49072265625 0.20263671875 0.20166015625
0 0.50244140625 0.517578125 0.2373046875 0.2216796875
0 0.73828125 0.36572265625 0.0537109375 0.044921875
0 0.71142578125 0.40771484375 0.09228515625 0.06494140625
0 0.70166015625 0.6416015625 0.0712890625 0.1064453125
0 0.7861328125 0.64013671875 0.09521484375 0.1298828125
0 0.70263671875 0.73095703125 0.04736328125 0.03515625
0 0.7412109375 0.734375 0.02978515625 0.02490234375
0 0.767578125 0.734375 0.0224609375 0.03173828125
0 0.78564453125 0.732421875 0.01611328125 0.02490234375
0 0.798828125 0.7333984375 0.01513671875 0.0234375
0 0.81396484375 0.732421875 0.01513671875 0.0283203125
0 0.70458984375 0.76513671875 0.02880859375 0.033203125
0 0.72509765625 0.76904296875 0.009765625 0.01171875
0 0.75146484375 0.7666015625 0.04248046875 0.02978515625
0 0.79248046875 0.771484375 0.0400390625 0.033203125
0 0.67626953125 0.81689453125 0.0224609375 0.0166015625
0 0.701171875 0.81689453125 0.017578125 0.0166015625
0 0.72265625 0.8173828125 0.0224609375 0.01513671875
0 0.68994140625 0.8173828125 0.0048828125 0.00830078125
0 0.7373046875 0.8193359375 0.00732421875 0.00830078125
0 0.74853515625 0.818359375 0.02001953125 0.0166015625
0 0.77001953125 0.818359375 0.0224609375 0.0166015625
0 0.7841796875 0.82080078125 0.00634765625 0.00830078125
0 0.798828125 0.8193359375 0.0224609375 0.01513671875
0 0.81689453125 0.82080078125 0.013671875 0.0185546875
0 0.8251953125 0.82421875 0.0048828125 0.00830078125
0 0.8330078125 0.82080078125 0.013671875 0.01513671875
0 0.6962890625 0.8349609375 0.01513671875 0.0166015625
0 0.732421875 0.8349609375 0.05517578125 0.0166015625
0 0.791015625 0.83642578125 0.052734375 0.0166015625