0 0.65380859375 0.23828125 0.08447265625 0.15283203125
0 0.73046875 0.24853515625 0.05126953125 0.12060546875
0 0.8115234375 0.24169921875 0.09130859375 0.14697265625
0 0.80615234375 0.40966796875 0.1142578125 0.0400390625
0 0.92724609375 0.412109375 0.1142578125 0.044921875
0 0.74951171875 0.54248046875 0.20751953125 0.21826171875
0 0.9345703125 0.57763671875 0.130859375 0.1416015625
0 0.71728515625 0.72802734375 0.1201171875 0.12353515625
0 0.85498046875 0.72412109375 0.138671875 0.12158203125
0 0.96630859375 0.7109375 0.0673828125 0.099609375
0 0.72412109375 0.830078125 0.1162109375 0.08642578125
0 0.86962890625 0.82421875 0.13232421875 0.08154296875
0 0.9716796875 0.8125 0.056640625 0.091796875
0 0.6884765625 0.92578125 0.06494140625 0.08837890625
0 0.771484375 0.9208984375 0.0986328125 0.08837890625
0 0.865234375 0.91845703125 0.0810546875 0.09326171875
0 0.96826171875 0.91015625 0.0634765625 0.09765625
0 0.921875 0.92919921875 0.02490234375 0.0517578125
0 0.6923828125 0.98779296875 0.060546875 0.0244140625
0 0.833984375 0.9853515625 0.078125 0.029296875
0 0.91650390625 0.98388671875 0.0830078125 0.0322265625