0 0.005859375 0.11181640625 0.01171875 0.0185546875
0 0.0390625 0.099609375 0.05615234375 0.080078125
0 0.11328125 0.09521484375 0.072265625 0.08154296875
0 0.1611328125 0.10693359375 0.01513671875 0.021484375
0 0.20361328125 0.09033203125 0.080078125 0.08154296875
0 0.2568359375 0.103515625 0.01611328125 0.0185546875
0 0.29150390625 0.087890625 0.0537109375 0.08349609375
0 0.36474609375 0.08349609375 0.08251953125 0.091796875
0 0.4453125 0.07373046875 0.068359375 0.0927734375
0 0.40625 0.16455078125 0.08984375 0.06005859375
0 0.4658203125 0.16748046875 0.02734375 0.0498046875
0 0.5048828125 0.26904296875 0.05078125 0.0517578125
0 0.58642578125 0.26513671875 0.10205078125 0.0634765625
0 0.48876953125 0.34716796875 0.0185546875 0.0595703125
0 0.5458984375 0.349609375 0.0859375 0.0634765625
0 0.6279296875 0.3525390625 0.0703125 0.0625
0 0.5302734375 0.42138671875 0.06787109375 0.068359375
0 0.36376953125 0.81494140625 0.01025390625 0.01513671875
0 0.83642578125 0.67431640625 0.3271484375 0.0498046875
0 0.8388671875 0.79833984375 0.16015625 0.16162109375