0 0.087890625 0.05712890625 0.11328125 0.1142578125
0 0.60400390625 0.263671875 0.1875 0.1025390625
0 0.51513671875 0.38134765625 0.1142578125 0.0771484375
0 0.61669921875 0.3740234375 0.1005859375 0.091796875
0 0.72119140625 0.36474609375 0.1083984375 0.1103515625
0 0.234375 0.50537109375 0.23779296875 0.140625
0 0.38037109375 0.5 0.0576171875 0.16015625
0 0.19189453125 0.62060546875 0.1015625 0.07666015625
0 0.275390625 0.61962890625 0.0576171875 0.08154296875
0 0.341796875 0.6259765625 0.07373046875 0.07177734375
0 0.39306640625 0.623046875 0.0322265625 0.076171875
0 0.16015625 0.72021484375 0.07470703125 0.06396484375
0 0.23828125 0.7080078125 0.08203125 0.0947265625
0 0.33544921875 0.712890625 0.1064453125 0.09130859375
0 0.3974609375 0.71044921875 0.0234375 0.0908203125
0 0.11572265625 0.791015625 0.04541015625 0.0390625
0 0.234375 0.7880859375 0.18359375 0.0458984375
0 0.3359375 0.79296875 0.01708984375 0.01953125
0 0.76171875 0.427734375 0.052734375 0.015625
0 0.76806640625 0.5087890625 0.2685546875 0.0986328125
0 0.7021484375 0.60205078125 0.19775390625 0.07421875
0 0.873046875 0.5966796875 0.11669921875 0.0654296875
0 0.71484375 0.6787109375 0.11865234375 0.0458984375
0 0.85107421875 0.66845703125 0.0771484375 0.05078125
0 0.6923828125 0.73681640625 0.140625 0.0390625