0 0.013671875 0.2919921875 0.0244140625 0.02978515625
0 0.0927734375 0.2705078125 0.04541015625 0.02294921875
0 0.11669921875 0.41259765625 0.07568359375 0.05224609375
0 0.16943359375 0.4423828125 0.0673828125 0.013671875
0 0.234375 0.33154296875 0.02880859375 0.03173828125
0 0.2548828125 0.32958984375 0.01220703125 0.0361328125
0 0.23583984375 0.37353515625 0.02587890625 0.03857421875
0 0.25390625 0.3759765625 0.013671875 0.03857421875
0 0.2294921875 0.416015625 0.01953125 0.041015625
0 0.25146484375 0.416015625 0.0244140625 0.0361328125
0 0.2099609375 0.0283203125 0.068359375 0.0478515625
0 0.25146484375 0.03759765625 0.01513671875 0.0341796875
0 0.314453125 0.05322265625 0.041015625 0.02978515625
0 0.2783203125 0.08642578125 0.03173828125 0.12255859375
0 0.224609375 0.091796875 0.09716796875 0.10205078125
0 0.30908203125 0.10791015625 0.04833984375 0.09326171875
0 0.06689453125 0.15673828125 0.01806640625 0.02294921875
0 0.0830078125 0.1591796875 0.013671875 0.02294921875
0 0.095703125 0.1591796875 0.01513671875 0.02734375
0 0.119140625 0.16357421875 0.03173828125 0.02734375
0 0.14697265625 0.16455078125 0.0244140625 0.02978515625
0 0.36767578125 0.1884765625 0.0166015625 0.02294921875
0 0.44873046875 0.17578125 0.0302734375 0.03857421875
0 0.47119140625 0.17919921875 0.0166015625 0.0361328125
0 0.4609375 0.11474609375 0.01513671875 0.02490234375
0 0.96923828125 0.09912109375 0.0615234375 0.1982421875
0 0.24169921875 0.51123046875 0.0947265625 0.10693359375
0 0.38623046875 0.51416015625 0.169921875 0.0986328125
0 0.20166015625 0.6240234375 0.1220703125 0.08740234375
0 0.33154296875 0.640625 0.10205078125 0.08203125
0 0.4404296875 0.626953125 0.078125 0.0859375
0 0.58984375 0.94921875 0.212890625 0.1015625