0 0.10009765625 0.0751953125 0.08984375 0.1181640625
0 0.1826171875 0.0810546875 0.06982421875 0.1064453125
0 0.259765625 0.0654296875 0.080078125 0.11181640625
0 0.3447265625 0.0556640625 0.080078125 0.111328125
0 0.4052734375 0.0556640625 0.029296875 0.109375
0 0.2216796875 0.20166015625 0.083984375 0.115234375
0 0.32373046875 0.20263671875 0.107421875 0.1201171875
0 0.40185546875 0.1953125 0.0361328125 0.109375
0 0.166015625 0.177734375 0.02490234375 0.02978515625
0 0.09326171875 0.33203125 0.0888671875 0.11181640625
0 0.1875 0.3369140625 0.08984375 0.13818359375
0 0.29248046875 0.33935546875 0.1123046875 0.1201171875
0 0.38671875 0.33447265625 0.06640625 0.1376953125
0 0.49609375 0.02099609375 0.125 0.0419921875
0 0.66845703125 0.11181640625 0.06689453125 0.04638671875
0 0.703125 0.11181640625 0.00537109375 0.029296875
0 0.74609375 0.10791015625 0.08349609375 0.04638671875
0 0.9052734375 0.0908203125 0.029296875 0.07958984375
0 0.95166015625 0.08447265625 0.06689453125 0.09228515625
0 0.5361328125 0.8125 0.04150390625 0.021484375
0 0.55810546875 0.6611328125 0.06005859375 0.03125
0 0.60888671875 0.671875 0.046875 0.025390625
0 0.64404296875 0.6767578125 0.02880859375 0.0234375
0 0.67138671875 0.6826171875 0.03125 0.0234375
0 0.70654296875 0.6904296875 0.0390625 0.01953125
0 0.57373046875 0.6865234375 0.06005859375 0.03125
0 0.63525390625 0.6962890625 0.06787109375 0.03125
0 0.69091796875 0.7060546875 0.04443359375 0.0234375
0 0.51123046875 0.71484375 0.04931640625 0.041015625
0 0.55322265625 0.7216796875 0.0390625 0.0390625
0 0.60888671875 0.7294921875 0.06787109375 0.04296875
0 0.65966796875 0.736328125 0.03369140625 0.037109375
0 0.7001953125 0.748046875 0.046875 0.037109375
0 0.73681640625 0.751953125 0.03125 0.029296875
0 0.52294921875 0.7587890625 0.04150390625 0.03515625
0 0.57373046875 0.763671875 0.06005859375 0.033203125
0 0.6220703125 0.7705078125 0.03662109375 0.03125
0 0.66259765625 0.7744140625 0.04443359375 0.03125
0 0.7119140625 0.7783203125 0.06005859375 0.03515625