0 0.162109375 0.1591796875 0.16796875 0.08642578125
0 0.35595703125 0.1708984375 0.2080078125 0.1015625
0 0.56689453125 0.1953125 0.22216796875 0.10791015625
0 0.1767578125 0.2646484375 0.24609375 0.1025390625
0 0.2001953125 0.3505859375 0.2880859375 0.10400390625
0 0.466796875 0.38671875 0.22998046875 0.10400390625
0 0.17822265625 0.66357421875 0.2041015625 0.08154296875
0 0.375 0.67724609375 0.18212890625 0.0771484375
0 0.23681640625 0.755859375 0.3017578125 0.1015625
0 0.49609375 0.7861328125 0.18408203125 0.091796875
0 0.2412109375 0.8544921875 0.2900390625 0.0986328125
0 0.4931640625 0.87548828125 0.18212890625 0.0732421875