0 0.41357421875 0.15283203125 0.0419921875 0.068359375
0 0.44970703125 0.16796875 0.0302734375 0.0693359375
0 0.47607421875 0.169921875 0.02587890625 0.0556640625
0 0.51416015625 0.18115234375 0.04833984375 0.064453125
0 0.55517578125 0.1923828125 0.03759765625 0.05419921875
0 0.443359375 0.23193359375 0.0771484375 0.07275390625
0 0.50634765625 0.25048828125 0.04736328125 0.064453125
0 0.5498046875 0.24853515625 0.04736328125 0.07080078125
0 0.41943359375 0.29931640625 0.0810546875 0.06787109375
0 0.486328125 0.3037109375 0.056640625 0.06982421875
0 0.53564453125 0.31591796875 0.04443359375 0.0634765625
0 0.5810546875 0.32275390625 0.0458984375 0.05859375
0 0.4169921875 0.38134765625 0.05126953125 0.07080078125
0 0.46435546875 0.38330078125 0.046875 0.0625
0 0.5009765625 0.3828125 0.02294921875 0.05224609375
0 0.513671875 0.38525390625 0.00830078125 0.05224609375
0 0.5341796875 0.3876953125 0.0390625 0.04541015625
0 0.5556640625 0.3896484375 0.00537109375 0.04296875
0 0.56884765625 0.390625 0.0234375 0.04345703125
0 0.58203125 0.39404296875 0.00634765625 0.01171875
0 0.5947265625 0.392578125 0.021484375 0.0458984375
0 0.46435546875 0.44482421875 0.04052734375 0.064453125
0 0.51123046875 0.45263671875 0.05517578125 0.0556640625
0 0.55810546875 0.44970703125 0.041015625 0.0615234375
0 0.47216796875 0.52783203125 0.06689453125 0.0595703125
0 0.5244140625 0.5224609375 0.04052734375 0.06689453125
0 0.568359375 0.52587890625 0.04931640625 0.06787109375
0 0.44091796875 0.6103515625 0.06005859375 0.0654296875
0 0.494140625 0.607421875 0.0498046875 0.06787109375
0 0.53515625 0.60791015625 0.0419921875 0.07275390625
0 0.5888671875 0.59423828125 0.0712890625 0.06982421875
0 0.45849609375 0.69287109375 0.05615234375 0.07080078125
0 0.50341796875 0.6845703125 0.0419921875 0.06982421875
0 0.537109375 0.6806640625 0.02978515625 0.06201171875
0 0.56298828125 0.671875 0.029296875 0.07080078125
0 0.60009765625 0.68115234375 0.0478515625 0.0634765625
0 0.4423828125 0.78515625 0.0498046875 0.07568359375
0 0.4921875 0.77294921875 0.05322265625 0.07421875
0 0.54052734375 0.76416015625 0.041015625 0.0703125
0 0.58056640625 0.76318359375 0.0419921875 0.0693359375