0 0.73046875 0.1318359375 0.01220703125 0.00537109375
0 0.7421875 0.13134765625 0.0087890625 0.00439453125
0 0.9013671875 0.189453125 0.1025390625 0.0185546875
0 0.8779296875 0.21826171875 0.080078125 0.03955078125
0 0.947265625 0.21923828125 0.04638671875 0.02880859375
0 0.87060546875 0.2490234375 0.060546875 0.01806640625
0 0.93603515625 0.24658203125 0.064453125 0.02099609375
0 0.07958984375 0.57470703125 0.1591796875 0.0654296875
0 0.12841796875 0.63720703125 0.16748046875 0.07470703125
0 0.013671875 0.6962890625 0.02734375 0.025390625
0 0.0546875 0.69091796875 0.05078125 0.02685546875
0 0.11962890625 0.6875 0.07958984375 0.0263671875
0 0.16455078125 0.73046875 0.06396484375 0.02685546875
0 0.23583984375 0.7236328125 0.0791015625 0.02685546875
0 0.28955078125 0.71875 0.02490234375 0.0234375
0 0.318359375 0.7197265625 0.02490234375 0.0185546875
0 0.61279296875 0.58642578125 0.060546875 0.0947265625
0 0.69091796875 0.59814453125 0.08544921875 0.08349609375
0 0.79345703125 0.595703125 0.10302734375 0.0849609375
0 0.7080078125 0.82373046875 0.29248046875 0.328125