0 0.23291015625 0.244140625 0.228515625 0.1748046875
0 0.45458984375 0.2626953125 0.18359375 0.1416015625
0 0.638671875 0.27685546875 0.16748046875 0.14990234375
0 0.1767578125 0.42236328125 0.05126953125 0.1318359375
0 0.2900390625 0.43408203125 0.1474609375 0.13818359375
0 0.41455078125 0.41162109375 0.09130859375 0.16015625
0 0.59326171875 0.427734375 0.23876953125 0.158203125
0 0.1826171875 0.6689453125 0.1123046875 0.21484375
0 0.3564453125 0.640625 0.25244140625 0.27490234375
0 0.541015625 0.70068359375 0.12255859375 0.24169921875
0 0.63671875 0.65673828125 0.0986328125 0.240234375
0 0.72119140625 0.6748046875 0.09228515625 0.21337890625
0 0.185546875 0.8916015625 0.06640625 0.08984375
0 0.32666015625 0.88916015625 0.22119140625 0.08837890625
0 0.54541015625 0.8798828125 0.06640625 0.080078125