0 0.13525390625 0.13232421875 0.2705078125 0.1669921875
0 0.45703125 0.126953125 0.357421875 0.1650390625
0 0.66796875 0.0576171875 0.03271484375 0.10986328125
0 0.7216796875 0.0537109375 0.068359375 0.107421875
0 0.7919921875 0.0634765625 0.072265625 0.126953125
0 0.85107421875 0.0634765625 0.0576171875 0.126953125
0 0.9111328125 0.056640625 0.06005859375 0.09326171875
0 0.95654296875 0.0576171875 0.03515625 0.0888671875
0 0.98974609375 0.05615234375 0.0205078125 0.0908203125
0 0.00244140625 0.7939453125 0.0048828125 0.052734375
0 0.01416015625 0.783203125 0.0244140625 0.0625
0 0.04052734375 0.7724609375 0.0302734375 0.07861328125
0 0.150390625 0.80224609375 0.109375 0.23828125
0 0.27587890625 0.75048828125 0.1513671875 0.26025390625
0 0.40185546875 0.7080078125 0.1025390625 0.23193359375
0 0.52587890625 0.69189453125 0.1416015625 0.2255859375
0 0.15673828125 0.9228515625 0.0146484375 0.04052734375
0 0.1806640625 0.91650390625 0.033203125 0.0595703125
0 0.20751953125 0.90234375 0.0205078125 0.03759765625
0 0.23193359375 0.89453125 0.0302734375 0.046875
0 0.2724609375 0.88037109375 0.044921875 0.05029296875
0 0.30126953125 0.8681640625 0.0185546875 0.0439453125
0 0.3310546875 0.8583984375 0.017578125 0.03759765625
0 0.361328125 0.84765625 0.046875 0.046875
0 0.44287109375 0.8271484375 0.0810546875 0.056640625
0 0.52490234375 0.80224609375 0.0517578125 0.05029296875