0 0.025390625 0.29296875 0.033203125 0.03662109375
0 0.0576171875 0.29736328125 0.02880859375 0.0322265625
0 0.02587890625 0.3310546875 0.03466796875 0.02978515625
0 0.0595703125 0.32861328125 0.03466796875 0.025390625
0 0.1455078125 0.29638671875 0.03173828125 0.0341796875
0 0.1806640625 0.29541015625 0.041015625 0.0322265625
0 0.1494140625 0.32861328125 0.0361328125 0.025390625
0 0.17529296875 0.32861328125 0.01806640625 0.0205078125
0 0.4501953125 0.29052734375 0.03466796875 0.0322265625
0 0.48876953125 0.2919921875 0.03955078125 0.0341796875
0 0.46484375 0.32373046875 0.0361328125 0.025390625
0 0.490234375 0.326171875 0.01806640625 0.025390625
0 0.6103515625 0.01904296875 0.076171875 0.0380859375
0 0.6875 0.0302734375 0.08984375 0.060546875
0 0.810546875 0.06298828125 0.146484375 0.1259765625
0 0.3134765625 0.50634765625 0.07421875 0.0126953125
0 0.38720703125 0.5126953125 0.0751953125 0.025390625
0 0.44970703125 0.51708984375 0.0537109375 0.0341796875
0 0.4970703125 0.5244140625 0.044921875 0.048828125
0 0.52880859375 0.6123046875 0.0185546875 0.03125
0 0.5419921875 0.7529296875 0.044921875 0.12109375
0 0.6318359375 0.7451171875 0.1162109375 0.158203125
0 0.806640625 0.71728515625 0.20751953125 0.185546875
0 0.5244140625 0.9287109375 0.009765625 0.037109375
0 0.544921875 0.93212890625 0.02978515625 0.041015625
0 0.7080078125 0.92724609375 0.04443359375 0.04345703125
0 0.76611328125 0.92822265625 0.06298828125 0.0361328125