0 0.09912109375 0.3671875 0.03662109375 0.03271484375
0 0.12744140625 0.3701171875 0.02880859375 0.03076171875
0 0.162109375 0.37158203125 0.0380859375 0.02880859375
0 0.21240234375 0.369140625 0.0595703125 0.02880859375
0 0.2568359375 0.37255859375 0.02880859375 0.03076171875
0 0.025390625 0.4658203125 0.04736328125 0.1025390625
0 0.09326171875 0.466796875 0.08837890625 0.09228515625
0 0.17431640625 0.4697265625 0.068359375 0.1025390625
0 0.23388671875 0.47900390625 0.05029296875 0.083984375
0 0.27490234375 0.47998046875 0.02880859375 0.07763671875
0 0.3310546875 0.47802734375 0.07763671875 0.0859375
0 0.4013671875 0.48046875 0.056640625 0.080078125
0 0.44384765625 0.185546875 0.0283203125 0.0234375
0 0.48095703125 0.19189453125 0.052734375 0.02392578125
0 0.54541015625 0.19189453125 0.033203125 0.02392578125
0 0.57666015625 0.1904296875 0.033203125 0.02685546875
0 0.787109375 0.1904296875 0.0390625 0.02685546875
0 0.8212890625 0.1875 0.029296875 0.02685546875
0 0.88916015625 0.45751953125 0.03515625 0.02978515625
0 0.06396484375 0.72607421875 0.1279296875 0.1044921875
0 0.27978515625 0.64599609375 0.07373046875 0.08984375
0 0.3662109375 0.6220703125 0.0888671875 0.1083984375
0 0.1923828125 0.90185546875 0.05859375 0.06982421875
0 0.43798828125 0.5830078125 0.0166015625 0.01171875
0 0.43603515625 0.59716796875 0.0126953125 0.0146484375
0 0.50146484375 0.54345703125 0.0205078125 0.00830078125
0 0.5087890625 0.55419921875 0.01953125 0.015625
0 0.525390625 0.556640625 0.02099609375 0.017578125
0 0.58203125 0.576171875 0.02099609375 0.00927734375
0 0.59765625 0.57666015625 0.01318359375 0.01025390625
0 0.61279296875 0.5791015625 0.02099609375 0.0126953125
0 0.66259765625 0.5712890625 0.0302734375 0.015625
0 0.68603515625 0.5712890625 0.0146484375 0.00927734375