0 0.0625 0.08349609375 0.0712890625 0.0595703125
0 0.13134765625 0.09033203125 0.05517578125 0.0537109375
0 0.18505859375 0.08349609375 0.0419921875 0.0439453125
0 0.24365234375 0.08203125 0.064453125 0.05126953125
0 0.3134765625 0.072265625 0.0693359375 0.06103515625
0 0.3916015625 0.0654296875 0.0751953125 0.0478515625
0 0.04638671875 0.14404296875 0.0703125 0.0302734375
0 0.12646484375 0.13818359375 0.0859375 0.0302734375
0 0.24560546875 0.12841796875 0.15283203125 0.037109375
0 0.3369140625 0.126953125 0.02978515625 0.03173828125
0 0.32470703125 0.43701171875 0.0439453125 0.0341796875
0 0.37548828125 0.44189453125 0.0517578125 0.0439453125
0 0.43212890625 0.443359375 0.0556640625 0.046875
0 0.51123046875 0.45654296875 0.09375 0.05712890625
0 0.26416015625 0.4716796875 0.14306640625 0.09326171875
0 0.3720703125 0.4990234375 0.0625 0.08056640625
0 0.4462890625 0.5126953125 0.0703125 0.08056640625
0 0.5361328125 0.5224609375 0.0908203125 0.0751953125
0 0.61865234375 0.5400390625 0.06494140625 0.076171875
0 0.1533203125 0.45703125 0.0205078125 0.013671875
0 0.13330078125 0.4228515625 0.0107421875 0.005859375
0 0.78955078125 0.541015625 0.1201171875 0.2421875
0 0.947265625 0.58837890625 0.10546875 0.3017578125
0 0.8203125 0.75537109375 0.181640625 0.1494140625
0 0.97314453125 0.77197265625 0.0537109375 0.0927734375
0 0.791015625 0.9140625 0.123046875 0.08984375
0 0.94140625 0.90185546875 0.0849609375 0.078125