0 0.28955078125 0.24951171875 0.1162109375 0.0400390625
0 0.41552734375 0.24462890625 0.0888671875 0.0498046875
0 0.10791015625 0.2783203125 0.1376953125 0.017578125
0 0.2890625 0.28076171875 0.16796875 0.0224609375
0 0.48583984375 0.39990234375 0.0517578125 0.2451171875
0 0.5888671875 0.40234375 0.13037109375 0.22021484375
0 0.48486328125 0.56787109375 0.0498046875 0.0791015625
0 0.54833984375 0.56103515625 0.06689453125 0.07666015625
0 0.619140625 0.55810546875 0.07275390625 0.07861328125
0 0.47216796875 0.69189453125 0.0244140625 0.0966796875
0 0.4990234375 0.69140625 0.03466796875 0.0908203125
0 0.5595703125 0.6884765625 0.09228515625 0.09716796875