0 0.232421875 0.2109375 0.0859375 0.11474609375
0 0.3125 0.19140625 0.0546875 0.04443359375
0 0.3505859375 0.1953125 0.025390625 0.03662109375
0 0.3857421875 0.20068359375 0.044921875 0.03662109375
0 0.4306640625 0.20556640625 0.044921875 0.04150390625
0 0.4677734375 0.21337890625 0.033203125 0.04150390625
0 0.4951171875 0.2109375 0.025390625 0.03125
0 0.5224609375 0.21337890625 0.037109375 0.03662109375
0 0.3623046875 0.2421875 0.068359375 0.05224609375
0 0.44921875 0.25537109375 0.10546875 0.04150390625
0 0.244140625 0.33203125 0.03515625 0.0703125
0 0.2841796875 0.33447265625 0.048828125 0.0546875
0 0.345703125 0.3359375 0.0703125 0.05224609375
0 0.392578125 0.3359375 0.0234375 0.05224609375
0 0.439453125 0.33984375 0.0703125 0.04931640625
0 0.4912109375 0.33984375 0.029296875 0.0546875
0 0.2138671875 0.40087890625 0.052734375 0.04150390625
0 0.2666015625 0.39990234375 0.056640625 0.0390625
0 0.314453125 0.40087890625 0.04296875 0.04150390625
0 0.3642578125 0.3984375 0.033203125 0.046875
0 0.4169921875 0.39599609375 0.041015625 0.046875
0 0.48828125 0.39208984375 0.0703125 0.04443359375
0 0.20703125 0.46630859375 0.04296875 0.04150390625
0 0.2509765625 0.46484375 0.048828125 0.0390625
0 0.3662109375 0.45947265625 0.044921875 0.04443359375
0 0.4150390625 0.45556640625 0.033203125 0.046875
0 0.244140625 0.52490234375 0.08203125 0.04443359375
0 0.3515625 0.51171875 0.05859375 0.03369140625
0 0.4052734375 0.50634765625 0.052734375 0.03369140625
0 0.46875 0.49853515625 0.046875 0.0390625
0 0.5068359375 0.49462890625 0.029296875 0.03125
0 0.248046875 0.57666015625 0.0703125 0.04931640625
0 0.4814453125 0.54052734375 0.072265625 0.04931640625
0 0.23828125 0.64453125 0.08203125 0.0546875
0 0.4794921875 0.59619140625 0.068359375 0.046875
0 0.25 0.70458984375 0.0625 0.04931640625
0 0.4765625 0.65478515625 0.0703125 0.0546875
0 0.2490234375 0.76416015625 0.068359375 0.04931640625
0 0.4736328125 0.70849609375 0.064453125 0.046875
0 0.2490234375 0.82568359375 0.060546875 0.05224609375
0 0.4716796875 0.76416015625 0.068359375 0.0546875
0 0.2421875 0.88525390625 0.07421875 0.05712890625
0 0.470703125 0.81494140625 0.06640625 0.05224609375
0 0.1640625 0.0703125 0.0703125 0.07275390625
0 0.2861328125 0.08740234375 0.060546875 0.06494140625
0 0.04296875 0.67431640625 0.05859375 0.02587890625