0 0.09716796875 0.20166015625 0.1943359375 0.1748046875
0 0.30224609375 0.220703125 0.18359375 0.1416015625
0 0.48095703125 0.234375 0.1572265625 0.150390625
0 0.02490234375 0.38037109375 0.0498046875 0.1318359375
0 0.1376953125 0.39208984375 0.1474609375 0.13818359375
0 0.26220703125 0.36962890625 0.09130859375 0.16015625
0 0.4404296875 0.3857421875 0.23828125 0.158203125
0 0.04296875 0.5947265625 0.0859375 0.150390625
0 0.20361328125 0.5654296875 0.2529296875 0.208984375
0 0.38818359375 0.603515625 0.1220703125 0.1328125
0 0.48388671875 0.58203125 0.0986328125 0.17578125
0 0.541015625 0.59765625 0.037109375 0.14453125
0 0.97705078125 0.01318359375 0.0458984375 0.0263671875
0 0.17041015625 0.68896484375 0.3115234375 0.0380859375
0 0.029296875 0.7587890625 0.05859375 0.068359375
0 0.14794921875 0.76025390625 0.169921875 0.07958984375
0 0.27978515625 0.76171875 0.0859375 0.08544921875
0 0.35302734375 0.7744140625 0.06005859375 0.06591796875
0 0.08935546875 0.83642578125 0.1787109375 0.0830078125
0 0.28515625 0.84716796875 0.2001953125 0.08544921875
0 0.6982421875 0.734375 0.27734375 0.12890625