0 0.35009765625 0.3837890625 0.546875 0.17236328125
0 0.80517578125 0.388671875 0.2734375 0.142578125
0 0.12646484375 0.5 0.25 0.06494140625
0 0.27685546875 0.50390625 0.02685546875 0.03271484375
0 0.37744140625 0.50634765625 0.1748046875 0.0673828125
0 0.54736328125 0.50634765625 0.1318359375 0.0576171875
0 0.6376953125 0.509765625 0.02490234375 0.02490234375
0 0.828125 0.513671875 0.330078125 0.0625
0 0.29931640625 0.88134765625 0.03857421875 0.03271484375
0 0.52978515625 0.58740234375 0.02685546875 0.02490234375
0 0.6826171875 0.58984375 0.02490234375 0.02490234375