0 0.0029296875 0.38232421875 0.005859375 0.0107421875
0 0.009765625 0.40625 0.00537109375 0.01171875
0 0.013671875 0.40478515625 0.0068359375 0.01318359375
0 0.00927734375 0.41552734375 0.01220703125 0.0107421875
0 0.01953125 0.41162109375 0.01025390625 0.01513671875
0 0.0126953125 0.33984375 0.025390625 0.083984375
0 0.1171875 0.13671875 0.05419921875 0.111328125
0 0.1826171875 0.080078125 0.09375 0.12109375
0 0.18115234375 0.15087890625 0.0751953125 0.06982421875
0 0.13671875 0.20068359375 0.091796875 0.0380859375
0 0.208984375 0.19140625 0.041015625 0.0625
0 0.1552734375 0.251953125 0.06591796875 0.06591796875
0 0.556640625 0.34130859375 0.31201171875 0.1171875
0 0.33154296875 0.4375 0.0859375 0.083984375
0 0.40673828125 0.45068359375 0.076171875 0.06884765625
0 0.53369140625 0.45166015625 0.169921875 0.07958984375
0 0.66552734375 0.453125 0.0859375 0.08544921875
0 0.73876953125 0.4658203125 0.06005859375 0.06591796875
0 0.32861328125 0.52197265625 0.10009765625 0.07080078125
0 0.474609375 0.5283203125 0.18017578125 0.08251953125
0 0.67041015625 0.537109375 0.2001953125 0.083984375
0 0.75927734375 0.65673828125 0.0283203125 0.02880859375
0 0.81298828125 0.65234375 0.07177734375 0.03662109375
0 0.87841796875 0.654296875 0.06005859375 0.04052734375
0 0.77392578125 0.69677734375 0.05419921875 0.03515625
0 0.81982421875 0.70166015625 0.041015625 0.04443359375
0 0.87060546875 0.693359375 0.0673828125 0.0361328125
0 0.6220703125 0.6201171875 0.1416015625 0.06201171875
0 0.5810546875 0.658203125 0.03662109375 0.015625
0 0.615234375 0.65625 0.03662109375 0.0146484375
0 0.65185546875 0.65380859375 0.03857421875 0.0146484375
0 0.68115234375 0.6533203125 0.0283203125 0.01708984375
0 0.42578125 0.78955078125 0.0126953125 0.01171875
0 0.419921875 0.80029296875 0.0458984375 0.01318359375
0 0.4521484375 0.79296875 0.02001953125 0.0234375
0 0.37548828125 0.79443359375 0.02392578125 0.0185546875