0 0.361328125 0.1044921875 0.09814453125 0.07177734375
0 0.44775390625 0.10302734375 0.06689453125 0.0751953125
0 0.5341796875 0.10302734375 0.09814453125 0.0751953125
0 0.2529296875 0.1689453125 0.03564453125 0.03125
0 0.2958984375 0.1669921875 0.0498046875 0.0341796875
0 0.35302734375 0.1640625 0.06884765625 0.0341796875
0 0.41064453125 0.16259765625 0.04150390625 0.03759765625
0 0.4521484375 0.1611328125 0.04150390625 0.0341796875
0 0.5 0.1591796875 0.05419921875 0.03759765625
0 0.5625 0.1591796875 0.07080078125 0.03759765625
0 0.611328125 0.1591796875 0.02294921875 0.03125