0 0.16943359375 0.06640625 0.2001953125 0.12890625
0 0.072265625 0.150390625 0.14111328125 0.1435546875
0 0.1884765625 0.1845703125 0.09814453125 0.123046875
0 0.2685546875 0.224609375 0.083984375 0.11376953125
0 0.59912109375 0.3701171875 0.1875 0.1025390625
0 0.5107421875 0.501953125 0.1142578125 0.1044921875
0 0.6123046875 0.48974609375 0.10009765625 0.10986328125
0 0.716796875 0.4765625 0.10888671875 0.12109375
0 0.0546875 0.63525390625 0.041015625 0.02783203125
0 0.09033203125 0.63525390625 0.0302734375 0.02783203125
0 0.11328125 0.63720703125 0.01611328125 0.02783203125
0 0.1376953125 0.63916015625 0.0322265625 0.02783203125
0 0.166015625 0.63916015625 0.02880859375 0.02783203125
0 0.189453125 0.64013671875 0.01806640625 0.02587890625
0 0.21435546875 0.6416015625 0.03564453125 0.02587890625
0 0.248046875 0.6455078125 0.03564453125 0.02978515625
0 0.27880859375 0.64453125 0.021484375 0.02783203125
0 0.30078125 0.64453125 0.0234375 0.03173828125
0 0.32666015625 0.6455078125 0.0322265625 0.02978515625