0 0.01953125 0.01708984375 0.0390625 0.0341796875
0 0.083984375 0.015625 0.087890625 0.03125
0 0.1669921875 0.02587890625 0.08251953125 0.04296875
0 0.25537109375 0.0224609375 0.0927734375 0.04296875
0 0.33935546875 0.02294921875 0.0908203125 0.0458984375
0 0.4189453125 0.01416015625 0.083984375 0.0283203125
0 0.0205078125 0.40673828125 0.0341796875 0.021484375
0 0.89697265625 0.11474609375 0.1005859375 0.2294921875
0 0.97705078125 0.12646484375 0.0458984375 0.2529296875
0 0.2314453125 0.619140625 0.0390625 0.01953125
0 0.13671875 0.6484375 0.06103515625 0.0419921875
0 0.20068359375 0.6484375 0.0673828125 0.03759765625
0 0.3671875 0.64501953125 0.05322265625 0.0537109375
0 0.43212890625 0.6484375 0.0673828125 0.046875