0 0.19287109375 0.01953125 0.1982421875 0.0390625
0 0.1787109375 0.16162109375 0.18994140625 0.2451171875
0 0.36767578125 0.12890625 0.1982421875 0.2578125
0 0.13818359375 0.37451171875 0.041015625 0.08642578125
0 0.18701171875 0.359375 0.0537109375 0.08642578125
0 0.26416015625 0.33935546875 0.09375 0.14990234375
0 0.38427734375 0.34423828125 0.14892578125 0.193359375
0 0.14013671875 0.47216796875 0.0732421875 0.0556640625
0 0.21875 0.46923828125 0.078125 0.0615234375
0 0.28564453125 0.46875 0.0556640625 0.0625
0 0.34521484375 0.47216796875 0.0537109375 0.0556640625
0 0.4169921875 0.4609375 0.083984375 0.078125
0 0.572265625 0.3759765625 0.005859375 0.0078125
0 0.583984375 0.37646484375 0.01708984375 0.009765625
0 0.91357421875 0.201171875 0.10791015625 0.0478515625
0 0.091796875 0.69091796875 0.12353515625 0.046875
0 0.35546875 0.66748046875 0.32666015625 0.09326171875
0 0.31787109375 0.7353515625 0.171875 0.046875
0 0.4501953125 0.7431640625 0.080078125 0.048828125
0 0.533203125 0.74462890625 0.072265625 0.0439453125
0 0.302734375 0.85205078125 0.41845703125 0.17333984375
0 0.06005859375 0.97705078125 0.1201171875 0.0458984375
0 0.1689453125 0.9794921875 0.091796875 0.041015625
0 0.265625 0.97802734375 0.091796875 0.0439453125
0 0.35498046875 0.97802734375 0.0771484375 0.0439453125
0 0.4638671875 0.97900390625 0.12890625 0.0419921875
0 0.55029296875 0.98046875 0.0380859375 0.0390625
0 0.64208984375 0.5751953125 0.1455078125 0.095703125
0 0.78076171875 0.62744140625 0.0185546875 0.02685546875
0 0.8046875 0.625 0.01611328125 0.0224609375
0 0.92724609375 0.59228515625 0.1455078125 0.1220703125
0 0.87451171875 0.93701171875 0.0439453125 0.03125