0 0.2041015625 0.28369140625 0.07763671875 0.1533203125
0 0.27734375 0.28271484375 0.05859375 0.15185546875
0 0.341796875 0.30029296875 0.0673828125 0.1201171875
0 0.388671875 0.326171875 0.021484375 0.03515625
0 0.45068359375 0.31787109375 0.10009765625 0.1416015625
0 0.54833984375 0.349609375 0.0830078125 0.146484375
0 0.26513671875 0.43408203125 0.2021484375 0.1318359375
0 0.4814453125 0.4423828125 0.216796875 0.115234375
0 0.60986328125 0.0283203125 0.0400390625 0.056640625
0 0.65576171875 0.0439453125 0.0546875 0.08203125
0 0.7333984375 0.052734375 0.05517578125 0.0634765625
0 0.7919921875 0.064453125 0.0478515625 0.06494140625
0 0.8544921875 0.08154296875 0.04248046875 0.0537109375
0 0.890625 0.09033203125 0.02685546875 0.0439453125
0 0.9189453125 0.09765625 0.0263671875 0.048828125
0 0.88818359375 0.0234375 0.00732421875 0.00927734375
0 0.9052734375 0.0107421875 0.00537109375 0.00830078125
0 0.93994140625 0.0048828125 0.01025390625 0.00927734375
0 0.861328125 0.322265625 0.0068359375 0.02392578125
0 0.85302734375 0.322265625 0.01025390625 0.02587890625
0 0.85888671875 0.296875 0.0087890625 0.0166015625
0 0.85107421875 0.29833984375 0.0078125 0.01513671875
0 0.859375 0.28125 0.00634765625 0.01318359375
0 0.8525390625 0.28125 0.00830078125 0.0126953125
0 0.84765625 0.28076171875 0.0029296875 0.01123046875
0 0.857421875 0.26708984375 0.00634765625 0.0146484375
0 0.85107421875 0.26611328125 0.00830078125 0.015625
0 0.845703125 0.26611328125 0.00341796875 0.01025390625
0 0.85546875 0.2529296875 0.0068359375 0.01318359375
0 0.84765625 0.2529296875 0.00927734375 0.0126953125
0 0.85791015625 0.48388671875 0.0107421875 0.0166015625
0 0.8583984375 0.49267578125 0.009765625 0.0146484375
0 0.9306640625 0.35791015625 0.00830078125 0.01025390625
0 0.94091796875 0.35791015625 0.0078125 0.01025390625
0 0.9306640625 0.38330078125 0.00927734375 0.01123046875
0 0.93994140625 0.3828125 0.01025390625 0.01123046875
0 0.93212890625 0.40771484375 0.00244140625 0.009765625
0 0.9365234375 0.4072265625 0.005859375 0.01025390625
0 0.9443359375 0.40625 0.0048828125 0.01123046875
0 0.9619140625 0.349609375 0.00732421875 0.01171875
0 0.96826171875 0.34814453125 0.00732421875 0.01025390625
0 0.962890625 0.373046875 0.00634765625 0.01123046875
0 0.96875 0.37158203125 0.00830078125 0.01171875
0 0.9638671875 0.3974609375 0.00439453125 0.01025390625
0 0.96826171875 0.3955078125 0.00439453125 0.01220703125
0 0.97265625 0.3955078125 0.00634765625 0.01123046875
0 0.96630859375 0.42236328125 0.00830078125 0.01171875
0 0.97509765625 0.443359375 0.0048828125 0.009765625
0 0.57958984375 0.52392578125 0.0205078125 0.0439453125
0 0.61962890625 0.56103515625 0.0595703125 0.1142578125
0 0.6845703125 0.5615234375 0.0673828125 0.09765625
0 0.744140625 0.56591796875 0.04931640625 0.11572265625
0 0.78662109375 0.55224609375 0.0322265625 0.1044921875
0 0.8408203125 0.5498046875 0.068359375 0.099609375
0 0.9111328125 0.5595703125 0.072265625 0.119140625
0 0.97021484375 0.5595703125 0.0576171875 0.119140625