0 0.0322265625 0.021484375 0.046875 0.02392578125
0 0.080078125 0.02197265625 0.03564453125 0.013671875
0 0.00439453125 0.0556640625 0.0087890625 0.01171875
0 0.00390625 0.06884765625 0.0078125 0.0087890625
0 0.01123046875 0.3681640625 0.0224609375 0.015625
0 0.056640625 0.3515625 0.06640625 0.02490234375
0 0.0654296875 0.41552734375 0.0380859375 0.021484375
0 0.205078125 0.19677734375 0.0546875 0.04443359375
0 0.25927734375 0.19482421875 0.05029296875 0.0517578125
0 0.28564453125 0.20703125 0.0078125 0.02490234375
0 0.3017578125 0.19677734375 0.02783203125 0.04638671875
0 0.34765625 0.20166015625 0.06640625 0.0390625
0 0.40234375 0.2041015625 0.0390625 0.04638671875
0 0.43603515625 0.20166015625 0.0263671875 0.0439453125
0 0.19921875 0.25 0.04150390625 0.03759765625
0 0.2353515625 0.251953125 0.0283203125 0.03466796875
0 0.265625 0.25732421875 0.0322265625 0.0361328125
0 0.302734375 0.2587890625 0.03857421875 0.03857421875
0 0.3349609375 0.25439453125 0.02197265625 0.03759765625
0 0.369140625 0.26025390625 0.0419921875 0.03662109375
0 0.408203125 0.25390625 0.03955078125 0.04345703125
0 0.4375 0.25927734375 0.0234375 0.0341796875
0 0.3076171875 0.0771484375 0.04150390625 0.02197265625
0 0.34375 0.0302734375 0.0244140625 0.00927734375
0 0.21435546875 0.06884765625 0.01318359375 0.00732421875
0 0.22265625 0.07080078125 0.00634765625 0.00439453125
0 0.3369140625 0.0771484375 0.0107421875 0.01708984375
0 0.95166015625 0.404296875 0.0966796875 0.083984375
0 0.75634765625 0.29736328125 0.2001953125 0.0693359375
0 0.55322265625 0.23291015625 0.2080078125 0.1103515625
0 0.49462890625 0.30322265625 0.0908203125 0.0830078125
0 0.583984375 0.310546875 0.109375 0.06640625
0 0.67333984375 0.32666015625 0.08984375 0.06591796875
0 0.75341796875 0.3505859375 0.10400390625 0.0693359375
0 0.8515625 0.37158203125 0.12255859375 0.0703125
0 0.8916015625 0.4423828125 0.1533203125 0.07470703125
0 0.97705078125 0.48193359375 0.0458984375 0.0673828125
0 0.7158203125 0.5830078125 0.15185546875 0.0869140625
0 0.8515625 0.6103515625 0.15576171875 0.0693359375
0 0.85791015625 0.63525390625 0.12890625 0.052734375
0 0.4404296875 0.845703125 0.017578125 0.01171875
0 0.439453125 0.861328125 0.01953125 0.013671875
0 0.43896484375 0.8759765625 0.0205078125 0.015625
0 0.65576171875 0.81591796875 0.4130859375 0.0732421875
0 0.4873046875 0.95751953125 0.076171875 0.0673828125
0 0.56640625 0.9404296875 0.087890625 0.1083984375
0 0.65966796875 0.94921875 0.1142578125 0.1015625
0 0.76416015625 0.94287109375 0.10693359375 0.07470703125
0 0.87060546875 0.9501953125 0.1181640625 0.099609375