0 0.67138671875 0.14208984375 0.0361328125 0.02099609375
0 0.7001953125 0.1435546875 0.02587890625 0.01806640625
0 0.73046875 0.14599609375 0.0341796875 0.01953125
0 0.8251953125 0.13916015625 0.07177734375 0.06298828125
0 0.9072265625 0.13330078125 0.091796875 0.06298828125
0 0.9765625 0.14111328125 0.046875 0.0615234375
0 0.72314453125 0.25244140625 0.19189453125 0.115234375
0 0.91748046875 0.263671875 0.1650390625 0.12109375
0 0.8935546875 0.34619140625 0.212890625 0.0615234375
0 0.91748046875 0.51806640625 0.1650390625 0.0537109375
0 0.75048828125 0.5751953125 0.1298828125 0.068359375
0 0.86572265625 0.57861328125 0.1103515625 0.0615234375
0 0.958984375 0.583984375 0.080078125 0.05078125
0 0.6533203125 0.392578125 0.091796875 0.0361328125
0 0.732421875 0.3916015625 0.0458984375 0.03125
0 0.76904296875 0.39697265625 0.02392578125 0.01806640625
0 0.814453125 0.396484375 0.05419921875 0.03125
0 0.8984375 0.39794921875 0.08203125 0.03466796875
0 0.9716796875 0.39794921875 0.056640625 0.0302734375
0 0.62939453125 0.421875 0.0478515625 0.03759765625
0 0.71142578125 0.4248046875 0.11181640625 0.03125
0 0.77734375 0.42626953125 0.01220703125 0.01025390625
0 0.84130859375 0.42626953125 0.10791015625 0.03125
0 0.9052734375 0.42919921875 0.02001953125 0.01025390625
0 0.95654296875 0.42919921875 0.0869140625 0.0283203125
0 0.009765625 0.75927734375 0.01953125 0.0498046875
0 0.03125 0.76318359375 0.0234375 0.0419921875
0 0.029296875 0.8056640625 0.05859375 0.044921875
0 0.30078125 0.68994140625 0.234375 0.146484375
0 0.1953125 0.77099609375 0.05859375 0.04736328125
0 0.23828125 0.77099609375 0.02734375 0.04736328125
0 0.2578125 0.77490234375 0.015625 0.0390625
0 0.2685546875 0.78271484375 0.009765625 0.01318359375
0 0.2900390625 0.7802734375 0.029296875 0.0390625
0 0.30859375 0.78271484375 0.01171875 0.0390625
0 0.3212890625 0.7880859375 0.009765625 0.01318359375
0 0.3359375 0.7841796875 0.01953125 0.0419921875
0 0.357421875 0.78662109375 0.0390625 0.0419921875
0 0.3818359375 0.79052734375 0.009765625 0.01318359375
0 0.4072265625 0.79052734375 0.041015625 0.04443359375
0 0.501953125 0.9775390625 0.015625 0.03125
0 0.4453125 0.95068359375 0.1015625 0.0986328125
0 0.3740234375 0.95751953125 0.033203125 0.0849609375
0 0.337890625 0.892578125 0.0234375 0.02880859375
0 0.33984375 0.94482421875 0.0234375 0.0185546875
0 0.3359375 0.9736328125 0.0234375 0.04443359375
0 0.5869140625 0.65869140625 0.1162109375 0.083984375
0 0.69970703125 0.64501953125 0.0869140625 0.0712890625
0 0.794921875 0.638671875 0.083984375 0.05859375
0 0.54638671875 0.8984375 0.05810546875 0.1240234375
0 0.53076171875 0.97119140625 0.0205078125 0.0576171875
0 0.5595703125 0.97412109375 0.037109375 0.0517578125