0 0.103515625 0.02587890625 0.09375 0.0517578125
0 0.11376953125 0.11572265625 0.1083984375 0.1083984375
0 0.1142578125 0.25146484375 0.1025390625 0.10791015625
0 0.41748046875 0.38720703125 0.0166015625 0.0048828125
0 0.4365234375 0.38720703125 0.01953125 0.0048828125
0 0.6328125 0.27783203125 0.05615234375 0.06005859375
0 0.591796875 0.3525390625 0.060546875 0.07421875
0 0.65625 0.353515625 0.068359375 0.072265625
0 0.89697265625 0.232421875 0.10888671875 0.056640625
0 0.974609375 0.23779296875 0.05078125 0.0517578125
0 0.8046875 0.314453125 0.17236328125 0.12646484375
0 0.94970703125 0.326171875 0.1005859375 0.126953125
0 0.29345703125 0.52734375 0.1435546875 0.06298828125
0 0.41748046875 0.53173828125 0.0712890625 0.06298828125
0 0.658203125 0.76318359375 0.11669921875 0.0693359375
0 0.79296875 0.75927734375 0.1064453125 0.0810546875