0 0.1025390625 0.33154296875 0.013671875 0.013671875
0 0.11474609375 0.32666015625 0.01318359375 0.01318359375
0 0.12939453125 0.32177734375 0.01904296875 0.013671875
0 0.26904296875 0.359375 0.03759765625 0.04052734375
0 0.2490234375 0.3681640625 0.00830078125 0.01171875
0 0.2490234375 0.3544921875 0.01123046875 0.0107421875
0 0.3876953125 0.37255859375 0.0107421875 0.0263671875
0 0.7177734375 0.255859375 0.13671875 0.13671875
0 0.1123046875 0.49462890625 0.087890625 0.0302734375
0 0.01904296875 0.55224609375 0.0380859375 0.0400390625
0 0.05224609375 0.55517578125 0.02490234375 0.0458984375
0 0.078125 0.54736328125 0.02099609375 0.0458984375
0 0.107421875 0.54736328125 0.033203125 0.0458984375
0 0.1513671875 0.55517578125 0.05029296875 0.05029296875
0 0.2001953125 0.55126953125 0.0439453125 0.05810546875
0 0.24462890625 0.54736328125 0.03466796875 0.05029296875
0 0.28271484375 0.55224609375 0.033203125 0.05224609375
0 0.31640625 0.54736328125 0.033203125 0.05419921875
0 0.35986328125 0.54931640625 0.0458984375 0.05810546875
0 0.40380859375 0.54833984375 0.033203125 0.05224609375
0 0.4501953125 0.55224609375 0.03466796875 0.0439453125
0 0.5224609375 0.55517578125 0.11181640625 0.0458984375
0 0.09375 0.796875 0.05029296875 0.083984375
0 0.15283203125 0.802734375 0.06591796875 0.076171875
0 0.220703125 0.81396484375 0.06591796875 0.0859375
0 0.27685546875 0.81591796875 0.03662109375 0.0859375
0 0.322265625 0.80078125 0.05419921875 0.09619140625
0 0.39453125 0.80810546875 0.08544921875 0.09033203125
0 0.26318359375 0.8798828125 0.11669921875 0.05029296875
0 0.08642578125 0.92529296875 0.03759765625 0.05615234375
0 0.12646484375 0.9208984375 0.0439453125 0.06396484375
0 0.16015625 0.93017578125 0.0283203125 0.07421875
0 0.91650390625 0.583984375 0.08056640625 0.1123046875
0 0.9833984375 0.59619140625 0.033203125 0.1005859375