0 0.25341796875 0.25146484375 0.12451171875 0.09619140625
0 0.3896484375 0.25537109375 0.14404296875 0.07763671875
0 0.5009765625 0.2578125 0.07177734375 0.072265625
0 0.32275390625 0.3330078125 0.1474609375 0.06689453125
0 0.458984375 0.3408203125 0.12109375 0.0830078125
0 0.2998046875 0.40625 0.119140625 0.07470703125
0 0.4052734375 0.40771484375 0.087890625 0.072265625
0 0.484375 0.416015625 0.06689453125 0.07763671875
0 0.34912109375 0.76220703125 0.23486328125 0.0693359375
0 0.31494140625 0.8291015625 0.0791015625 0.06396484375
0 0.388671875 0.82470703125 0.05810546875 0.0615234375
0 0.3447265625 0.91064453125 0.1279296875 0.08837890625