0 0.42529296875 0.11865234375 0.02880859375 0.0283203125
0 0.45068359375 0.11865234375 0.01953125 0.02490234375
0 0.4140625 0.16455078125 0.03369140625 0.0615234375
0 0.45068359375 0.16064453125 0.03125 0.06396484375
0 0.4287109375 0.1806640625 0.01123046875 0.02099609375
0 0.4765625 0.1767578125 0.021484375 0.03076171875
0 0.39599609375 0.21826171875 0.02392578125 0.02392578125
0 0.42529296875 0.2177734375 0.03076171875 0.0224609375
0 0.45068359375 0.212890625 0.01806640625 0.0166015625
0 0.47509765625 0.2060546875 0.02490234375 0.02001953125
0 0.095703125 0.45361328125 0.0361328125 0.02587890625
0 0.13134765625 0.453125 0.0341796875 0.02490234375
0 0.166015625 0.45458984375 0.03369140625 0.0234375
0 0.19775390625 0.4541015625 0.02734375 0.02587890625
0 0.2216796875 0.4560546875 0.0185546875 0.02490234375
0 0.23876953125 0.45458984375 0.017578125 0.0234375
0 0.2646484375 0.4560546875 0.03564453125 0.02685546875
0 0.3017578125 0.45654296875 0.0380859375 0.02734375
0 0.33544921875 0.4609375 0.03173828125 0.029296875
0 0.3671875 0.46044921875 0.03271484375 0.0234375
0 0.53564453125 0.17822265625 0.03369140625 0.0166015625
0 0.5859375 0.1806640625 0.05712890625 0.01513671875
0 0.634765625 0.18359375 0.03369140625 0.01513671875
0 0.55322265625 0.19482421875 0.0498046875 0.01220703125
0 0.61328125 0.19677734375 0.06201171875 0.01171875
0 0.541015625 0.2294921875 0.06103515625 0.03125
0 0.6015625 0.2333984375 0.04638671875 0.02685546875
0 0.64599609375 0.2373046875 0.033203125 0.03125
0 0.591796875 0.31884765625 0.14453125 0.111328125
0 0.556640625 0.423828125 0.134765625 0.0234375
0 0.0654296875 0.7724609375 0.130859375 0.052734375
0 0.2734375 0.783203125 0.265625 0.05615234375
0 0.0810546875 0.83203125 0.162109375 0.05859375
0 0.26708984375 0.8408203125 0.1904296875 0.05419921875
0 0.80615234375 0.8095703125 0.15869140625 0.11181640625
0 0.9345703125 0.8095703125 0.08251953125 0.09814453125
0 0.76611328125 0.91943359375 0.16357421875 0.08837890625
0 0.90625 0.91796875 0.0986328125 0.091796875
0 0.97900390625 0.94091796875 0.0419921875 0.0888671875