0 0.38671875 0.19482421875 0.04833984375 0.0400390625
0 0.43505859375 0.193359375 0.0390625 0.0419921875
0 0.46875 0.1982421875 0.0283203125 0.0419921875
0 0.421875 0.24267578125 0.1064453125 0.03271484375
0 0.57421875 0.0185546875 0.08203125 0.037109375
0 0.671875 0.02685546875 0.107421875 0.0537109375
0 0.76318359375 0.01806640625 0.0751953125 0.0361328125
0 0.86279296875 0.02783203125 0.1220703125 0.0556640625
0 0.54345703125 0.166015625 0.0869140625 0.1953125
0 0.6767578125 0.21875 0.1494140625 0.18359375
0 0.87158203125 0.2021484375 0.203125 0.18505859375
0 0.50927734375 0.462890625 0.0166015625 0.0400390625
0 0.544921875 0.47265625 0.046875 0.0400390625
0 0.5859375 0.4638671875 0.029296875 0.044921875
0 0.63525390625 0.47314453125 0.044921875 0.0322265625
0 0.681640625 0.47412109375 0.0380859375 0.0400390625
0 0.009765625 0.70458984375 0.01953125 0.0693359375
0 0.04736328125 0.70703125 0.052734375 0.07421875
0 0.09814453125 0.70849609375 0.04833984375 0.07080078125
0 0.18896484375 0.70849609375 0.0498046875 0.07421875
0 0.25390625 0.70751953125 0.07421875 0.080078125
0 0.40576171875 0.68798828125 0.08984375 0.03515625
0 0.3671875 0.7333984375 0.05517578125 0.029296875
0 0.43701171875 0.73291015625 0.08056640625 0.041015625
0 0.1708984375 0.84130859375 0.02880859375 0.021484375
0 0.578125 0.7841796875 0.15625 0.06640625