0 0.240234375 0.27490234375 0.0908203125 0.04638671875
0 0.08544921875 0.37548828125 0.05078125 0.04931640625
0 0.14111328125 0.380859375 0.07080078125 0.04931640625
0 0.197265625 0.37744140625 0.03466796875 0.03662109375
0 0.2509765625 0.375 0.06884765625 0.03955078125
0 0.30712890625 0.37109375 0.04345703125 0.04248046875
0 0.35986328125 0.3701171875 0.0546875 0.04931640625
0 0.39990234375 0.36279296875 0.0185546875 0.0478515625
0 0.099609375 0.4453125 0.126953125 0.068359375
0 0.212890625 0.44189453125 0.1162109375 0.0693359375
0 0.3134765625 0.435546875 0.09619140625 0.08447265625
0 0.38720703125 0.4345703125 0.0439453125 0.072265625
0 0.44482421875 0.2529296875 0.05126953125 0.0908203125
0 0.505859375 0.2607421875 0.0615234375 0.0927734375
0 0.58447265625 0.2685546875 0.083984375 0.09521484375
0 0.6650390625 0.2890625 0.07080078125 0.10888671875
0 0.73583984375 0.2822265625 0.064453125 0.1044921875
0 0.8095703125 0.29931640625 0.07958984375 0.08837890625
0 0.45068359375 0.36376953125 0.06298828125 0.1044921875
0 0.51416015625 0.373046875 0.05126953125 0.09521484375
0 0.57666015625 0.37890625 0.064453125 0.09765625
0 0.642578125 0.40234375 0.0615234375 0.09521484375
0 0.7119140625 0.40234375 0.06787109375 0.0771484375
0 0.78076171875 0.40234375 0.0615234375 0.0908203125
0 0.83447265625 0.40234375 0.0419921875 0.099609375
0 0.8740234375 0.41162109375 0.03759765625 0.0908203125
0 0.79638671875 0.4658203125 0.0478515625 0.02734375
0 0.8310546875 0.4677734375 0.021484375 0.0234375
0 0.2724609375 0.83642578125 0.15283203125 0.134765625
0 0.07861328125 0.7080078125 0.12841796875 0.04345703125
0 0.18408203125 0.71142578125 0.08642578125 0.03515625
0 0.75341796875 0.537109375 0.0654296875 0.04443359375
0 0.84326171875 0.537109375 0.0966796875 0.052734375
0 0.806640625 0.58544921875 0.0966796875 0.04150390625
0 0.73388671875 0.66943359375 0.11572265625 0.12939453125
0 0.87451171875 0.677734375 0.1279296875 0.10400390625
0 0.72607421875 0.78564453125 0.04150390625 0.04443359375
0 0.82958984375 0.78564453125 0.1552734375 0.052734375