0 0.1279296875 0.326171875 0.189453125 0.24462890625
0 0.2998046875 0.328125 0.13037109375 0.22021484375
0 0.09912109375 0.505859375 0.107421875 0.07470703125
0 0.1865234375 0.494140625 0.06982421875 0.07861328125
0 0.25927734375 0.48681640625 0.06689453125 0.07666015625
0 0.330078125 0.48388671875 0.07275390625 0.07861328125
0 0.14990234375 0.6181640625 0.0908203125 0.09716796875
0 0.2099609375 0.6171875 0.03466796875 0.0908203125
0 0.2705078125 0.6142578125 0.09228515625 0.09716796875
0 0.96435546875 0.80078125 0.06494140625 0.04638671875
0 0.1953125 0.08203125 0.033203125 0.0302734375
0 0.22705078125 0.07470703125 0.01806640625 0.0283203125
0 0.216796875 0.1162109375 0.03955078125 0.0341796875
0 0.39697265625 0.064453125 0.0244140625 0.04443359375
0 0.42333984375 0.13427734375 0.02294921875 0.0263671875