0 0.1767578125 0.01953125 0.146484375 0.0390625
0 0.31591796875 0.0263671875 0.1240234375 0.052734375
0 0.07373046875 0.16796875 0.09228515625 0.24609375
0 0.1806640625 0.171875 0.09814453125 0.23779296875
0 0.294921875 0.171875 0.1181640625 0.22705078125
0 0.39013671875 0.17333984375 0.09228515625 0.20849609375
0 0.19482421875 0.345703125 0.0703125 0.0830078125
0 0.27001953125 0.34326171875 0.068359375 0.08837890625
0 0.326171875 0.345703125 0.0400390625 0.072265625
0 0.07666015625 0.46630859375 0.1142578125 0.072265625
0 0.177734375 0.46240234375 0.09228515625 0.07470703125
0 0.26220703125 0.44482421875 0.083984375 0.06689453125
0 0.34912109375 0.4365234375 0.09033203125 0.0615234375
0 0.4130859375 0.42724609375 0.0458984375 0.05859375
0 0.1171875 0.5458984375 0.087890625 0.06640625
0 0.19384765625 0.53173828125 0.05224609375 0.0693359375
0 0.2509765625 0.52783203125 0.06201171875 0.06689453125
0 0.31201171875 0.51025390625 0.05615234375 0.0693359375
0 0.6806640625 0.421875 0.02392578125 0.0390625
0 0.697265625 0.392578125 0.0380859375 0.03662109375
0 0.73974609375 0.38134765625 0.044921875 0.02587890625
0 0.7685546875 0.39697265625 0.02685546875 0.03173828125
0 0.1103515625 0.60791015625 0.076171875 0.0576171875
0 0.20263671875 0.61376953125 0.10693359375 0.05126953125
0 0.28564453125 0.615234375 0.05712890625 0.05419921875
0 0.36572265625 0.61865234375 0.10546875 0.05517578125
0 0.4375 0.6259765625 0.044921875 0.060546875
0 0.10302734375 0.70849609375 0.08349609375 0.13037109375
0 0.2060546875 0.73486328125 0.1083984375 0.12060546875
0 0.30810546875 0.73583984375 0.09326171875 0.09375
0 0.40771484375 0.7236328125 0.1044921875 0.111328125
0 0.203125 0.81591796875 0.16650390625 0.04052734375
0 0.34912109375 0.818359375 0.11669921875 0.03759765625
0 0.43798828125 0.81982421875 0.0439453125 0.0341796875
0 0.13037109375 0.86962890625 0.10400390625 0.03857421875
0 0.251953125 0.87158203125 0.1279296875 0.033203125
0 0.12548828125 0.931640625 0.1025390625 0.0498046875
0 0.2177734375 0.93359375 0.08203125 0.04248046875
0 0.2900390625 0.93212890625 0.0625 0.044921875
0 0.35791015625 0.93359375 0.04296875 0.05126953125
0 0.41943359375 0.92578125 0.0791015625 0.0498046875
0 0.1201171875 0.9853515625 0.056640625 0.029296875
0 0.21435546875 0.98046875 0.1201171875 0.0390625
0 0.31396484375 0.9794921875 0.0673828125 0.041015625
0 0.40380859375 0.9814453125 0.0986328125 0.037109375
0 0.53759765625 0.822265625 0.1123046875 0.048828125
0 0.64208984375 0.8203125 0.09716796875 0.05029296875
0 0.74658203125 0.81494140625 0.10888671875 0.0556640625
0 0.83251953125 0.81298828125 0.0615234375 0.04638671875
0 0.93505859375 0.810546875 0.1298828125 0.052734375
0 0.4736328125 0.87890625 0.02734375 0.056640625
0 0.5302734375 0.8779296875 0.09912109375 0.048828125
0 0.6279296875 0.87646484375 0.09814453125 0.048828125
0 0.74365234375 0.88134765625 0.126953125 0.0556640625
0 0.85498046875 0.8759765625 0.09228515625 0.0556640625
0 0.9541015625 0.8720703125 0.091796875 0.0546875