0 0.31787109375 0.27197265625 0.2646484375 0.36962890625
0 0.447265625 0.228515625 0.10546875 0.376953125
0 0.57470703125 0.0283203125 0.1494140625 0.056640625
0 0.77783203125 0.029296875 0.1669921875 0.05859375
0 0.939453125 0.0322265625 0.12109375 0.064453125
0 0.92822265625 0.14794921875 0.02734375 0.025390625
0 0.95361328125 0.14990234375 0.021484375 0.029296875
0 0.98193359375 0.1474609375 0.0361328125 0.041015625
0 0.2744140625 0.50341796875 0.375 0.0673828125
0 0.138671875 0.54931640625 0.05322265625 0.0400390625
0 0.27685546875 0.552734375 0.216796875 0.04443359375
0 0.09130859375 0.7021484375 0.06689453125 0.06787109375
0 0.08642578125 0.7880859375 0.0625 0.08203125
0 0.072265625 0.923828125 0.05517578125 0.0859375
0 0.15185546875 0.93212890625 0.02099609375 0.0888671875
0 0.22705078125 0.94140625 0.1298828125 0.1171875
0 0.35595703125 0.953125 0.1064453125 0.09375
0 0.44482421875 0.91552734375 0.0771484375 0.0361328125
0 0.56201171875 0.5126953125 0.0947265625 0.06787109375
0 0.64501953125 0.51318359375 0.0625 0.06689453125
0 0.7119140625 0.5234375 0.0654296875 0.06787109375
0 0.79052734375 0.51904296875 0.09375 0.0751953125
0 0.88818359375 0.517578125 0.0927734375 0.0556640625
0 0.96826171875 0.51708984375 0.0634765625 0.0556640625
0 0.51123046875 0.59765625 0.0224609375 0.060546875
0 0.57763671875 0.59228515625 0.11376953125 0.0693359375
0 0.70556640625 0.59033203125 0.13623046875 0.07080078125
0 0.8349609375 0.58740234375 0.11572265625 0.06787109375
0 0.9482421875 0.58544921875 0.103515625 0.0673828125
0 0.81689453125 0.66650390625 0.05810546875 0.03759765625
0 0.88134765625 0.67041015625 0.06689453125 0.04150390625
0 0.9453125 0.6689453125 0.05712890625 0.04443359375
0 0.98779296875 0.66357421875 0.0244140625 0.0341796875