0 0.056640625 0.064453125 0.03125 0.04345703125
0 0.0234375 0.140625 0.046875 0.02734375
0 0.07275390625 0.14013671875 0.05126953125 0.0283203125
0 0.109375 0.14111328125 0.0185546875 0.0234375
0 0.41455078125 0.06103515625 0.4423828125 0.1220703125
0 0.1552734375 0.2421875 0.310546875 0.203125
0 0.53271484375 0.2412109375 0.4189453125 0.2001953125
0 0.75830078125 0.26171875 0.0224609375 0.154296875
0 0.84521484375 0.1689453125 0.125 0.1708984375
0 0.076171875 0.77294921875 0.07373046875 0.12646484375
0 0.17138671875 0.77880859375 0.11865234375 0.1083984375
0 0.26513671875 0.7744140625 0.0712890625 0.10986328125
0 0.35888671875 0.763671875 0.076171875 0.13818359375
0 0.44091796875 0.75634765625 0.072265625 0.13330078125
0 0.51904296875 0.75439453125 0.076171875 0.13671875
0 0.61279296875 0.76318359375 0.1064453125 0.1533203125
0 0.017578125 0.921875 0.03515625 0.134765625
0 0.07421875 0.9130859375 0.0751953125 0.1435546875
0 0.15625 0.91943359375 0.0810546875 0.1298828125
0 0.24755859375 0.92529296875 0.0888671875 0.12158203125
0 0.30859375 0.89697265625 0.0185546875 0.05810546875
0 0.373046875 0.91650390625 0.09521484375 0.14013671875
0 0.49951171875 0.927734375 0.10986328125 0.11669921875
0 0.6279296875 0.9345703125 0.107421875 0.130859375
0 0.73583984375 0.9296875 0.0673828125 0.140625
0 0.814453125 0.48095703125 0.08984375 0.0576171875
0 0.89990234375 0.50146484375 0.072265625 0.05517578125