0 0.220703125 0.11328125 0.12353515625 0.04052734375
0 0.29833984375 0.119140625 0.0341796875 0.03125
0 0.0693359375 0.1953125 0.138671875 0.150390625
0 0.3037109375 0.22412109375 0.3515625 0.1865234375
0 0.10205078125 0.3037109375 0.14208984375 0.07177734375
0 0.2685546875 0.3154296875 0.140625 0.0673828125
0 0.37158203125 0.32568359375 0.0810546875 0.0595703125
0 0.24267578125 0.38037109375 0.23291015625 0.0498046875
0 0.939453125 0.447265625 0.12109375 0.025390625
0 0.28857421875 0.482421875 0.1142578125 0.044921875
0 0.42333984375 0.48583984375 0.1123046875 0.0517578125
0 0.4326171875 0.5498046875 0.09375 0.072265625
0 0.4462890625 0.63330078125 0.0498046875 0.03662109375
0 0.4501953125 0.6728515625 0.05859375 0.0234375
0 0.34130859375 0.72412109375 0.0244140625 0.00732421875
0 0.33056640625 0.7333984375 0.02392578125 0.00830078125
0 0.3486328125 0.73388671875 0.0146484375 0.00830078125
0 0.359375 0.73388671875 0.0107421875 0.0078125
0 0.36962890625 0.7353515625 0.01416015625 0.0087890625
0 0.4248046875 0.7138671875 0.01220703125 0.01318359375
0 0.43798828125 0.7138671875 0.015625 0.0126953125
0 0.4599609375 0.7158203125 0.02880859375 0.0107421875
0 0.47705078125 0.71533203125 0.0048828125 0.0126953125
0 0.4033203125 0.7294921875 0.025390625 0.01123046875
0 0.4326171875 0.7314453125 0.0341796875 0.01318359375
0 0.46435546875 0.73193359375 0.0302734375 0.0146484375
0 0.43359375 0.74658203125 0.01513671875 0.01416015625
0 0.45068359375 0.74658203125 0.017578125 0.01318359375
0 0.4658203125 0.74609375 0.0107421875 0.0146484375
0 0.47509765625 0.74609375 0.0087890625 0.013671875
0 0.46484375 0.76171875 0.0146484375 0.01513671875
0 0.4755859375 0.7607421875 0.0078125 0.013671875
0 0.08837890625 0.86767578125 0.017578125 0.01318359375
0 0.107421875 0.8681640625 0.02099609375 0.013671875
0 0.12451171875 0.86865234375 0.01318359375 0.013671875
0 0.08544921875 0.88134765625 0.0126953125 0.0126953125
0 0.09375 0.88232421875 0.00732421875 0.013671875
0 0.1005859375 0.88232421875 0.00634765625 0.0107421875
0 0.107421875 0.8837890625 0.0087890625 0.01220703125
0 0.115234375 0.88330078125 0.0068359375 0.009765625
0 0.1240234375 0.8828125 0.0107421875 0.0126953125
0 0.458984375 0.994140625 0.0166015625 0.00732421875
0 0.66650390625 0.8056640625 0.22607421875 0.0546875
0 0.8330078125 0.80859375 0.10107421875 0.044921875
0 0.77001953125 0.91845703125 0.4599609375 0.1630859375