0 0.44873046875 0.01513671875 0.2216796875 0.0302734375
0 0.39404296875 0.06103515625 0.0986328125 0.05126953125
0 0.5087890625 0.06640625 0.1015625 0.060546875
0 0.5068359375 0.2490234375 0.056640625 0.0185546875
0 0.501953125 0.43701171875 0.04345703125 0.04052734375
0 0.51171875 0.4111328125 0.0537109375 0.03759765625
0 0.46728515625 0.56640625 0.0556640625 0.025390625
0 0.5283203125 0.56103515625 0.052734375 0.0361328125
0 0.52978515625 0.5380859375 0.05126953125 0.0498046875
0 0.53466796875 0.505859375 0.046875 0.04443359375
0 0.47802734375 0.55419921875 0.046875 0.0419921875
0 0.88134765625 0.22314453125 0.03125 0.03515625
0 0.876953125 0.25830078125 0.05615234375 0.0400390625
0 0.9501953125 0.2197265625 0.046875 0.03759765625
0 0.947265625 0.2548828125 0.0283203125 0.03271484375
0 0.130859375 0.791015625 0.078125 0.05419921875
0 0.2041015625 0.78955078125 0.060546875 0.05419921875
0 0.2783203125 0.79052734375 0.08203125 0.052734375
0 0.18994140625 0.9111328125 0.0419921875 0.03076171875
0 0.42041015625 0.765625 0.0185546875 0.0263671875
0 0.4228515625 0.8125 0.017578125 0.0263671875
0 0.42529296875 0.859375 0.0185546875 0.0263671875
0 0.427734375 0.9091796875 0.017578125 0.0263671875
0 0.42919921875 0.9580078125 0.0185546875 0.02490234375
0 0.7548828125 0.62646484375 0.3203125 0.0947265625
0 0.80126953125 0.79443359375 0.16845703125 0.19091796875
0 0.9462890625 0.82763671875 0.107421875 0.2666015625