0 0.4365234375 0.2783203125 0.12353515625 0.04052734375
0 0.51416015625 0.2841796875 0.0341796875 0.03125
0 0.2353515625 0.36083984375 0.2392578125 0.14990234375
0 0.5546875 0.3896484375 0.421875 0.18603515625
0 0.31787109375 0.46875 0.14208984375 0.07177734375
0 0.484375 0.48046875 0.140625 0.0673828125
0 0.58740234375 0.49072265625 0.0810546875 0.0595703125
0 0.45849609375 0.54541015625 0.23291015625 0.0498046875
0 0.7880859375 0.6943359375 0.1767578125 0.07666015625
0 0.7177734375 0.78271484375 0.0888671875 0.04052734375
0 0.7890625 0.78369140625 0.05322265625 0.0419921875