0 0.328125 0.28955078125 0.08740234375 0.04150390625
0 0.4326171875 0.3193359375 0.04736328125 0.009765625
0 0.43798828125 0.2978515625 0.1240234375 0.037109375
0 0.4638671875 0.3203125 0.01708984375 0.009765625
0 0.482421875 0.32080078125 0.0263671875 0.00927734375
0 0.3046875 0.3056640625 0.0439453125 0.01513671875
0 0.345703125 0.31103515625 0.041015625 0.013671875
0 0.17724609375 0.35595703125 0.05908203125 0.04150390625
0 0.24365234375 0.37548828125 0.076171875 0.03515625
0 0.2373046875 0.408203125 0.17236328125 0.1015625
0 0.10400390625 0.298828125 0.02978515625 0.0380859375
0 0.4140625 0.4326171875 0.171875 0.0703125
0 0.4306640625 0.47900390625 0.0361328125 0.013671875
0 0.47265625 0.4794921875 0.0546875 0.017578125
0 0.21630859375 0.4697265625 0.08837890625 0.05322265625
0 0.32080078125 0.49560546875 0.11865234375 0.048828125
0 0.4326171875 0.50341796875 0.10107421875 0.0244140625
0 0.4921875 0.49609375 0.015625 0.03125
0 0.30126953125 0.54150390625 0.0791015625 0.0234375
0 0.3828125 0.5419921875 0.0732421875 0.0234375
0 0.28857421875 0.5771484375 0.15869140625 0.0751953125
0 0.43310546875 0.57763671875 0.10888671875 0.06689453125
0 0.49609375 0.5517578125 0.0078125 0.01171875
0 0.3125 0.6328125 0.04150390625 0.02001953125
0 0.34228515625 0.63916015625 0.02392578125 0.017578125
0 0.35791015625 0.6376953125 0.0185546875 0.01611328125
0 0.36767578125 0.6376953125 0.01513671875 0.01708984375
0 0.31298828125 0.65673828125 0.052734375 0.02001953125
0 0.34912109375 0.662109375 0.02880859375 0.013671875
0 0.3662109375 0.66162109375 0.013671875 0.01513671875
0 0.2509765625 0.66943359375 0.080078125 0.0205078125
0 0.5791015625 0.087890625 0.158203125 0.17578125
0 0.70947265625 0.09716796875 0.10595703125 0.115234375
0 0.82177734375 0.1083984375 0.10400390625 0.1064453125
0 0.89892578125 0.1171875 0.04833984375 0.0888671875
0 0.962890625 0.11962890625 0.07421875 0.1044921875
0 0.69189453125 0.216796875 0.07080078125 0.095703125
0 0.7470703125 0.22119140625 0.0322265625 0.07958984375
0 0.7958984375 0.21484375 0.056640625 0.078125
0 0.86376953125 0.21923828125 0.07080078125 0.0693359375
0 0.92919921875 0.22119140625 0.056640625 0.0654296875
0 0.97998046875 0.22314453125 0.0400390625 0.0654296875
0 0.6982421875 0.29638671875 0.09423828125 0.10302734375
0 0.78369140625 0.2939453125 0.06884765625 0.0654296875
0 0.86669921875 0.294921875 0.0869140625 0.07080078125
0 0.94091796875 0.30029296875 0.0537109375 0.07080078125
0 0.98583984375 0.2978515625 0.0283203125 0.0703125
0 0.66552734375 0.40478515625 0.0283203125 0.0458984375
0 0.69580078125 0.3994140625 0.0302734375 0.0458984375
0 0.72265625 0.40185546875 0.02099609375 0.041015625
0 0.75537109375 0.40087890625 0.04638671875 0.056640625
0 0.798828125 0.40478515625 0.04248046875 0.05322265625
0 0.84912109375 0.41015625 0.0556640625 0.0498046875
0 0.892578125 0.40380859375 0.03125 0.04443359375
0 0.92333984375 0.4091796875 0.0322265625 0.05126953125
0 0.958984375 0.408203125 0.04345703125 0.0458984375
0 0.98828125 0.40771484375 0.0234375 0.0458984375
0 0.66845703125 0.458984375 0.03662109375 0.05126953125
0 0.70947265625 0.455078125 0.04541015625 0.05126953125
0 0.77783203125 0.45361328125 0.0888671875 0.0478515625
0 0.85302734375 0.4560546875 0.03515625 0.04248046875
0 0.91455078125 0.45703125 0.08984375 0.041015625
0 0.982421875 0.45849609375 0.03515625 0.0439453125