0 0.3603515625 0.1435546875 0.06005859375 0.08251953125
0 0.42041015625 0.1416015625 0.06005859375 0.07861328125
0 0.484375 0.1376953125 0.0625 0.07861328125
0 0.55908203125 0.1318359375 0.07763671875 0.07470703125
0 0.3466796875 0.24755859375 0.03759765625 0.07861328125
0 0.37158203125 0.27099609375 0.017578125 0.0234375
0 0.421875 0.24365234375 0.07763671875 0.07080078125
0 0.51171875 0.23779296875 0.09228515625 0.07470703125
0 0.6044921875 0.2275390625 0.009765625 0.0703125
0 0.27685546875 0.38671875 0.052734375 0.08251953125
0 0.32666015625 0.37890625 0.04248046875 0.08251953125
0 0.37451171875 0.390625 0.04736328125 0.08251953125
0 0.4404296875 0.373046875 0.0751953125 0.09423828125
0 0.50048828125 0.373046875 0.044921875 0.08642578125
0 0.546875 0.376953125 0.0224609375 0.07080078125
0 0.5830078125 0.373046875 0.0498046875 0.07080078125
0 0.2861328125 0.4677734375 0.087890625 0.064453125
0 0.35888671875 0.4716796875 0.0478515625 0.056640625
0 0.40771484375 0.4736328125 0.0400390625 0.052734375
0 0.53369140625 0.4736328125 0.0380859375 0.052734375
0 0.576171875 0.4716796875 0.052734375 0.056640625
0 0.59619140625 0.52490234375 0.0263671875 0.0322265625
0 0.552734375 0.51806640625 0.04736328125 0.02197265625
0 0.5009765625 0.5185546875 0.02783203125 0.0166015625
0 0.4599609375 0.5166015625 0.0263671875 0.01416015625
0 0.4169921875 0.517578125 0.02392578125 0.01611328125
0 0.37451171875 0.51611328125 0.02587890625 0.015625
0 0.33251953125 0.5146484375 0.0283203125 0.0146484375
0 0.55419921875 0.7470703125 0.1103515625 0.1796875
0 0.568359375 0.92431640625 0.08203125 0.1513671875
0 0.11474609375 0.73876953125 0.01025390625 0.0068359375
0 0.037109375 0.64794921875 0.02880859375 0.025390625
0 0.03759765625 0.669921875 0.02392578125 0.01611328125
0 0.0439453125 0.6943359375 0.0283203125 0.03173828125
0 0.0615234375 0.72509765625 0.0302734375 0.03076171875
0 0.111328125 0.90966796875 0.02099609375 0.04150390625
0 0.11279296875 0.94287109375 0.015625 0.01953125
0 0.115234375 0.974609375 0.0166015625 0.0400390625
0 0.07568359375 0.93017578125 0.0498046875 0.0830078125
0 0.0869140625 0.99072265625 0.048828125 0.0185546875
0 0.072265625 0.69140625 0.0361328125 0.03759765625
0 0.66015625 0.5537109375 0.1015625 0.041015625
0 0.77685546875 0.55908203125 0.10400390625 0.0361328125
0 0.86474609375 0.55517578125 0.05126953125 0.04736328125
0 0.9150390625 0.55859375 0.03173828125 0.03759765625
0 0.97021484375 0.55712890625 0.0595703125 0.0419921875
0 0.64794921875 0.60107421875 0.0537109375 0.05078125
0 0.7080078125 0.6044921875 0.05615234375 0.04736328125
0 0.7763671875 0.6025390625 0.0390625 0.0537109375
0 0.8251953125 0.60693359375 0.05615234375 0.0556640625
0 0.89404296875 0.609375 0.07373046875 0.0537109375
0 0.974609375 0.6044921875 0.05078125 0.05859375
0 0.64111328125 0.66015625 0.0634765625 0.0390625
0 0.68408203125 0.6630859375 0.01611328125 0.0341796875
0 0.73583984375 0.66796875 0.06884765625 0.03125