0 0.34716796875 0.2373046875 0.0654296875 0.244140625
0 0.3427734375 0.50927734375 0.07421875 0.2451171875
0 0.58154296875 0.33935546875 0.0107421875 0.0185546875
0 0.5869140625 0.31787109375 0.021484375 0.03369140625
0 0.60498046875 0.29736328125 0.0302734375 0.0322265625
0 0.63623046875 0.2919921875 0.0322265625 0.02783203125
0 0.65673828125 0.306640625 0.0205078125 0.029296875
0 0.66845703125 0.32861328125 0.0185546875 0.03369140625
0 0.58349609375 0.3779296875 0.0146484375 0.02783203125
0 0.59716796875 0.40380859375 0.0302734375 0.0400390625
0 0.63232421875 0.416015625 0.0478515625 0.021484375
0 0.6630859375 0.3955078125 0.03125 0.04736328125
0 0.8759765625 0.375 0.248046875 0.13671875
0 0.7041015625 0.552734375 0.28515625 0.21142578125
0 0.28076171875 0.67626953125 0.0615234375 0.0126953125