0 0.23046875 0.42333984375 0.07373046875 0.12646484375
0 0.32568359375 0.42919921875 0.11865234375 0.1083984375
0 0.41943359375 0.4248046875 0.0712890625 0.10986328125
0 0.51318359375 0.4140625 0.076171875 0.13818359375
0 0.59521484375 0.40673828125 0.072265625 0.13330078125
0 0.67333984375 0.40478515625 0.076171875 0.13671875
0 0.76708984375 0.41357421875 0.1064453125 0.1533203125
0 0.13623046875 0.572265625 0.107421875 0.134765625
0 0.228515625 0.5634765625 0.0751953125 0.1435546875
0 0.310546875 0.56982421875 0.0810546875 0.1298828125
0 0.40185546875 0.57568359375 0.0888671875 0.12158203125
0 0.462890625 0.54736328125 0.0185546875 0.05810546875
0 0.52734375 0.56689453125 0.09521484375 0.14013671875
0 0.65380859375 0.578125 0.10986328125 0.11669921875
0 0.78271484375 0.5859375 0.107421875 0.1318359375
0 0.90576171875 0.583984375 0.0986328125 0.1484375
0 0.486328125 0.83154296875 0.22265625 0.2001953125
0 0.30126953125 0.81396484375 0.26513671875 0.1884765625
0 0.12109375 0.8056640625 0.232421875 0.16845703125
0 0.740234375 0.8310546875 0.1923828125 0.16845703125