0 0.03076171875 0.37744140625 0.0517578125 0.09716796875
0 0.07861328125 0.35986328125 0.04345703125 0.10693359375
0 0.1171875 0.35986328125 0.0302734375 0.09716796875
0 0.0107421875 0.46142578125 0.021484375 0.0673828125
0 0.041015625 0.45849609375 0.03857421875 0.06982421875
0 0.09228515625 0.4521484375 0.0703125 0.05712890625
0 0.009765625 0.53564453125 0.01953125 0.0595703125
0 0.05126953125 0.5380859375 0.05859375 0.064453125
0 0.10205078125 0.525390625 0.046875 0.064453125
0 0.0390625 0.591796875 0.078125 0.03515625
0 0.572265625 0.078125 0.224609375 0.091796875
0 0.5263671875 0.23046875 0.1328125 0.15625
0 0.75634765625 0.2197265625 0.25537109375 0.158203125
0 0.58642578125 0.4111328125 0.1376953125 0.07080078125
0 0.6875 0.41162109375 0.029296875 0.072265625
0 0.609375 0.564453125 0.228515625 0.08984375
0 0.56103515625 0.62060546875 0.1904296875 0.0224609375
0 0.75341796875 0.6142578125 0.1513671875 0.009765625
0 0.63720703125 0.67236328125 0.12548828125 0.02392578125
0 0.53955078125 0.736328125 0.1298828125 0.03271484375
0 0.71484375 0.73046875 0.17724609375 0.02978515625
0 0.5419921875 0.8046875 0.12548828125 0.0283203125
0 0.70849609375 0.794921875 0.16455078125 0.0361328125
0 0.54052734375 0.869140625 0.1611328125 0.02734375
0 0.72802734375 0.8662109375 0.18603515625 0.0283203125
0 0.56982421875 0.943359375 0.15576171875 0.02685546875