0 0.03271484375 0.6220703125 0.0654296875 0.0546875
0 0.10546875 0.5986328125 0.03173828125 0.04736328125
0 0.2890625 0.58984375 0.013671875 0.02001953125
0 0.30859375 0.58251953125 0.025390625 0.02978515625
0 0.337890625 0.56884765625 0.02685546875 0.0322265625
0 0.3671875 0.5625 0.03466796875 0.03466796875
0 0.3984375 0.54736328125 0.025390625 0.02978515625
0 0.42333984375 0.54248046875 0.02392578125 0.03466796875
0 0.00390625 0.44482421875 0.0078125 0.0419921875
0 0.56201171875 0.0673828125 0.04638671875 0.06640625
0 0.6064453125 0.06982421875 0.04248046875 0.0498046875
0 0.64599609375 0.07373046875 0.0361328125 0.06640625
0 0.6728515625 0.07177734375 0.02001953125 0.04541015625
0 0.6240234375 0.119140625 0.0576171875 0.033203125
0 0.66796875 0.1162109375 0.03271484375 0.03125
0 0.6982421875 0.08740234375 0.02001953125 0.06005859375
0 0.54638671875 0.6669921875 0.0927734375 0.03515625
0 0.93359375 0.68603515625 0.1328125 0.0732421875
0 0.67626953125 0.9794921875 0.0712890625 0.041015625
0 0.7490234375 0.97265625 0.080078125 0.0546875
0 0.9287109375 0.97705078125 0.142578125 0.0458984375