0 0.6767578125 0.04150390625 0.115234375 0.0830078125
0 0.87451171875 0.033203125 0.2509765625 0.06640625
0 0.6591796875 0.13330078125 0.080078125 0.0791015625
0 0.00732421875 0.7578125 0.0146484375 0.05078125
0 0.03759765625 0.76318359375 0.04345703125 0.0693359375
0 0.0810546875 0.783203125 0.03662109375 0.06396484375
0 0.03076171875 0.82177734375 0.02734375 0.04150390625
0 0.07177734375 0.83251953125 0.05517578125 0.0478515625
0 0.01025390625 0.9404296875 0.0205078125 0.119140625
0 0.06396484375 0.943359375 0.0849609375 0.11328125
0 0.263671875 0.88330078125 0.01171875 0.01171875
0 0.62841796875 0.66845703125 0.0185546875 0.0419921875
0 0.63525390625 0.7578125 0.0322265625 0.0703125
0 0.697265625 0.75537109375 0.087890625 0.0654296875
0 0.7705078125 0.75537109375 0.05078125 0.0654296875