0 0.966796875 0.02001953125 0.052734375 0.0400390625
0 0.03515625 0.43603515625 0.05859375 0.0322265625
0 0.064453125 0.52294921875 0.07275390625 0.0634765625
0 0.38525390625 0.55224609375 0.05712890625 0.02685546875
0 0.43115234375 0.55712890625 0.02978515625 0.0263671875
0 0.466796875 0.560546875 0.03369140625 0.0234375
0 0.4951171875 0.5595703125 0.02099609375 0.02490234375
0 0.52490234375 0.5615234375 0.03369140625 0.025390625
0 0.55615234375 0.56640625 0.02978515625 0.02490234375
0 0.5966796875 0.5673828125 0.0458984375 0.0263671875
0 0.65234375 0.5703125 0.06591796875 0.0234375