0 0.31103515625 0.181640625 0.11962890625 0.14501953125
0 0.40576171875 0.17578125 0.05419921875 0.13330078125
0 0.4658203125 0.17333984375 0.046875 0.1298828125
0 0.23291015625 0.357421875 0.09912109375 0.1494140625
0 0.32373046875 0.36083984375 0.068359375 0.11572265625
0 0.42529296875 0.34619140625 0.1279296875 0.1298828125
0 0.15087890625 0.541015625 0.0654296875 0.09765625
0 0.2041015625 0.5361328125 0.03515625 0.107421875
0 0.26611328125 0.5341796875 0.0673828125 0.111328125
0 0.353515625 0.5126953125 0.09423828125 0.12841796875
0 0.4462890625 0.50390625 0.0859375 0.123046875
0 0.54248046875 0.1494140625 0.1064453125 0.0703125
0 0.75048828125 0.1103515625 0.3310546875 0.220703125
0 0.95166015625 0.166015625 0.0966796875 0.126953125
0 0.77734375 0.34228515625 0.05517578125 0.06201171875
0 0.890625 0.3466796875 0.16650390625 0.06494140625
0 0.98779296875 0.34326171875 0.0244140625 0.0595703125
0 0.615234375 0.5478515625 0.03857421875 0.05615234375
0 0.01611328125 0.62158203125 0.0322265625 0.0341796875
0 0.12841796875 0.623046875 0.095703125 0.02978515625
0 0.20556640625 0.62158203125 0.05908203125 0.02685546875
0 0.25830078125 0.619140625 0.04248046875 0.0283203125
0 0.32080078125 0.61962890625 0.07568359375 0.0361328125
0 0.4248046875 0.6181640625 0.12890625 0.033203125
0 0.01806640625 0.71142578125 0.0361328125 0.0341796875
0 0.13037109375 0.7109375 0.095703125 0.02978515625
0 0.220703125 0.7099609375 0.08837890625 0.0283203125
0 0.32470703125 0.7099609375 0.11962890625 0.03466796875
0 0.41650390625 0.7080078125 0.064453125 0.02685546875
0 0.470703125 0.70556640625 0.037109375 0.0283203125
0 0.01806640625 0.80322265625 0.0361328125 0.0361328125
0 0.12109375 0.802734375 0.05908203125 0.03125
0 0.197265625 0.80126953125 0.09033203125 0.0283203125
0 0.27490234375 0.798828125 0.060546875 0.02978515625
0 0.32373046875 0.80078125 0.04052734375 0.02978515625
0 0.3759765625 0.79736328125 0.05712890625 0.02685546875
0 0.443359375 0.79736328125 0.06982421875 0.02685546875
0 0.1328125 0.9853515625 0.09375 0.029296875
0 0.21240234375 0.98291015625 0.060546875 0.02978515625
0 0.30322265625 0.98291015625 0.11767578125 0.033203125
0 0.3935546875 0.9814453125 0.05908203125 0.0361328125
0 0.62744140625 0.60107421875 0.0576171875 0.0224609375
0 0.6962890625 0.60302734375 0.06640625 0.0263671875
0 0.75634765625 0.60693359375 0.0478515625 0.0341796875
0 0.810546875 0.603515625 0.044921875 0.02734375
0 0.8779296875 0.6044921875 0.0703125 0.029296875
0 0.62939453125 0.6728515625 0.07568359375 0.04833984375
0 0.71240234375 0.67529296875 0.07763671875 0.06396484375
0 0.794921875 0.671875 0.07470703125 0.0556640625
0 0.8642578125 0.68115234375 0.052734375 0.0556640625