0 0.513671875 0.01904296875 0.048828125 0.0380859375
0 0.486328125 0.06982421875 0.046875 0.04638671875
0 0.533203125 0.06005859375 0.04248046875 0.0498046875
0 0.5634765625 0.0556640625 0.021484375 0.04833984375
0 0.33935546875 0.84033203125 0.05908203125 0.0283203125
0 0.39404296875 0.8349609375 0.0302734375 0.03125
0 0.26220703125 0.88671875 0.06884765625 0.05224609375
0 0.3212890625 0.8857421875 0.037109375 0.05078125
0 0.37939453125 0.8916015625 0.0595703125 0.0390625
0 0.2568359375 0.9541015625 0.0400390625 0.04638671875
0 0.3076171875 0.95556640625 0.05322265625 0.04345703125
0 0.37353515625 0.95166015625 0.06884765625 0.05078125
0 0.4794921875 0.45947265625 0.140625 0.0791015625
0 0.494140625 0.5947265625 0.169921875 0.177734375
0 0.43505859375 0.7490234375 0.0517578125 0.076171875
0 0.51220703125 0.75341796875 0.09521484375 0.08837890625