0 0.41357421875 0.03466796875 0.1396484375 0.0693359375
0 0.51953125 0.04736328125 0.06884765625 0.0625
0 0.60302734375 0.056640625 0.0927734375 0.064453125
0 0.44970703125 0.12255859375 0.3994140625 0.0888671875
0 0.91943359375 0.033203125 0.119140625 0.05859375
0 0.93115234375 0.16162109375 0.1376953125 0.0966796875
0 0.744140625 0.28515625 0.189453125 0.087890625
0 0.9228515625 0.275390625 0.154296875 0.107421875
0 0.1552734375 0.607421875 0.09521484375 0.20458984375
0 0.12158203125 0.76611328125 0.044921875 0.13818359375
0 0.15966796875 0.71484375 0.05908203125 0.16357421875
0 0.52783203125 0.65625 0.1689453125 0.22509765625
0 0.3740234375 0.693359375 0.09375 0.2021484375