0 0.2685546875 0.705078125 0.134765625 0.029296875
0 0.4169921875 0.69189453125 0.15234375 0.0556640625
0 0.60205078125 0.03564453125 0.1201171875 0.05908203125
0 0.6943359375 0.0302734375 0.0556640625 0.0478515625
0 0.76513671875 0.02587890625 0.0771484375 0.0517578125
0 0.51611328125 0.119140625 0.0322265625 0.0546875
0 0.5576171875 0.1044921875 0.04833984375 0.07421875
0 0.59765625 0.1044921875 0.037109375 0.06298828125
0 0.6591796875 0.1015625 0.0830078125 0.076171875
0 0.7392578125 0.09326171875 0.0712890625 0.06689453125
0 0.82861328125 0.08740234375 0.0986328125 0.08203125
0 0.2080078125 0.7431640625 0.0859375 0.03662109375
0 0.271484375 0.7451171875 0.04443359375 0.02490234375
0 0.33544921875 0.7451171875 0.08056640625 0.02490234375
0 0.427734375 0.7451171875 0.095703125 0.02685546875
0 0.48974609375 0.74072265625 0.0205078125 0.0341796875
0 0.18994140625 0.77490234375 0.0390625 0.0185546875
0 0.23779296875 0.77685546875 0.048828125 0.02197265625
0 0.26904296875 0.77490234375 0.013671875 0.02099609375
0 0.28369140625 0.77783203125 0.0126953125 0.00927734375
0 0.30517578125 0.77392578125 0.02783203125 0.02294921875
0 0.33984375 0.77490234375 0.0390625 0.0166015625
0 0.36669921875 0.77685546875 0.0126953125 0.00732421875
0 0.384765625 0.7734375 0.01806640625 0.02001953125
0 0.41015625 0.77392578125 0.03466796875 0.0185546875
0 0.46435546875 0.7724609375 0.0712890625 0.021484375
0 0.18896484375 0.79638671875 0.0400390625 0.017578125
0 0.27587890625 0.79638671875 0.1279296875 0.015625
0 0.34765625 0.7998046875 0.01513671875 0.00732421875
0 0.384765625 0.7958984375 0.05712890625 0.0166015625
0 0.45654296875 0.79541015625 0.0869140625 0.0166015625
0 0.208984375 0.81982421875 0.08056640625 0.0166015625
0 0.318359375 0.8193359375 0.12939453125 0.02001953125
0 0.203125 0.8427734375 0.06787109375 0.0185546875
0 0.36962890625 0.84326171875 0.2607421875 0.0205078125
0 0.06982421875 0.8857421875 0.1396484375 0.04296875
0 0.18994140625 0.8857421875 0.091796875 0.03955078125
0 0.27392578125 0.8876953125 0.06787109375 0.04150390625
0 0.369140625 0.8935546875 0.1220703125 0.04248046875
0 0.466796875 0.89013671875 0.06640625 0.0361328125
0 0.00732421875 0.9609375 0.0146484375 0.033203125
0 0.072265625 0.9609375 0.0263671875 0.02587890625
0 0.14404296875 0.96044921875 0.0224609375 0.029296875
0 0.22265625 0.9404296875 0.04296875 0.02587890625
0 0.265625 0.94140625 0.04296875 0.02587890625
0 0.30712890625 0.93994140625 0.0458984375 0.02685546875
0 0.3486328125 0.9453125 0.03759765625 0.02587890625
0 0.39453125 0.94091796875 0.05419921875 0.02685546875
0 0.4453125 0.9423828125 0.04150390625 0.02392578125
0 0.484375 0.94091796875 0.03125 0.0244140625
0 0.2080078125 0.97314453125 0.0166015625 0.02490234375
0 0.25146484375 0.97021484375 0.076171875 0.02197265625
0 0.31201171875 0.97216796875 0.0390625 0.02099609375
0 0.37451171875 0.97412109375 0.09716796875 0.02685546875
0 0.458984375 0.9736328125 0.08203125 0.02734375