0 0.146484375 0.4140625 0.09228515625 0.078125
0 0.23681640625 0.3935546875 0.06103515625 0.11328125
0 0.341796875 0.39599609375 0.12646484375 0.11181640625
0 0.4794921875 0.408203125 0.12646484375 0.09326171875
0 0.6279296875 0.416015625 0.146484375 0.1015625
0 0.77294921875 0.408203125 0.11865234375 0.09326171875
0 0.861328125 0.40478515625 0.0400390625 0.08984375
0 0.3994140625 0.50341796875 0.12109375 0.08642578125
0 0.560546875 0.50341796875 0.18115234375 0.08642578125
0 0.14306640625 0.57568359375 0.02392578125 0.03515625
0 0.19873046875 0.5791015625 0.06982421875 0.04150390625
0 0.2705078125 0.5791015625 0.0712890625 0.04150390625
0 0.32177734375 0.5791015625 0.013671875 0.03857421875
0 0.36669921875 0.57763671875 0.06396484375 0.03515625
0 0.4501953125 0.578125 0.09228515625 0.0400390625
0 0.53515625 0.57080078125 0.0673828125 0.044921875
0 0.62890625 0.572265625 0.10986328125 0.04150390625
0 0.69580078125 0.57763671875 0.01611328125 0.03857421875
0 0.14453125 0.62158203125 0.0263671875 0.033203125
0 0.20166015625 0.61767578125 0.083984375 0.04150390625
0 0.2919921875 0.6181640625 0.0810546875 0.04345703125
0 0.3720703125 0.6201171875 0.06884765625 0.03662109375
0 0.4580078125 0.619140625 0.09130859375 0.03515625
0 0.53173828125 0.619140625 0.0439453125 0.03857421875
0 0.6220703125 0.6201171875 0.12353515625 0.0400390625
0 0.708984375 0.62158203125 0.044921875 0.03662109375
0 0.7607421875 0.6142578125 0.048828125 0.044921875
0 0.833984375 0.61572265625 0.08740234375 0.03857421875
0 0.14453125 0.66748046875 0.021484375 0.03515625
0 0.193359375 0.66845703125 0.05615234375 0.03662109375
0 0.25146484375 0.66357421875 0.05517578125 0.04345703125
0 0.3076171875 0.6689453125 0.04736328125 0.03173828125
0 0.36669921875 0.666015625 0.05615234375 0.03857421875
0 0.36865234375 0.71826171875 0.13232421875 0.05322265625
0 0.49609375 0.71240234375 0.10986328125 0.044921875
0 0.6279296875 0.71142578125 0.1337890625 0.05322265625
0 0.13134765625 0.77099609375 0.06005859375 0.03857421875
0 0.2001953125 0.77099609375 0.06494140625 0.03857421875
0 0.26953125 0.7724609375 0.06103515625 0.04150390625
0 0.3486328125 0.7685546875 0.080078125 0.0400390625
0 0.46484375 0.765625 0.080078125 0.04150390625
0 0.541015625 0.76513671875 0.06494140625 0.0400390625
0 0.609375 0.7666015625 0.05859375 0.0400390625
0 0.71435546875 0.76171875 0.07861328125 0.033203125
0 0.78759765625 0.759765625 0.0625 0.03662109375
0 0.8525390625 0.7568359375 0.06005859375 0.03662109375
0 0.97607421875 0.41162109375 0.0400390625 0.02978515625
0 0.9462890625 0.44189453125 0.0224609375 0.0234375
0 0.96923828125 0.44091796875 0.03125 0.021484375
0 0.99267578125 0.4423828125 0.0126953125 0.0185546875
0 0.9462890625 0.46240234375 0.017578125 0.01513671875
0 0.9619140625 0.46240234375 0.01611328125 0.01513671875
0 0.9794921875 0.46142578125 0.021484375 0.0166015625
0 0.98046875 0.4931640625 0.03125 0.0166015625
0 0.943359375 0.50830078125 0.0263671875 0.0166015625
0 0.96435546875 0.50927734375 0.0185546875 0.0185546875
0 0.97802734375 0.50927734375 0.01123046875 0.01513671875