0 0.173828125 0.06005859375 0.15625 0.1201171875
0 0.35302734375 0.0576171875 0.1337890625 0.115234375
0 0.47412109375 0.0732421875 0.1064453125 0.146484375
0 0.55615234375 0.07861328125 0.04638671875 0.14013671875
0 0.6455078125 0.078125 0.123046875 0.15625
0 0.74560546875 0.0966796875 0.0869140625 0.193359375
0 0.5419921875 0.42626953125 0.21875 0.1474609375
0 0.05810546875 0.580078125 0.1162109375 0.16015625
0 0.17822265625 0.5634765625 0.0888671875 0.126953125
0 0.279296875 0.56640625 0.083984375 0.1328125
0 0.087890625 0.791015625 0.17578125 0.1875