0 0.123046875 0.2099609375 0.126953125 0.138671875
0 0.23828125 0.19384765625 0.130859375 0.1708984375
0 0.662109375 0.09228515625 0.0859375 0.1845703125
0 0.76611328125 0.09228515625 0.1220703125 0.1845703125
0 0.65673828125 0.2373046875 0.0751953125 0.083984375
0 0.60693359375 0.77099609375 0.0244140625 0.0185546875
0 0.58544921875 0.810546875 0.0673828125 0.044921875
0 0.96630859375 0.685546875 0.05419921875 0.0703125
0 0.9423828125 0.76318359375 0.064453125 0.06298828125
0 0.98828125 0.75927734375 0.0234375 0.0634765625
0 0.97900390625 0.83544921875 0.04150390625 0.0517578125
0 0.943359375 0.90576171875 0.033203125 0.05908203125
0 0.97998046875 0.91162109375 0.03125 0.0556640625