0 0.0224609375 0.01953125 0.044921875 0.0390625
0 0.01611328125 0.06884765625 0.0322265625 0.0595703125
0 0.01708984375 0.12646484375 0.0341796875 0.0615234375
0 0.02099609375 0.18408203125 0.0419921875 0.0615234375
0 0.009765625 0.2412109375 0.01953125 0.029296875
0 0.03271484375 0.24169921875 0.02685546875 0.02880859375
0 0.0205078125 0.27490234375 0.041015625 0.0283203125
0 0.3349609375 0.0205078125 0.08203125 0.041015625
0 0.33837890625 0.0693359375 0.052734375 0.052734375
0 0.33837890625 0.12890625 0.056640625 0.05615234375
0 0.3408203125 0.18603515625 0.083984375 0.05810546875
0 0.2998046875 0.24658203125 0.00927734375 0.02880859375
0 0.330078125 0.25 0.00830078125 0.02197265625
0 0.3505859375 0.24755859375 0.02392578125 0.02734375
0 0.375 0.24560546875 0.02392578125 0.02734375
0 0.3359375 0.2509765625 0.0048828125 0.02392578125
0 0.361328125 0.27880859375 0.0498046875 0.025390625
0 0.10693359375 0.2431640625 0.01318359375 0.0185546875
0 0.1181640625 0.2431640625 0.0107421875 0.0185546875
0 0.13916015625 0.2421875 0.00732421875 0.01708984375
0 0.14892578125 0.244140625 0.0126953125 0.01708984375
0 0.11767578125 0.265625 0.00830078125 0.01513671875
0 0.14013671875 0.265625 0.009765625 0.01513671875
0 0.15380859375 0.265625 0.01904296875 0.01513671875
0 0.09423828125 0.28515625 0.00439453125 0.01708984375
0 0.09423828125 0.30810546875 0.0048828125 0.01513671875
0 0.10986328125 0.3310546875 0.00732421875 0.013671875
0 0.11767578125 0.330078125 0.00830078125 0.01513671875
0 0.6787109375 0.6611328125 0.01318359375 0.025390625
0 0.6611328125 0.681640625 0.01611328125 0.017578125
0 0.65625 0.7021484375 0.0126953125 0.01904296875
0 0.64453125 0.7255859375 0.015625 0.02783203125