0 0.04736328125 0.0732421875 0.0634765625 0.04150390625
0 0.111328125 0.0751953125 0.04833984375 0.04248046875
0 0.1689453125 0.0810546875 0.0498046875 0.04541015625
0 0.0595703125 0.134765625 0.0791015625 0.0478515625
0 0.14697265625 0.1396484375 0.08544921875 0.05517578125
0 0.025390625 0.18310546875 0.05078125 0.0498046875
0 0.10498046875 0.18603515625 0.09130859375 0.04638671875
0 0.09619140625 0.24267578125 0.1923828125 0.0537109375
0 0.013671875 0.296875 0.02734375 0.041015625
0 0.0556640625 0.30029296875 0.05078125 0.05126953125
0 0.1162109375 0.306640625 0.06298828125 0.056640625
0 0.56689453125 0.025390625 0.2080078125 0.05078125
0 0.77734375 0.0390625 0.22265625 0.078125
0 0.47509765625 0.09326171875 0.0712890625 0.1025390625
0 0.4970703125 0.17919921875 0.115234375 0.1044921875
0 0.677734375 0.2158203125 0.22998046875 0.10400390625
0 0.259765625 0.73046875 0.03125 0.0224609375
0 0.29443359375 0.73388671875 0.03271484375 0.0263671875
0 0.330078125 0.73095703125 0.0322265625 0.02783203125
0 0.3603515625 0.73046875 0.02294921875 0.02734375
0 0.38427734375 0.73388671875 0.01953125 0.02294921875
0 0.23291015625 0.7587890625 0.0146484375 0.021484375
0 0.26513671875 0.76220703125 0.0419921875 0.02734375
0 0.30908203125 0.76416015625 0.0390625 0.0283203125
0 0.3564453125 0.76220703125 0.0517578125 0.02294921875
0 0.39697265625 0.76318359375 0.03076171875 0.02392578125
0 0.234375 0.78466796875 0.0439453125 0.01708984375
0 0.2880859375 0.78564453125 0.05908203125 0.01708984375
0 0.34716796875 0.78759765625 0.044921875 0.0166015625
0 0.3876953125 0.7880859375 0.03515625 0.0166015625
0 0.4140625 0.7890625 0.02001953125 0.01611328125
0 0.240234375 0.81982421875 0.0517578125 0.02734375
0 0.29150390625 0.81982421875 0.04345703125 0.02783203125
0 0.32470703125 0.82373046875 0.01904296875 0.0205078125
0 0.353515625 0.82275390625 0.03173828125 0.02783203125
0 0.3759765625 0.8251953125 0.0087890625 0.0205078125
0 0.40234375 0.8232421875 0.03857421875 0.02734375
0 0.25 0.8466796875 0.00634765625 0.01611328125
0 0.27880859375 0.84765625 0.0458984375 0.01708984375
0 0.3310546875 0.8486328125 0.05322265625 0.017578125
0 0.3740234375 0.84912109375 0.03076171875 0.01611328125
0 0.55078125 0.5283203125 0.05859375 0.068359375
0 0.59814453125 0.53076171875 0.0244140625 0.05029296875
0 0.640625 0.5224609375 0.04736328125 0.05712890625
0 0.50732421875 0.642578125 0.1357421875 0.123046875
0 0.65087890625 0.64599609375 0.138671875 0.12109375
0 0.7529296875 0.64599609375 0.0458984375 0.1025390625
0 0.48876953125 0.744140625 0.04833984375 0.05712890625
0 0.53955078125 0.7373046875 0.052734375 0.06640625
0 0.59912109375 0.73974609375 0.064453125 0.0615234375
0 0.6806640625 0.73828125 0.0927734375 0.06396484375
0 0.44677734375 0.80126953125 0.0146484375 0.0478515625
0 0.462890625 0.80810546875 0.02294921875 0.03857421875
0 0.50341796875 0.80029296875 0.05859375 0.05029296875
0 0.55029296875 0.8037109375 0.0341796875 0.052734375
0 0.5908203125 0.8056640625 0.04736328125 0.03857421875
0 0.65087890625 0.8046875 0.052734375 0.0458984375
0 0.68994140625 0.7978515625 0.02587890625 0.041015625
0 0.7236328125 0.80126953125 0.02734375 0.03857421875
0 0.75341796875 0.80126953125 0.03564453125 0.04345703125