0 0.2119140625 0.1875 0.34912109375 0.25146484375
0 0.091796875 0.41650390625 0.10888671875 0.1435546875
0 0.23828125 0.43603515625 0.126953125 0.1279296875
0 0.35888671875 0.4287109375 0.072265625 0.12255859375
0 0.44482421875 0.4130859375 0.072265625 0.1435546875
0 0.5888671875 0.0419921875 0.021484375 0.083984375
0 0.58740234375 0.20849609375 0.0244140625 0.1083984375
0 0.67333984375 0.26953125 0.10498046875 0.23046875
0 0.8330078125 0.27294921875 0.1923828125 0.20947265625
0 0.8564453125 0.4697265625 0.23046875 0.060546875
0 0.3212890625 0.5703125 0.267578125 0.140625
0 0.3447265625 0.71923828125 0.169921875 0.20458984375
0 0.35205078125 0.8896484375 0.2373046875 0.220703125
0 0.6162109375 0.6142578125 0.033203125 0.052734375
0 0.880859375 0.6083984375 0.1767578125 0.0556640625
0 0.61572265625 0.70556640625 0.0322265625 0.0830078125
0 0.6875 0.71435546875 0.09716796875 0.07373046875
0 0.791015625 0.71533203125 0.10693359375 0.07373046875
0 0.9248046875 0.720703125 0.150390625 0.068359375
0 0.62109375 0.8017578125 0.04296875 0.080078125
0 0.69580078125 0.796875 0.1044921875 0.078125
0 0.7978515625 0.806640625 0.09033203125 0.06494140625
0 0.8779296875 0.80615234375 0.060546875 0.06591796875
0 0.61279296875 0.8857421875 0.0263671875 0.0546875
0 0.6513671875 0.892578125 0.03955078125 0.041015625
0 0.6787109375 0.88720703125 0.013671875 0.0498046875
0 0.7060546875 0.89111328125 0.04345703125 0.064453125
0 0.74609375 0.8876953125 0.03662109375 0.05322265625
0 0.8056640625 0.89208984375 0.0732421875 0.06494140625
0 0.8798828125 0.89208984375 0.06884765625 0.0732421875
0 0.9462890625 0.89404296875 0.0634765625 0.06787109375
0 0.9892578125 0.8876953125 0.021484375 0.068359375
0 0.63525390625 0.95849609375 0.0712890625 0.0576171875
0 0.7236328125 0.96240234375 0.09716796875 0.064453125
0 0.83544921875 0.95947265625 0.11962890625 0.060546875