0 0.1533203125 0.0263671875 0.181640625 0.052734375
0 0.3173828125 0.02392578125 0.125 0.0478515625
0 0.1005859375 0.0986328125 0.14404296875 0.083984375
0 0.29541015625 0.095703125 0.2080078125 0.10205078125
0 0.060546875 0.19775390625 0.080078125 0.0419921875
0 0.140625 0.19775390625 0.080078125 0.0458984375
0 0.21240234375 0.19482421875 0.0693359375 0.0517578125
0 0.31396484375 0.18994140625 0.13330078125 0.0498046875
0 0.64794921875 0.14306640625 0.0908203125 0.08837890625
0 0.740234375 0.119140625 0.083984375 0.07666015625
0 0.82958984375 0.1025390625 0.0791015625 0.078125
0 0.7529296875 0.23974609375 0.111328125 0.14111328125
0 0.59521484375 0.3583984375 0.0341796875 0.06005859375
0 0.63671875 0.357421875 0.048828125 0.0556640625
0 0.69873046875 0.34423828125 0.0634765625 0.06787109375
0 0.77099609375 0.3369140625 0.0751953125 0.07080078125
0 0.86376953125 0.33251953125 0.1025390625 0.07666015625
0 0.6396484375 0.412109375 0.099609375 0.0546875
0 0.80419921875 0.400390625 0.1650390625 0.06494140625
0 0.8056640625 0.431640625 0.119140625 0.015625
0 0.08251953125 0.9814453125 0.0927734375 0.037109375
0 0.18017578125 0.97607421875 0.0947265625 0.0478515625
0 0.287109375 0.96240234375 0.09765625 0.0751953125
0 0.39599609375 0.94384765625 0.0908203125 0.1123046875
0 0.52783203125 0.46923828125 0.1357421875 0.0595703125
0 0.685546875 0.47265625 0.169921875 0.06640625
0 0.81787109375 0.47607421875 0.0869140625 0.0732421875
0 0.90771484375 0.48486328125 0.0869140625 0.0908203125
0 0.97900390625 0.47607421875 0.0419921875 0.0732421875
0 0.63818359375 0.59716796875 0.177734375 0.1181640625
0 0.87060546875 0.595703125 0.2587890625 0.15625
0 0.701171875 0.7001953125 0.11865234375 0.05517578125
0 0.7958984375 0.70361328125 0.06494140625 0.04150390625
0 0.86083984375 0.701171875 0.06005859375 0.056640625
0 0.90771484375 0.7001953125 0.02880859375 0.05517578125
0 0.939453125 0.71044921875 0.0224609375 0.03857421875
0 0.97216796875 0.7080078125 0.03759765625 0.0498046875
0 0.490234375 0.76123046875 0.060546875 0.0966796875
0 0.57958984375 0.77099609375 0.10009765625 0.08642578125
0 0.65869140625 0.78271484375 0.041015625 0.0966796875
0 0.6884765625 0.78759765625 0.017578125 0.080078125
0 0.7197265625 0.7705078125 0.044921875 0.09521484375
0 0.73828125 0.80859375 0.00732421875 0.03173828125
0 0.779296875 0.77685546875 0.0751953125 0.078125
0 0.81884765625 0.81201171875 0.0087890625 0.03515625
0 0.853515625 0.7861328125 0.0625 0.06689453125
0 0.89306640625 0.7919921875 0.01513671875 0.078125
0 0.95263671875 0.787109375 0.083984375 0.068359375
0 0.52880859375 0.84716796875 0.12646484375 0.044921875
0 0.67822265625 0.85107421875 0.14013671875 0.0498046875
0 0.81005859375 0.85546875 0.10107421875 0.04833984375
0 0.916015625 0.8583984375 0.08984375 0.03857421875
0 0.4755859375 0.89306640625 0.03125 0.0419921875
0 0.52783203125 0.89697265625 0.06640625 0.03857421875
0 0.591796875 0.89599609375 0.0498046875 0.0400390625
0 0.63818359375 0.89697265625 0.03515625 0.044921875
0 0.6845703125 0.9013671875 0.04736328125 0.046875
0 0.73828125 0.8984375 0.052734375 0.04150390625
0 0.806640625 0.90185546875 0.0810546875 0.04833984375
0 0.8828125 0.904296875 0.06396484375 0.0400390625
0 0.9375 0.904296875 0.0361328125 0.0400390625
0 0.97900390625 0.90478515625 0.0419921875 0.0419921875
0 0.52685546875 0.93115234375 0.04736328125 0.033203125
0 0.64501953125 0.93212890625 0.17138671875 0.03515625
0 0.8447265625 0.93798828125 0.169921875 0.02978515625