0 0.2822265625 0.29345703125 0.0556640625 0.1103515625
0 0.3369140625 0.30078125 0.05126953125 0.09912109375
0 0.39794921875 0.3056640625 0.0498046875 0.09716796875
0 0.4609375 0.314453125 0.06982421875 0.09130859375
0 0.52197265625 0.31982421875 0.04443359375 0.08740234375
0 0.568359375 0.32666015625 0.04296875 0.0859375
0 0.302734375 0.3759765625 0.04833984375 0.0439453125
0 0.361328125 0.3779296875 0.0712890625 0.0478515625
0 0.42138671875 0.3818359375 0.04833984375 0.0478515625
0 0.4794921875 0.384765625 0.05859375 0.0458984375
0 0.537109375 0.39404296875 0.05126953125 0.0419921875
0 0.33642578125 0.421875 0.0556640625 0.0361328125
0 0.3935546875 0.421875 0.0498046875 0.0361328125
0 0.4423828125 0.427734375 0.04150390625 0.0361328125
0 0.49560546875 0.4287109375 0.06591796875 0.0341796875
0 0.53515625 0.43310546875 0.015625 0.0322265625
0 0.34716796875 0.46484375 0.0859375 0.0341796875
0 0.404296875 0.4658203125 0.01708984375 0.01708984375
0 0.494140625 0.4697265625 0.06005859375 0.02880859375