0 0.4404296875 0.01416015625 0.23828125 0.0283203125
0 0.3818359375 0.08935546875 0.35546875 0.1611328125
0 0.29248046875 0.20703125 0.25927734375 0.140625
0 0.498046875 0.23583984375 0.123046875 0.1650390625
0 0.3955078125 0.3232421875 0.201171875 0.06787109375
0 0.5283203125 0.33447265625 0.0625 0.0576171875
0 0.20751953125 0.40380859375 0.16455078125 0.1181640625
0 0.38037109375 0.41064453125 0.1708984375 0.10400390625
0 0.5146484375 0.40966796875 0.08984375 0.0947265625
0 0.71875 0.14208984375 0.10400390625 0.15966796875
0 0.8193359375 0.076171875 0.11328125 0.15234375
0 0.23681640625 0.56640625 0.2431640625 0.173828125
0 0.4619140625 0.5654296875 0.1953125 0.171875
0 0.35791015625 0.76953125 0.19677734375 0.19482421875
0 0.6455078125 0.59716796875 0.171875 0.1044921875
0 0.87744140625 0.60986328125 0.2451171875 0.0888671875
0 0.60009765625 0.68017578125 0.0810546875 0.0712890625
0 0.68115234375 0.68896484375 0.0537109375 0.05859375
0 0.77783203125 0.6962890625 0.1103515625 0.07373046875
0 0.89501953125 0.68896484375 0.08935546875 0.05859375
0 0.97607421875 0.69677734375 0.0478515625 0.0654296875
0 0.61083984375 0.77001953125 0.09912109375 0.05712890625
0 0.728515625 0.771484375 0.12353515625 0.05712890625
0 0.85107421875 0.76806640625 0.10400390625 0.06689453125
0 0.95703125 0.7763671875 0.0859375 0.05078125
0 0.65234375 0.89208984375 0.185546875 0.1064453125
0 0.88916015625 0.88037109375 0.2216796875 0.1337890625
0 0.6181640625 0.98486328125 0.078125 0.0302734375
0 0.71337890625 0.98486328125 0.0595703125 0.0302734375
0 0.779296875 0.982421875 0.060546875 0.03515625
0 0.86279296875 0.98486328125 0.0537109375 0.0302734375
0 0.92333984375 0.98486328125 0.0576171875 0.0302734375
0 0.9775390625 0.98388671875 0.044921875 0.0322265625