0 0.7265625 0.1630859375 0.193359375 0.15234375
0 0.91357421875 0.15869140625 0.1728515625 0.1611328125
0 0.15185546875 0.58447265625 0.2646484375 0.36962890625
0 0.36572265625 0.54150390625 0.27392578125 0.376953125
0 0.1845703125 0.8896484375 0.18115234375 0.08642578125
0 0.3251953125 0.88134765625 0.1005859375 0.091796875
0 0.39501953125 0.87939453125 0.0478515625 0.0654296875
0 0.06201171875 0.982421875 0.0478515625 0.03515625
0 0.15771484375 0.9765625 0.1259765625 0.046875
0 0.28857421875 0.970703125 0.1181640625 0.05859375
0 0.4609375 0.9580078125 0.130859375 0.083984375
0 0.76171875 0.2861328125 0.0283203125 0.0166015625
0 0.7841796875 0.2880859375 0.01318359375 0.013671875
0 0.806640625 0.29052734375 0.0263671875 0.0166015625
0 0.82958984375 0.28759765625 0.01953125 0.0166015625
0 0.853515625 0.28955078125 0.02880859375 0.02099609375
0 0.876953125 0.28564453125 0.0146484375 0.017578125
0 0.89794921875 0.2900390625 0.02197265625 0.017578125
0 0.91796875 0.2890625 0.0146484375 0.015625
0 0.93310546875 0.28857421875 0.01416015625 0.0146484375
0 0.958984375 0.2861328125 0.03662109375 0.0185546875
0 0.71728515625 0.33251953125 0.03125 0.05712890625
0 0.7666015625 0.33837890625 0.06396484375 0.0498046875
0 0.818359375 0.33349609375 0.0341796875 0.0595703125
0 0.85400390625 0.33642578125 0.03271484375 0.0498046875
0 0.9013671875 0.34130859375 0.0556640625 0.0439453125
0 0.9658203125 0.337890625 0.068359375 0.046875
0 0.74072265625 0.39404296875 0.03759765625 0.04052734375
0 0.7734375 0.3984375 0.02490234375 0.0283203125
0 0.81787109375 0.3955078125 0.05859375 0.03564453125
0 0.86376953125 0.400390625 0.02880859375 0.03662109375
0 0.90380859375 0.392578125 0.0478515625 0.03955078125
0 0.9462890625 0.3955078125 0.0361328125 0.033203125
0 0.9833984375 0.396484375 0.033203125 0.03125
0 0.78515625 0.43115234375 0.02099609375 0.0166015625
0 0.810546875 0.43017578125 0.02734375 0.0166015625
0 0.837890625 0.4306640625 0.02490234375 0.017578125
0 0.857421875 0.43115234375 0.015625 0.0185546875
0 0.8779296875 0.43017578125 0.02734375 0.0166015625
0 0.896484375 0.42919921875 0.00927734375 0.0185546875
0 0.91064453125 0.43017578125 0.0244140625 0.0166015625
0 0.93701171875 0.43115234375 0.0283203125 0.0185546875
0 0.623046875 0.49609375 0.02099609375 0.00927734375
0 0.638671875 0.49658203125 0.01318359375 0.01025390625
0 0.65380859375 0.4990234375 0.02099609375 0.0126953125
0 0.70361328125 0.4912109375 0.0302734375 0.015625
0 0.72705078125 0.4912109375 0.0146484375 0.00927734375