0 0.1162109375 0.18408203125 0.07666015625 0.0869140625
0 0.1943359375 0.14453125 0.03173828125 0.04736328125
0 0.015625 0.20947265625 0.03125 0.1142578125
0 0.0830078125 0.255859375 0.125 0.146484375
0 0.17529296875 0.3115234375 0.0693359375 0.115234375
0 0.3779296875 0.1357421875 0.013671875 0.02001953125
0 0.39697265625 0.1279296875 0.0244140625 0.029296875
0 0.083984375 0.005859375 0.025390625 0.01171875
0 0.4169921875 0.0302734375 0.015625 0.0546875
0 0.46923828125 0.02880859375 0.08203125 0.056640625
0 0.5595703125 0.0224609375 0.091796875 0.044921875
0 0.6591796875 0.0224609375 0.09765625 0.04150390625
0 0.73681640625 0.02099609375 0.0517578125 0.0419921875
0 0.79931640625 0.02783203125 0.0654296875 0.0556640625
0 0.41748046875 0.080078125 0.0166015625 0.02734375
0 0.48388671875 0.080078125 0.10888671875 0.02587890625
0 0.55419921875 0.08056640625 0.02880859375 0.02490234375
0 0.61474609375 0.07958984375 0.0869140625 0.02587890625
0 0.68017578125 0.0791015625 0.04541015625 0.02490234375
0 0.77294921875 0.07861328125 0.13671875 0.02392578125
0 0.95654296875 0.01318359375 0.0068359375 0.0068359375
0 0.68359375 0.53759765625 0.0166015625 0.0068359375
0 0.599609375 0.37451171875 0.048828125 0.0107421875
0 0.6669921875 0.375 0.076171875 0.01171875
0 0.64208984375 0.4013671875 0.07177734375 0.0302734375
0 0.90576171875 0.37451171875 0.0751953125 0.0107421875
0 0.9599609375 0.3740234375 0.021484375 0.009765625
0 0.97119140625 0.400390625 0.0576171875 0.03125
0 0.56982421875 0.4599609375 0.0439453125 0.02490234375
0 0.6162109375 0.46240234375 0.04052734375 0.02392578125
0 0.64892578125 0.4609375 0.02099609375 0.01904296875
0 0.7099609375 0.4609375 0.09521484375 0.0224609375
0 0.69921875 0.53759765625 0.01220703125 0.00537109375
0 0.67529296875 0.544921875 0.005859375 0.00634765625
0 0.68359375 0.544921875 0.01220703125 0.00634765625
0 0.693359375 0.5439453125 0.0078125 0.0068359375
0 0.70361328125 0.5439453125 0.01123046875 0.0078125
0 0.7412109375 0.54833984375 0.01513671875 0.0078125
0 0.75390625 0.54931640625 0.00927734375 0.0048828125
0 0.78125 0.5625 0.0205078125 0.0068359375
0 0.85107421875 0.521484375 0.03466796875 0.0126953125
0 0.8935546875 0.55859375 0.02001953125 0.0068359375
0 0.91015625 0.5322265625 0.033203125 0.021484375
0 0.9208984375 0.56201171875 0.00732421875 0.005859375
0 0.52587890625 0.60302734375 0.01708984375 0.0048828125
0 0.87109375 0.69921875 0.04931640625 0.0205078125
0 0.9287109375 0.7333984375 0.0703125 0.03515625
0 0.87255859375 0.75927734375 0.04541015625 0.02001953125
0 0.91455078125 0.7626953125 0.0390625 0.021484375
0 0.9404296875 0.76611328125 0.0087890625 0.0087890625
0 0.9599609375 0.76611328125 0.03076171875 0.0185546875