0 0.41845703125 0.0126953125 0.1025390625 0.025390625
0 0.29150390625 0.14013671875 0.185546875 0.111328125
0 0.43212890625 0.13671875 0.0751953125 0.111328125
0 0.27978515625 0.23291015625 0.1123046875 0.04736328125
0 0.361328125 0.22998046875 0.0625 0.052734375
0 0.43994140625 0.22119140625 0.0595703125 0.0478515625
0 0.24853515625 0.2900390625 0.0751953125 0.0390625
0 0.32275390625 0.287109375 0.06884765625 0.04443359375
0 0.38427734375 0.29541015625 0.05810546875 0.0498046875
0 0.44140625 0.29248046875 0.056640625 0.0556640625
0 0.3701171875 0.35009765625 0.060546875 0.0380859375
0 0.43359375 0.35009765625 0.06640625 0.0380859375
0 0.7275390625 0.078125 0.515625 0.15625
0 0.53759765625 0.2802734375 0.1357421875 0.091796875
0 0.76806640625 0.2783203125 0.1796875 0.087890625
0 0.0615234375 0.8720703125 0.0712890625 0.06396484375
0 0.12451171875 0.8681640625 0.05126953125 0.06005859375
0 0.169921875 0.869140625 0.0400390625 0.05810546875
0 0.2138671875 0.875 0.04736328125 0.06591796875
0 0.26220703125 0.86474609375 0.052734375 0.06787109375
0 0.33154296875 0.869140625 0.0771484375 0.05810546875
0 0.3974609375 0.8720703125 0.05712890625 0.06787109375
0 0.4482421875 0.873046875 0.04296875 0.046875
0 0.02685546875 0.962890625 0.0537109375 0.07421875
0 0.15869140625 0.962890625 0.1865234375 0.07421875
0 0.36767578125 0.970703125 0.2041015625 0.05859375
0 0.6494140625 0.62451171875 0.0712890625 0.10302734375
0 0.55126953125 0.6982421875 0.03759765625 0.13671875
0 0.61474609375 0.71923828125 0.08251953125 0.15771484375
0 0.7021484375 0.7666015625 0.08740234375 0.13916015625
0 0.91162109375 0.390625 0.0810546875 0.04296875
0 0.8447265625 0.494140625 0.06982421875 0.12841796875
0 0.92333984375 0.4560546875 0.07763671875 0.14501953125
0 0.9833984375 0.43408203125 0.033203125 0.1298828125