0 0.119140625 0.43896484375 0.177734375 0.20654296875
0 0.2470703125 0.3994140625 0.0419921875 0.10205078125
0 0.29541015625 0.41162109375 0.0517578125 0.09716796875
0 0.34326171875 0.39404296875 0.04345703125 0.10693359375
0 0.3818359375 0.39404296875 0.0302734375 0.09716796875
0 0.23291015625 0.49365234375 0.02001953125 0.06201171875
0 0.26220703125 0.49609375 0.04833984375 0.0673828125
0 0.3056640625 0.49267578125 0.03857421875 0.06982421875
0 0.35693359375 0.486328125 0.0703125 0.05712890625
0 0.04833984375 0.5947265625 0.05029296875 0.06982421875
0 0.11328125 0.5869140625 0.07861328125 0.064453125
0 0.1767578125 0.57568359375 0.04833984375 0.0673828125
0 0.22802734375 0.57958984375 0.05029296875 0.0546875
0 0.26953125 0.56982421875 0.0302734375 0.0595703125
0 0.31591796875 0.572265625 0.05859375 0.064453125
0 0.36669921875 0.5595703125 0.046875 0.064453125
0 0.1005859375 0.658203125 0.0634765625 0.072265625
0 0.1572265625 0.6552734375 0.04345703125 0.0771484375
0 0.26318359375 0.64404296875 0.16064453125 0.06982421875
0 0.072265625 0.77490234375 0.10400390625 0.1416015625
0 0.14990234375 0.759765625 0.0419921875 0.126953125
0 0.20361328125 0.72119140625 0.03515625 0.0595703125
0 0.240234375 0.708984375 0.03515625 0.0595703125
0 0.27978515625 0.70654296875 0.0400390625 0.0498046875
0 0.31005859375 0.69775390625 0.0234375 0.05712890625
0 0.330078125 0.70166015625 0.0166015625 0.044921875
0 0.36328125 0.69775390625 0.03662109375 0.04736328125
0 0.19677734375 0.77734375 0.02490234375 0.06201171875
0 0.216796875 0.78125 0.0185546875 0.044921875
0 0.2412109375 0.7685546875 0.0302734375 0.064453125
0 0.26611328125 0.7724609375 0.0166015625 0.05224609375
0 0.29150390625 0.76513671875 0.03662109375 0.05712890625
0 0.32177734375 0.759765625 0.0234375 0.05712890625
0 0.3408203125 0.76123046875 0.01513671875 0.044921875