0 0.171875 0.16162109375 0.2734375 0.1064453125
0 0.43603515625 0.1083984375 0.25146484375 0.1689453125
0 0.20751953125 0.4658203125 0.1083984375 0.03125
0 0.24609375 0.49365234375 0.02490234375 0.02880859375
0 0.1943359375 0.51953125 0.06494140625 0.03564453125
0 0.291015625 0.53271484375 0.0517578125 0.04443359375
0 0.65185546875 0.5009765625 0.080078125 0.10107421875
0 0.75732421875 0.5009765625 0.02490234375 0.04833984375
0 0.8251953125 0.5166015625 0.11328125 0.07958984375
0 0.76171875 0.546875 0.0400390625 0.04833984375
0 0.796875 0.55908203125 0.033203125 0.04345703125
0 0.830078125 0.56591796875 0.0400390625 0.04345703125
0 0.85986328125 0.5771484375 0.02685546875 0.0361328125
0 0.89501953125 0.58154296875 0.04345703125 0.05078125
0 0.6044921875 0.65673828125 0.05078125 0.0537109375
0 0.6572265625 0.65869140625 0.0546875 0.0576171875
0 0.82958984375 0.6591796875 0.0693359375 0.05859375
0 0.8837890625 0.6669921875 0.03515625 0.07421875
0 0.9111328125 0.66064453125 0.015625 0.0615234375