0 0.02099609375 0.23193359375 0.0419921875 0.1103515625
0 0.10009765625 0.2216796875 0.076171875 0.13818359375
0 0.18212890625 0.21435546875 0.072265625 0.13330078125
0 0.26025390625 0.21240234375 0.076171875 0.13671875
0 0.35400390625 0.22119140625 0.1064453125 0.1533203125
0 0.0166015625 0.37109375 0.033203125 0.09765625
0 0.0498046875 0.35498046875 0.0185546875 0.05810546875
0 0.11376953125 0.36181640625 0.0947265625 0.1162109375
0 0.240234375 0.37353515625 0.109375 0.0927734375
0 0.369140625 0.37353515625 0.107421875 0.0927734375
0 0.4814453125 0.36865234375 0.076171875 0.1025390625
0 0.68701171875 0.24072265625 0.15625 0.091796875
0 0.81884765625 0.23828125 0.1123046875 0.0859375
0 0.9365234375 0.2333984375 0.126953125 0.078125
0 0.6962890625 0.3310546875 0.0791015625 0.033203125
0 0.7470703125 0.32958984375 0.02685546875 0.03076171875
0 0.76708984375 0.33251953125 0.02099609375 0.02490234375
0 0.7890625 0.3310546875 0.03125 0.02783203125
0 0.82861328125 0.33251953125 0.060546875 0.04150390625
0 0.8701171875 0.32861328125 0.03125 0.033203125
0 0.9033203125 0.3310546875 0.03564453125 0.02783203125
0 0.93701171875 0.3310546875 0.03564453125 0.02783203125
0 0.64013671875 0.3837890625 0.0166015625 0.02783203125
0 0.67333984375 0.38134765625 0.0458984375 0.02783203125
0 0.7158203125 0.3837890625 0.0478515625 0.02783203125
0 0.77734375 0.38671875 0.0791015625 0.033203125
0 0.9033203125 0.3837890625 0.1396484375 0.02783203125
0 0.7900390625 0.15625 0.095703125 0.033203125
0 0.228515625 0.71533203125 0.0634765625 0.07666015625
0 0.29931640625 0.67626953125 0.0732421875 0.0888671875
0 0.36279296875 0.63330078125 0.0556640625 0.0751953125
0 0.552734375 0.60302734375 0.06640625 0.1416015625
0 0.6748046875 0.625 0.15234375 0.09521484375
0 0.87890625 0.61181640625 0.2421875 0.1162109375
0 0.58154296875 0.75830078125 0.0263671875 0.06396484375
0 0.685546875 0.75 0.05517578125 0.080078125
0 0.75390625 0.75634765625 0.025390625 0.06005859375
0 0.849609375 0.75341796875 0.0302734375 0.06103515625
0 0.8818359375 0.74462890625 0.015625 0.07373046875
0 0.9306640625 0.7470703125 0.0234375 0.05615234375
0 0.86767578125 0.93359375 0.0126953125 0.03125