0 0.04150390625 0.1708984375 0.04248046875 0.03955078125
0 0.10986328125 0.34326171875 0.0341796875 0.05029296875
0 0.14501953125 0.3486328125 0.04052734375 0.05029296875
0 0.109375 0.3857421875 0.037109375 0.0556640625
0 0.1455078125 0.392578125 0.037109375 0.05859375
0 0.37451171875 0.26123046875 0.08544921875 0.15673828125
0 0.48828125 0.26513671875 0.14208984375 0.15380859375
0 0.35595703125 0.37255859375 0.06640625 0.08203125
0 0.40283203125 0.37939453125 0.02734375 0.05859375
0 0.439453125 0.37646484375 0.04052734375 0.07421875
0 0.48583984375 0.39111328125 0.056640625 0.0927734375
0 0.53857421875 0.4033203125 0.05322265625 0.07958984375
0 0.3251953125 0.4404296875 0.01513671875 0.06884765625
0 0.33447265625 0.44287109375 0.01611328125 0.0634765625
0 0.34521484375 0.44287109375 0.01513671875 0.05859375
0 0.3564453125 0.4443359375 0.01513671875 0.0556640625
0 0.36767578125 0.44677734375 0.01318359375 0.06103515625
0 0.39794921875 0.44970703125 0.05224609375 0.0556640625
0 0.4267578125 0.455078125 0.01123046875 0.07177734375
0 0.455078125 0.45751953125 0.03955078125 0.0771484375
0 0.52392578125 0.470703125 0.09375 0.0927734375
0 0.76708984375 0.75732421875 0.05224609375 0.103515625
0 0.8291015625 0.76806640625 0.05126953125 0.103515625
0 0.85498046875 0.8037109375 0.00830078125 0.03173828125
0 0.87451171875 0.77734375 0.03125 0.10595703125
0 0.2958984375 0.669921875 0.02734375 0.03955078125
0 0.31689453125 0.67529296875 0.01904296875 0.03955078125
0 0.33447265625 0.681640625 0.02001953125 0.037109375
0 0.353515625 0.68701171875 0.01904296875 0.04248046875
0 0.373046875 0.6884765625 0.02197265625 0.03955078125
0 0.39013671875 0.69482421875 0.01611328125 0.04248046875
0 0.40625 0.6962890625 0.01806640625 0.03466796875
0 0.42333984375 0.703125 0.01611328125 0.03173828125