0 0.42578125 0.14990234375 0.04833984375 0.0400390625
0 0.47412109375 0.1484375 0.0390625 0.0419921875
0 0.5078125 0.1533203125 0.0283203125 0.0419921875
0 0.4609375 0.19775390625 0.1064453125 0.03271484375
0 0.546875 0.13037109375 0.025390625 0.0400390625
0 0.6591796875 0.02294921875 0.1640625 0.0458984375
0 0.7880859375 0.14453125 0.34765625 0.21435546875
0 0.0625 0.63134765625 0.12158203125 0.1123046875
0 0.2587890625 0.638671875 0.1572265625 0.1123046875
0 0.45751953125 0.64599609375 0.2041015625 0.1044921875
0 0.3740234375 0.7978515625 0.29296875 0.1943359375
0 0.0771484375 0.939453125 0.154296875 0.08984375
0 0.23193359375 0.93505859375 0.1455078125 0.1064453125
0 0.37744140625 0.93798828125 0.13134765625 0.078125
0 0.529296875 0.94140625 0.060546875 0.0703125
0 0.57421875 0.60400390625 0.029296875 0.0966796875
0 0.626953125 0.61328125 0.06982421875 0.09130859375
0 0.68798828125 0.61865234375 0.04443359375 0.08740234375
0 0.734375 0.62548828125 0.04296875 0.0859375
0 0.58740234375 0.6806640625 0.04833984375 0.0478515625
0 0.6455078125 0.68359375 0.05859375 0.0458984375
0 0.703125 0.69287109375 0.05126953125 0.0419921875
0 0.57177734375 0.72021484375 0.0244140625 0.0361328125
0 0.6083984375 0.7265625 0.04150390625 0.0361328125
0 0.66162109375 0.7275390625 0.06591796875 0.0341796875
0 0.701171875 0.73193359375 0.015625 0.0322265625
0 0.5703125 0.7646484375 0.01708984375 0.01708984375
0 0.66015625 0.7685546875 0.06005859375 0.02880859375