0 0.4931640625 0.34228515625 0.08740234375 0.04150390625
0 0.59765625 0.3720703125 0.04736328125 0.009765625
0 0.60400390625 0.35107421875 0.12548828125 0.03759765625
0 0.62890625 0.373046875 0.01708984375 0.009765625
0 0.6474609375 0.37353515625 0.0263671875 0.00927734375
0 0.4697265625 0.3583984375 0.0439453125 0.01513671875
0 0.5107421875 0.36376953125 0.041015625 0.013671875
0 0.34228515625 0.40869140625 0.05908203125 0.04150390625
0 0.40869140625 0.42822265625 0.076171875 0.03515625
0 0.40234375 0.4609375 0.17236328125 0.1015625
0 0.26904296875 0.3515625 0.02978515625 0.0380859375
0 0.63232421875 0.48583984375 0.27734375 0.0703125
0 0.595703125 0.53173828125 0.0361328125 0.013671875
0 0.638671875 0.5322265625 0.05615234375 0.017578125
0 0.68017578125 0.52783203125 0.0263671875 0.01513671875
0 0.70654296875 0.52392578125 0.0283203125 0.01708984375
0 0.732421875 0.521484375 0.021484375 0.01708984375
0 0.74853515625 0.51708984375 0.01611328125 0.01611328125
0 0.38134765625 0.5224609375 0.08837890625 0.05322265625
0 0.48583984375 0.54833984375 0.11865234375 0.048828125
0 0.59765625 0.55615234375 0.10107421875 0.0244140625
0 0.6875 0.54931640625 0.07470703125 0.03076171875
0 0.46630859375 0.59423828125 0.0791015625 0.0234375
0 0.5478515625 0.5947265625 0.0732421875 0.0234375
0 0.45361328125 0.6298828125 0.15869140625 0.0751953125
0 0.59814453125 0.63037109375 0.10888671875 0.06689453125
0 0.6650390625 0.6044921875 0.0146484375 0.01171875
0 0.4775390625 0.685546875 0.04150390625 0.02001953125
0 0.50732421875 0.69189453125 0.02392578125 0.017578125
0 0.52294921875 0.6904296875 0.0185546875 0.01611328125
0 0.53271484375 0.6904296875 0.01513671875 0.01708984375
0 0.47802734375 0.70947265625 0.052734375 0.02001953125
0 0.51416015625 0.71484375 0.02880859375 0.013671875
0 0.53125 0.71435546875 0.013671875 0.01513671875
0 0.41650390625 0.7353515625 0.08056640625 0.04541015625
0 0.52490234375 0.74609375 0.11376953125 0.017578125
0 0.88525390625 0.25146484375 0.046875 0.02490234375
0 0.95556640625 0.259765625 0.08447265625 0.03271484375
0 0.919921875 0.3603515625 0.11572265625 0.0556640625
0 0.93115234375 0.390625 0.02880859375 0.013671875
0 0.96337890625 0.39404296875 0.04248046875 0.01318359375
0 0.8564453125 0.39892578125 0.07421875 0.03662109375
0 0.92919921875 0.4091796875 0.07666015625 0.02685546875
0 0.97998046875 0.41455078125 0.0234375 0.015625
0 0.83740234375 0.43359375 0.04443359375 0.02001953125
0 0.88916015625 0.43603515625 0.05859375 0.0185546875
0 0.84814453125 0.46826171875 0.05029296875 0.04052734375
0 0.923828125 0.46728515625 0.08154296875 0.04443359375
0 0.826171875 0.50341796875 0.0302734375 0.01953125
0 0.84716796875 0.50927734375 0.0185546875 0.01513671875
0 0.85888671875 0.5087890625 0.01513671875 0.013671875
0 0.8662109375 0.5087890625 0.01416015625 0.01416015625
0 0.82421875 0.521484375 0.04052734375 0.01953125
0 0.85498046875 0.52685546875 0.0322265625 0.0185546875
0 0.79443359375 0.546875 0.021484375 0.017578125