0 0.27197265625 0.1865234375 0.0478515625 0.05712890625
0 0.318359375 0.17919921875 0.0400390625 0.078125
0 0.3447265625 0.1708984375 0.009765625 0.068359375
0 0.26611328125 0.234375 0.02392578125 0.0390625
0 0.30712890625 0.23291015625 0.05810546875 0.0361328125
0 0.2861328125 0.27685546875 0.06787109375 0.044921875
0 0.3349609375 0.27490234375 0.029296875 0.0419921875
0 0.2861328125 0.32177734375 0.06396484375 0.044921875
0 0.33447265625 0.318359375 0.0302734375 0.0390625
0 0.87060546875 0.07470703125 0.2587890625 0.1494140625
0 0.93115234375 0.1494140625 0.0888671875 0.02880859375
0 0.6396484375 0.27587890625 0.0908203125 0.04638671875
0 0.86962890625 0.216796875 0.052734375 0.02978515625
0 0.48486328125 0.37646484375 0.05078125 0.04931640625
0 0.54052734375 0.3818359375 0.07080078125 0.04931640625
0 0.5966796875 0.37841796875 0.03466796875 0.03662109375
0 0.650390625 0.3759765625 0.06884765625 0.03955078125
0 0.70654296875 0.3720703125 0.04345703125 0.04248046875
0 0.75927734375 0.37109375 0.0546875 0.04931640625
0 0.8359375 0.36376953125 0.0908203125 0.0478515625
0 0.9365234375 0.36083984375 0.103515625 0.044921875
0 0.49951171875 0.451171875 0.12744140625 0.07763671875
0 0.6123046875 0.44287109375 0.1162109375 0.0693359375
0 0.712890625 0.4365234375 0.09619140625 0.08447265625
0 0.82568359375 0.43603515625 0.12158203125 0.072265625
0 0.94580078125 0.4287109375 0.1083984375 0.080078125
0 0.12158203125 0.55224609375 0.14501953125 0.0703125
0 0.25439453125 0.54541015625 0.125 0.05859375
0 0.02490234375 0.69140625 0.0498046875 0.181640625
0 0.1826171875 0.7138671875 0.25732421875 0.14404296875
0 0.06787109375 0.8818359375 0.103515625 0.10498046875
0 0.20556640625 0.89208984375 0.1513671875 0.091796875
0 0.02880859375 0.95751953125 0.0576171875 0.0400390625
0 0.15625 0.96630859375 0.18212890625 0.0537109375
0 0.6328125 0.5595703125 0.0341796875 0.044921875
0 0.66015625 0.556640625 0.02099609375 0.041015625
0 0.68359375 0.560546875 0.0263671875 0.041015625
0 0.7060546875 0.5595703125 0.01611328125 0.04443359375
0 0.72705078125 0.564453125 0.029296875 0.04150390625
0 0.61376953125 0.61083984375 0.0263671875 0.04296875
0 0.64599609375 0.61572265625 0.03662109375 0.04296875
0 0.68310546875 0.6142578125 0.0361328125 0.03515625
0 0.7158203125 0.61669921875 0.02734375 0.04052734375
0 0.74169921875 0.611328125 0.02392578125 0.0341796875
0 0.720703125 0.7421875 0.009765625 0.0126953125
0 0.72705078125 0.7412109375 0.00341796875 0.01171875
0 0.72998046875 0.74169921875 0.00341796875 0.01025390625
0 0.7197265625 0.7529296875 0.005859375 0.01025390625
0 0.72509765625 0.751953125 0.00390625 0.009765625
0 0.7294921875 0.7509765625 0.00439453125 0.01025390625