0 0.2587890625 0.06103515625 0.18359375 0.11669921875
0 0.25 0.21533203125 0.26123046875 0.17822265625
0 0.201171875 0.36962890625 0.12109375 0.07666015625
0 0.31298828125 0.37353515625 0.09521484375 0.08837890625
0 0.15283203125 0.490234375 0.09765625 0.091796875
0 0.70654296875 0.078125 0.3544921875 0.15625
0 0.634765625 0.17822265625 0.10888671875 0.06982421875
0 0.7421875 0.17041015625 0.0888671875 0.078125
0 0.84326171875 0.00390625 0.0185546875 0.0078125
0 0.5380859375 0.29931640625 0.017578125 0.0263671875
0 0.56591796875 0.298828125 0.03857421875 0.02490234375
0 0.59423828125 0.29833984375 0.017578125 0.0234375
0 0.61669921875 0.29736328125 0.03515625 0.02490234375
0 0.6533203125 0.29296875 0.03857421875 0.033203125
0 0.681640625 0.29638671875 0.02001953125 0.0234375
0 0.71240234375 0.29052734375 0.041015625 0.0283203125
0 0.74658203125 0.29248046875 0.02734375 0.02490234375
0 0.82080078125 0.333984375 0.0185546875 0.021484375
0 0.841796875 0.3291015625 0.02490234375 0.02490234375
0 0.8583984375 0.33056640625 0.013671875 0.0185546875
0 0.8701171875 0.328125 0.0126953125 0.02001953125
0 0.88525390625 0.3291015625 0.02001953125 0.021484375
0 0.8427734375 0.35498046875 0.052734375 0.0234375
0 0.880859375 0.3505859375 0.02880859375 0.02490234375
0 0.8271484375 0.3857421875 0.01611328125 0.0185546875
0 0.8408203125 0.3857421875 0.013671875 0.0185546875
0 0.0146484375 0.68994140625 0.029296875 0.1083984375
0 0.1611328125 0.69873046875 0.2421875 0.1259765625
0 0.072265625 0.82568359375 0.12744140625 0.12890625
0 0.18408203125 0.833984375 0.0810546875 0.1103515625
0 0.0361328125 0.939453125 0.072265625 0.12109375
0 0.14453125 0.9541015625 0.126953125 0.091796875
0 0.86669921875 0.59423828125 0.0986328125 0.03955078125
0 0.95849609375 0.59130859375 0.0830078125 0.0400390625
0 0.84375 0.63427734375 0.03857421875 0.04052734375
0 0.8974609375 0.62890625 0.06591796875 0.03857421875
0 0.96728515625 0.62255859375 0.0654296875 0.0439453125
0 0.9150390625 0.6708984375 0.169921875 0.044921875
0 0.8896484375 0.82666015625 0.095703125 0.05029296875
0 0.96923828125 0.80859375 0.0615234375 0.05859375
0 0.92333984375 0.86328125 0.14306640625 0.056640625