0 0.2392578125 0.091796875 0.16845703125 0.177734375
0 0.41064453125 0.12255859375 0.16162109375 0.1865234375
0 0.58349609375 0.158203125 0.16015625 0.1982421875
0 0.7509765625 0.19384765625 0.1748046875 0.16845703125
0 0.318359375 0.32080078125 0.3564453125 0.31640625
0 0.70751953125 0.3818359375 0.3515625 0.3134765625
0 0.1875 0.53857421875 0.2451171875 0.1953125
0 0.46826171875 0.56787109375 0.28662109375 0.18359375
0 0.6865234375 0.5947265625 0.11328125 0.15380859375
0 0.85400390625 0.61376953125 0.20849609375 0.14501953125
0 0.05419921875 0.70849609375 0.078125 0.09765625
0 0.1240234375 0.71875 0.06494140625 0.0771484375
0 0.22412109375 0.724609375 0.125 0.0947265625
0 0.3310546875 0.72802734375 0.091796875 0.0830078125
0 0.74267578125 0.75146484375 0.0751953125 0.07080078125
0 0.8076171875 0.7529296875 0.07177734375 0.06787109375
0 0.87353515625 0.755859375 0.06005859375 0.06787109375
0 0.94189453125 0.76318359375 0.080078125 0.07080078125
0 0.02734375 0.18212890625 0.0517578125 0.1806640625