0 0.2578125 0.11083984375 0.18359375 0.11669921875
0 0.2490234375 0.26513671875 0.26123046875 0.17822265625
0 0.2001953125 0.41943359375 0.12109375 0.07666015625
0 0.31201171875 0.42333984375 0.09521484375 0.08837890625
0 0.15185546875 0.5400390625 0.09765625 0.091796875
0 0.57373046875 0.2958984375 0.1474609375 0.044921875
0 0.740234375 0.1865234375 0.09130859375 0.068359375
0 0.81591796875 0.18798828125 0.04736328125 0.06494140625
0 0.8681640625 0.1787109375 0.04736328125 0.06005859375
0 0.94091796875 0.17822265625 0.0849609375 0.05810546875
0 0.98681640625 0.31689453125 0.0263671875 0.0302734375
0 0.9501953125 0.31640625 0.048828125 0.02490234375
0 0.91748046875 0.31640625 0.021484375 0.02490234375
0 0.884765625 0.3173828125 0.04248046875 0.02978515625
0 0.84326171875 0.31884765625 0.04248046875 0.02978515625
0 0.81103515625 0.3173828125 0.0224609375 0.0400390625
0 0.78759765625 0.31884765625 0.021484375 0.02685546875
0 0.76513671875 0.31640625 0.02392578125 0.03173828125
0 0.736328125 0.3173828125 0.03369140625 0.02978515625
0 0.7041015625 0.31982421875 0.0263671875 0.03173828125
0 0.92529296875 0.25048828125 0.1494140625 0.0634765625
0 0.79833984375 0.2587890625 0.0751953125 0.05322265625
0 0.162109375 0.923828125 0.02490234375 0.01513671875
0 0.5224609375 0.74462890625 0.044921875 0.0302734375
0 0.5771484375 0.74462890625 0.060546875 0.0302734375
0 0.505859375 0.7880859375 0.01171875 0.041015625