0 0.3486328125 0.0615234375 0.02490234375 0.02001953125
0 0.4033203125 0.0576171875 0.0537109375 0.03515625
0 0.443359375 0.0556640625 0.0263671875 0.0283203125
0 0.48193359375 0.05322265625 0.048828125 0.02978515625
0 0.51806640625 0.04833984375 0.0263671875 0.03662109375
0 0.5576171875 0.0458984375 0.0498046875 0.03857421875
0 0.34375 0.1015625 0.044921875 0.02978515625
0 0.39111328125 0.09912109375 0.0498046875 0.03173828125
0 0.46435546875 0.09326171875 0.0986328125 0.03662109375
0 0.52978515625 0.08740234375 0.03515625 0.03515625
0 0.5673828125 0.083984375 0.0400390625 0.03515625
0 0.4482421875 0.208984375 0.291015625 0.16162109375
0 0.443359375 0.37646484375 0.18359375 0.11669921875
0 0.4345703125 0.53076171875 0.26123046875 0.17822265625
0 0.3857421875 0.68505859375 0.12109375 0.07666015625
0 0.49755859375 0.68896484375 0.09521484375 0.08837890625
0 0.33740234375 0.8056640625 0.09765625 0.091796875