0 0.1728515625 0.59375 0.052734375 0.03125
0 0.228515625 0.59521484375 0.046875 0.0390625
0 0.0888671875 0.63818359375 0.076171875 0.046875
0 0.158203125 0.64208984375 0.05078125 0.03369140625
0 0.2197265625 0.63525390625 0.064453125 0.03662109375
0 0.287109375 0.6328125 0.0625 0.04150390625
0 0.095703125 0.70703125 0.08203125 0.0390625
0 0.166015625 0.70068359375 0.05078125 0.03662109375
0 0.251953125 0.69287109375 0.11328125 0.04150390625
0 0.0546875 0.76416015625 0.05859375 0.0390625
0 0.126953125 0.75244140625 0.07421875 0.04150390625
0 0.24609375 0.734375 0.15625 0.05224609375
0 0.111328125 0.80224609375 0.0390625 0.03662109375
0 0.2041015625 0.78662109375 0.142578125 0.05712890625
0 0.025390625 0.98046875 0.02734375 0.0390625
0 0.1015625 0.95458984375 0.11328125 0.06494140625
0 0.27734375 0.89306640625 0.04296875 0.04150390625
0 0.328125 0.87353515625 0.0234375 0.03369140625
0 0.359375 0.86083984375 0.0390625 0.04443359375
0 0.416015625 0.83447265625 0.07421875 0.0546875
0 0.4755859375 0.80712890625 0.044921875 0.04150390625
0 0.455078125 0.77880859375 0.02734375 0.02587890625
0 0.7275390625 0.54296875 0.041015625 0.01318359375