0 0.59619140625 0.12109375 0.0458984375 0.107421875
0 0.69482421875 0.35791015625 0.05615234375 0.01513671875
0 0.6953125 0.3720703125 0.0576171875 0.0166015625
0 0.78076171875 0.36474609375 0.0361328125 0.03515625
0 0.8359375 0.3603515625 0.07373046875 0.04345703125
0 0.939453125 0.35888671875 0.01611328125 0.0234375
0 0.548828125 0.80908203125 0.140625 0.0869140625
0 0.46044921875 0.9736328125 0.03076171875 0.017578125
0 0.4892578125 0.97509765625 0.03369140625 0.015625
0 0.5185546875 0.978515625 0.0263671875 0.01513671875
0 0.55078125 0.97900390625 0.041015625 0.01611328125
0 0.587890625 0.9833984375 0.03955078125 0.01416015625
0 0.61328125 0.9873046875 0.01171875 0.013671875
0 0.9384765625 0.52392578125 0.08642578125 0.072265625
0 0.88818359375 0.74365234375 0.080078125 0.0673828125
0 0.96826171875 0.74072265625 0.0634765625 0.0771484375
0 0.90673828125 0.83251953125 0.10009765625 0.0751953125
0 0.98046875 0.83349609375 0.0390625 0.0576171875
0 0.96484375 0.96875 0.0703125 0.0625