0 0.31640625 0.06689453125 0.0380859375 0.03369140625
0 0.58154296875 0.18310546875 0.09033203125 0.07275390625
0 0.68701171875 0.15966796875 0.11474609375 0.05224609375
0 0.66064453125 0.20068359375 0.06201171875 0.02783203125
0 0.71826171875 0.19482421875 0.0458984375 0.02490234375
0 0.4736328125 0.2880859375 0.08203125 0.06201171875
0 0.5419921875 0.29248046875 0.03955078125 0.05126953125
0 0.5947265625 0.27294921875 0.0546875 0.08544921875
0 0.68017578125 0.27099609375 0.11083984375 0.08544921875
0 0.435546875 0.369140625 0.05859375 0.05810546875
0 0.51171875 0.3681640625 0.07958984375 0.06640625
0 0.5927734375 0.37451171875 0.07080078125 0.05810546875
0 0.66455078125 0.37060546875 0.05078125 0.06494140625
0 0.7373046875 0.3798828125 0.06982421875 0.08154296875
0 0.4052734375 0.46533203125 0.0185546875 0.01953125
0 0.42431640625 0.466796875 0.01904296875 0.02001953125
0 0.453125 0.4677734375 0.0380859375 0.025390625
0 0.486328125 0.47021484375 0.0234375 0.025390625
0 0.5166015625 0.47119140625 0.0302734375 0.03271484375
0 0.552734375 0.47607421875 0.0361328125 0.021484375
0 0.5908203125 0.4755859375 0.03662109375 0.0341796875
0 0.63427734375 0.47900390625 0.04150390625 0.03369140625
0 0.67041015625 0.4814453125 0.021484375 0.0302734375
0 0.703125 0.4873046875 0.04150390625 0.0322265625
0 0.73779296875 0.490234375 0.02294921875 0.02294921875
0 0.76806640625 0.49169921875 0.02880859375 0.03369140625
0 0.447265625 0.4990234375 0.02001953125 0.02001953125
0 0.50390625 0.50439453125 0.09326171875 0.02880859375