0 0.197265625 0.12109375 0.349609375 0.11328125
0 0.20654296875 0.2294921875 0.4130859375 0.107421875
0 0.521484375 0.02197265625 0.083984375 0.0439453125
0 0.50439453125 0.0966796875 0.0498046875 0.04296875
0 0.51318359375 0.1708984375 0.0673828125 0.04296875
0 0.49951171875 0.3076171875 0.0400390625 0.0546875
0 0.74609375 0.01953125 0.205078125 0.0390625
0 0.921875 0.021484375 0.1328125 0.04296875
0 0.81201171875 0.06689453125 0.23974609375 0.04541015625
0 0.80419921875 0.12158203125 0.318359375 0.05810546875
0 0.79248046875 0.18505859375 0.16796875 0.04443359375
0 0.66748046875 0.23095703125 0.0869140625 0.046875
0 0.85400390625 0.23193359375 0.2509765625 0.052734375
0 0.71826171875 0.28759765625 0.08935546875 0.046875
0 0.2294921875 0.54833984375 0.138671875 0.0771484375
0 0.31494140625 0.7470703125 0.3291015625 0.234375
0 0.39111328125 0.9365234375 0.095703125 0.0986328125
0 0.4580078125 0.93896484375 0.04296875 0.0869140625
0 0.501953125 0.5576171875 0.044921875 0.078125
0 0.55908203125 0.55224609375 0.05810546875 0.0751953125
0 0.63037109375 0.560546875 0.07373046875 0.0693359375
0 0.69384765625 0.560546875 0.046875 0.072265625
0 0.75634765625 0.57470703125 0.07177734375 0.07763671875
0 0.50634765625 0.634765625 0.0537109375 0.0703125
0 0.57861328125 0.64111328125 0.080078125 0.06689453125
0 0.65625 0.6484375 0.06884765625 0.0556640625
0 0.7216796875 0.650390625 0.05419921875 0.07373046875
0 0.7841796875 0.6552734375 0.0625 0.052734375
0 0.49560546875 0.72216796875 0.0322265625 0.0263671875
0 0.4853515625 0.75 0.01171875 0.015625
0 0.5009765625 0.7509765625 0.02099609375 0.013671875
0 0.49755859375 0.80029296875 0.0361328125 0.0400390625
0 0.53076171875 0.7998046875 0.0302734375 0.0390625
0 0.56201171875 0.796875 0.02392578125 0.03076171875
0 0.6044921875 0.80126953125 0.0615234375 0.04150390625
0 0.646484375 0.79833984375 0.02490234375 0.03076171875
0 0.59814453125 0.7119140625 0.02392578125 0.0166015625
0 0.59716796875 0.7294921875 0.06787109375 0.0234375
0 0.68115234375 0.724609375 0.0498046875 0.03076171875
0 0.56005859375 0.751953125 0.02099609375 0.01513671875
0 0.5751953125 0.7529296875 0.01123046875 0.0126953125
0 0.5888671875 0.75390625 0.015625 0.01123046875
0 0.60546875 0.75244140625 0.017578125 0.013671875
0 0.619140625 0.7529296875 0.015625 0.0126953125
0 0.63623046875 0.75439453125 0.0185546875 0.0126953125
0 0.712890625 0.75732421875 0.02001953125 0.0126953125
0 0.74267578125 0.75732421875 0.029296875 0.0126953125
0 0.6689453125 0.74560546875 0.017578125 0.013671875
0 0.6806640625 0.74560546875 0.00927734375 0.013671875
0 0.6884765625 0.744140625 0.00830078125 0.01953125
0 0.7001953125 0.744140625 0.015625 0.0166015625
0 0.68310546875 0.79833984375 0.0439453125 0.03076171875