0 0.09130859375 0.01416015625 0.0673828125 0.0283203125
0 0.015625 0.0078125 0.03125 0.015625
0 0.26904296875 0.04248046875 0.1884765625 0.0849609375
0 0.2548828125 0.2734375 0.18994140625 0.2216796875
0 0.42529296875 0.2763671875 0.0888671875 0.263671875
0 0.2509765625 0.4951171875 0.14453125 0.068359375
0 0.4130859375 0.4736328125 0.11328125 0.111328125
0 0.7822265625 0.13720703125 0.06982421875 0.091796875
0 0.86669921875 0.14453125 0.08642578125 0.08984375
0 0.79638671875 0.25048828125 0.0888671875 0.09814453125
0 0.88916015625 0.25830078125 0.0888671875 0.103515625
0 0.79345703125 0.35546875 0.0673828125 0.09814453125
0 0.873046875 0.3671875 0.076171875 0.1015625
0 0.94140625 0.3798828125 0.05859375 0.08642578125
0 0.8671875 0.48046875 0.072265625 0.09521484375
0 0.95068359375 0.48193359375 0.0849609375 0.0947265625
0 0.2578125 0.810546875 0.02197265625 0.0244140625
0 0.27734375 0.8095703125 0.01171875 0.0263671875
0 0.29833984375 0.8056640625 0.0263671875 0.0302734375
0 0.23974609375 0.84814453125 0.03466796875 0.0322265625
0 0.27734375 0.8408203125 0.03662109375 0.0322265625
0 0.31787109375 0.84423828125 0.03759765625 0.0244140625
0 0.353515625 0.9931640625 0.017578125 0.013671875
0 0.62939453125 0.65283203125 0.07958984375 0.1083984375
0 0.7197265625 0.62451171875 0.08984375 0.10693359375
0 0.81103515625 0.58935546875 0.0888671875 0.1201171875
0 0.6240234375 0.74853515625 0.07177734375 0.07763671875
0 0.69189453125 0.72705078125 0.0703125 0.076171875
0 0.7841796875 0.7021484375 0.1181640625 0.095703125