0 0.0732421875 0.0615234375 0.01513671875 0.01220703125
0 0.1455078125 0.0625 0.0107421875 0.01220703125
0 0.13818359375 0.0751953125 0.01416015625 0.01123046875
0 0.15869140625 0.06298828125 0.01708984375 0.01513671875
0 0.15625 0.07421875 0.0107421875 0.00927734375
0 0.16455078125 0.07177734375 0.01123046875 0.00830078125
0 0.158203125 0.0810546875 0.0087890625 0.00927734375
0 0.166015625 0.07861328125 0.00927734375 0.00830078125
0 0.19482421875 0.05908203125 0.0244140625 0.00732421875
0 0.19921875 0.06640625 0.01416015625 0.00830078125
0 0.01025390625 0.2431640625 0.0205078125 0.044921875
0 0.0673828125 0.3310546875 0.09326171875 0.04052734375
0 0.150390625 0.31982421875 0.0654296875 0.0419921875
0 0.1025390625 0.28515625 0.0263671875 0.0244140625
0 0.08544921875 0.93359375 0.01806640625 0.015625
0 0.083984375 0.94921875 0.02197265625 0.01318359375
0 0.83203125 0.41162109375 0.06640625 0.0380859375
0 0.90380859375 0.4072265625 0.0712890625 0.041015625
0 0.97119140625 0.41064453125 0.0576171875 0.0478515625
0 0.82861328125 0.46435546875 0.0576171875 0.041015625
0 0.88330078125 0.45849609375 0.05615234375 0.0361328125
0 0.93212890625 0.46240234375 0.0390625 0.03515625
0 0.982421875 0.453125 0.03515625 0.033203125
0 0.8193359375 0.5107421875 0.03466796875 0.03369140625
0 0.85546875 0.50537109375 0.0341796875 0.02783203125
0 0.88623046875 0.50537109375 0.0234375 0.02685546875
0 0.92138671875 0.50341796875 0.0400390625 0.0302734375
0 0.9599609375 0.50048828125 0.03515625 0.02978515625
0 0.98779296875 0.4931640625 0.0244140625 0.037109375
0 0.82568359375 0.55029296875 0.0458984375 0.03173828125
0 0.87939453125 0.54638671875 0.05224609375 0.03173828125
0 0.95361328125 0.53515625 0.0927734375 0.0390625
0 0.83203125 0.5859375 0.0576171875 0.033203125
0 0.93212890625 0.57373046875 0.1357421875 0.0595703125
0 0.93603515625 0.65283203125 0.1279296875 0.1416015625
0 0.93310546875 0.79541015625 0.1337890625 0.1201171875
0 0.59765625 0.97900390625 0.103515625 0.0419921875
0 0.70263671875 0.966796875 0.0908203125 0.06640625
0 0.7958984375 0.9501953125 0.08349609375 0.0771484375
0 0.900390625 0.92626953125 0.10888671875 0.0859375
0 0.64404296875 0.6044921875 0.10888671875 0.08837890625