0 0.16162109375 0.17919921875 0.09033203125 0.07275390625
0 0.26708984375 0.15576171875 0.11474609375 0.05224609375
0 0.24072265625 0.19677734375 0.06201171875 0.02783203125
0 0.29833984375 0.19091796875 0.0458984375 0.02490234375
0 0.0537109375 0.2841796875 0.08203125 0.06201171875
0 0.1220703125 0.28857421875 0.03955078125 0.05126953125
0 0.1748046875 0.26904296875 0.0546875 0.08544921875
0 0.26025390625 0.26708984375 0.11083984375 0.08544921875
0 0.0224609375 0.36474609375 0.044921875 0.0576171875
0 0.091796875 0.3642578125 0.07958984375 0.06640625
0 0.1728515625 0.37060546875 0.07080078125 0.05810546875
0 0.24462890625 0.36669921875 0.05078125 0.06494140625
0 0.3173828125 0.3759765625 0.06982421875 0.08154296875
0 0.0068359375 0.46240234375 0.013671875 0.0205078125
0 0.033203125 0.4638671875 0.0380859375 0.025390625
0 0.06640625 0.46630859375 0.0234375 0.025390625
0 0.0966796875 0.46728515625 0.0302734375 0.03271484375
0 0.1328125 0.47216796875 0.0361328125 0.021484375
0 0.1708984375 0.4716796875 0.03662109375 0.0341796875
0 0.21435546875 0.47509765625 0.04150390625 0.03369140625
0 0.25048828125 0.4775390625 0.021484375 0.0302734375
0 0.283203125 0.4833984375 0.04150390625 0.0322265625
0 0.31787109375 0.486328125 0.02294921875 0.02294921875
0 0.34814453125 0.48779296875 0.02880859375 0.03369140625
0 0.02734375 0.4951171875 0.02001953125 0.02001953125
0 0.08349609375 0.49755859375 0.0927734375 0.0244140625
0 0.64404296875 0.17529296875 0.05615234375 0.0185546875
0 0.69482421875 0.1767578125 0.03759765625 0.0185546875
0 0.841796875 0.22607421875 0.02685546875 0.0361328125
0 0.89501953125 0.228515625 0.06884765625 0.03125
0 0.96533203125 0.22705078125 0.0693359375 0.0322265625
0 0.833984375 0.25830078125 0.06787109375 0.0283203125
0 0.90673828125 0.259765625 0.07080078125 0.02197265625
0 0.970703125 0.255859375 0.05712890625 0.02978515625
0 0.8486328125 0.283203125 0.046875 0.015625
0 0.8896484375 0.283203125 0.03759765625 0.015625
0 0.91796875 0.2822265625 0.0185546875 0.01708984375
0 0.94580078125 0.2822265625 0.03662109375 0.01708984375
0 0.98193359375 0.28173828125 0.0361328125 0.0166015625
0 0.533203125 0.4716796875 0.0341796875 0.01416015625
0 0.607421875 0.42626953125 0.0126953125 0.0205078125
0 0.7275390625 0.4775390625 0.03564453125 0.0234375
0 0.82568359375 0.4716796875 0.0341796875 0.01708984375
0 0.92822265625 0.474609375 0.029296875 0.01708984375
0 0.31494140625 0.9111328125 0.06982421875 0.125
0 0.38232421875 0.9130859375 0.0537109375 0.11328125
0 0.4716796875 0.52294921875 0.125 0.0263671875
0 0.71923828125 0.53271484375 0.2451171875 0.0458984375
0 0.5009765625 0.7587890625 0.18359375 0.34765625