0 0.26171875 0.09716796875 0.1015625 0.064453125
0 0.3701171875 0.07861328125 0.111328125 0.0556640625
0 0.3134765625 0.12939453125 0.107421875 0.041015625
0 0.078125 0.2685546875 0.1484375 0.0673828125
0 0.232421875 0.2421875 0.13671875 0.0791015625
0 0.3564453125 0.2333984375 0.087890625 0.0732421875
0 0.0244140625 0.3818359375 0.048828125 0.13671875
0 0.130859375 0.375 0.14453125 0.123046875
0 0.30859375 0.3544921875 0.1875 0.13427734375
0 0.486328125 0.27587890625 0.125 0.26904296875
0 0.66748046875 0.26953125 0.0556640625 0.091796875
0 0.72265625 0.26123046875 0.05078125 0.08544921875
0 0.783203125 0.26708984375 0.06640625 0.08544921875
0 0.8349609375 0.27880859375 0.037109375 0.06787109375
0 0.884765625 0.27587890625 0.06640625 0.08544921875
0 0.955078125 0.27587890625 0.06640625 0.07958984375
0 0.3544921875 0.54638671875 0.3203125 0.1337890625
0 0.0556640625 0.80224609375 0.111328125 0.1845703125
0 0.205078125 0.79052734375 0.126953125 0.1845703125
0 0.4111328125 0.73583984375 0.2353515625 0.2158203125
0 0.6025390625 0.720703125 0.07421875 0.220703125
0 0.05322265625 0.9130859375 0.0302734375 0.02685546875
0 0.0830078125 0.91162109375 0.0302734375 0.0341796875
0 0.11083984375 0.9130859375 0.03173828125 0.03662109375
0 0.15576171875 0.91162109375 0.06494140625 0.0390625
0 0.27587890625 0.904296875 0.14501953125 0.0341796875
0 0.4443359375 0.89599609375 0.1552734375 0.03173828125
0 0.81982421875 0.57177734375 0.3603515625 0.1845703125
0 0.873046875 0.72607421875 0.25390625 0.1181640625
0 0.75634765625 0.869140625 0.12890625 0.115234375
0 0.857421875 0.86083984375 0.0615234375 0.1083984375
0 0.94580078125 0.8671875 0.1083984375 0.12109375
0 0.8349609375 0.96875 0.228515625 0.0625