0 0.39697265625 0.71630859375 0.1748046875 0.1962890625
0 0.5927734375 0.5625 0.076171875 0.087890625
0 0.6552734375 0.55517578125 0.048828125 0.0908203125
0 0.7802734375 0.5712890625 0.197265625 0.08203125
0 0.5908203125 0.646484375 0.072265625 0.0673828125
0 0.6669921875 0.65380859375 0.080078125 0.05859375
0 0.7373046875 0.6552734375 0.056640625 0.0673828125
0 0.8017578125 0.66845703125 0.068359375 0.064453125
0 0.857421875 0.67431640625 0.04296875 0.05859375
0 0.587890625 0.7255859375 0.05859375 0.0615234375
0 0.654296875 0.7314453125 0.0703125 0.0556640625
0 0.720703125 0.740234375 0.0625 0.0673828125
0 0.7783203125 0.73583984375 0.044921875 0.064453125
0 0.841796875 0.74462890625 0.078125 0.05859375
0 0.919921875 0.75048828125 0.08203125 0.0703125
0 0.576171875 0.83251953125 0.04296875 0.041015625
0 0.609375 0.833984375 0.02734375 0.0380859375
0 0.6396484375 0.8369140625 0.037109375 0.0439453125
0 0.6826171875 0.84130859375 0.033203125 0.041015625
0 0.7197265625 0.84130859375 0.044921875 0.041015625
0 0.763671875 0.845703125 0.046875 0.0439453125
0 0.8115234375 0.84423828125 0.048828125 0.041015625
0 0.8515625 0.85302734375 0.03515625 0.046875
0 0.8818359375 0.85302734375 0.033203125 0.041015625
0 0.9482421875 0.85693359375 0.103515625 0.0498046875
0 0.6083984375 0.8984375 0.111328125 0.0615234375
0 0.6845703125 0.90576171875 0.037109375 0.052734375
0 0.740234375 0.9130859375 0.07421875 0.0556640625
0 0.814453125 0.9130859375 0.0703125 0.0556640625