0 0.22412109375 0.42041015625 0.01220703125 0.01904296875
0 0.23876953125 0.42236328125 0.01513671875 0.01318359375
0 0.2587890625 0.421875 0.02099609375 0.015625
0 0.279296875 0.421875 0.0166015625 0.015625
0 0.21826171875 0.43994140625 0.02685546875 0.015625
0 0.24169921875 0.43896484375 0.01708984375 0.017578125
0 0.25732421875 0.43896484375 0.01220703125 0.017578125
0 0.27197265625 0.43994140625 0.01513671875 0.01806640625
0 0.2890625 0.44091796875 0.0205078125 0.01318359375
0 0.20068359375 0.45849609375 0.02197265625 0.015625
0 0.21875 0.458984375 0.01123046875 0.01220703125
0 0.236328125 0.4599609375 0.0224609375 0.0146484375
0 0.2578125 0.4609375 0.017578125 0.0166015625
0 0.2802734375 0.45947265625 0.02587890625 0.013671875
0 0.30517578125 0.45947265625 0.01904296875 0.013671875
0 0.5234375 0.087890625 0.046875 0.0234375
0 0.5751953125 0.09521484375 0.04248046875 0.02490234375
0 0.61572265625 0.0888671875 0.02587890625 0.0263671875
0 0.65771484375 0.091796875 0.04248046875 0.02880859375
0 0.70703125 0.10009765625 0.04150390625 0.02880859375
0 0.759765625 0.09619140625 0.04736328125 0.0263671875
0 0.8232421875 0.099609375 0.0673828125 0.02734375
0 0.62255859375 0.14501953125 0.2451171875 0.0908203125
0 0.86181640625 0.162109375 0.1943359375 0.0703125
0 0.9873046875 0.16259765625 0.025390625 0.0771484375
0 0.779296875 0.55859375 0.15625 0.06298828125
0 0.87744140625 0.56298828125 0.03759765625 0.041015625
0 0.62646484375 0.6875 0.2373046875 0.181640625
0 0.94384765625 0.6826171875 0.1123046875 0.177734375
0 0.53369140625 0.83447265625 0.0673828125 0.0439453125
0 0.61572265625 0.83056640625 0.0634765625 0.04345703125
0 0.66796875 0.83056640625 0.03759765625 0.04345703125
0 0.72119140625 0.828125 0.0439453125 0.04345703125
0 0.77001953125 0.82958984375 0.05029296875 0.03662109375
0 0.84521484375 0.828125 0.05712890625 0.0390625
0 0.90576171875 0.8251953125 0.05224609375 0.041015625
0 0.9658203125 0.82666015625 0.068359375 0.0458984375
0 0.767578125 0.88037109375 0.18212890625 0.04345703125
0 0.86376953125 0.88134765625 0.01953125 0.03662109375
0 0.8837890625 0.88134765625 0.02099609375 0.0322265625
0 0.94873046875 0.8818359375 0.1025390625 0.04296875
0 0.71875 0.92578125 0.05859375 0.0390625
0 0.77001953125 0.92333984375 0.05029296875 0.0390625
0 0.8408203125 0.9248046875 0.087890625 0.04541015625
0 0.9033203125 0.9248046875 0.03759765625 0.041015625
0 0.9580078125 0.9248046875 0.07470703125 0.041015625
0 0.8251953125 0.97705078125 0.076171875 0.0458984375
0 0.8984375 0.9755859375 0.06689453125 0.04345703125
0 0.9638671875 0.9755859375 0.072265625 0.048828125