0 0.5322265625 0.16259765625 0.0625 0.107421875
0 0.78173828125 0.1669921875 0.0439453125 0.123046875
0 0.86181640625 0.17236328125 0.103515625 0.11865234375
0 0.9619140625 0.177734375 0.076171875 0.115234375
0 0.8798828125 0.451171875 0.240234375 0.236328125
0 0.1923828125 0.57958984375 0.0859375 0.0205078125
0 0.25390625 0.58447265625 0.037109375 0.0302734375
0 0.296875 0.58642578125 0.044921875 0.0341796875
0 0.349609375 0.5810546875 0.052734375 0.0234375
0 0.3916015625 0.5830078125 0.03125 0.02734375
0 0.439453125 0.5830078125 0.060546875 0.02734375
0 0.494140625 0.58642578125 0.048828125 0.0341796875
0 0.193359375 0.71142578125 0.064453125 0.111328125
0 0.294921875 0.7255859375 0.123046875 0.08349609375
0 0.4482421875 0.7236328125 0.1640625 0.107421875
0 0.076171875 0.82275390625 0.048828125 0.08349609375
0 0.1435546875 0.82763671875 0.0703125 0.07275390625
0 0.2265625 0.82958984375 0.076171875 0.0693359375
0 0.3310546875 0.8193359375 0.1171875 0.0693359375
0 0.431640625 0.8330078125 0.076171875 0.0693359375
0 0.5322265625 0.82275390625 0.1015625 0.076171875
0 0.6123046875 0.8330078125 0.04296875 0.0556640625
0 0.2001953125 0.90576171875 0.04296875 0.048828125
0 0.25390625 0.91455078125 0.056640625 0.05908203125
0 0.31640625 0.9130859375 0.068359375 0.0625
0 0.3720703125 0.9091796875 0.03515625 0.048828125
0 0.4140625 0.9111328125 0.021484375 0.05224609375
0 0.4697265625 0.9111328125 0.06640625 0.044921875