0 0.17529296875 0.18701171875 0.03759765625 0.03369140625
0 0.21728515625 0.17578125 0.0439453125 0.03173828125
0 0.25830078125 0.1650390625 0.03857421875 0.0283203125
0 0.16943359375 0.21533203125 0.02001953125 0.02294921875
0 0.18896484375 0.212890625 0.0185546875 0.0283203125
0 0.2119140625 0.20654296875 0.029296875 0.02978515625
0 0.23388671875 0.19873046875 0.0126953125 0.0244140625
0 0.24560546875 0.19677734375 0.013671875 0.02099609375
0 0.28173828125 0.18798828125 0.05810546875 0.03515625
0 0.21875 0.2841796875 0.111328125 0.1005859375
0 0.32470703125 0.25244140625 0.08251953125 0.08984375
0 0.22119140625 0.36328125 0.08740234375 0.08642578125
0 0.32958984375 0.3359375 0.1103515625 0.0986328125
0 0.42333984375 0.30322265625 0.064453125 0.07568359375
0 0.1025390625 0.228515625 0.0166015625 0.0634765625
0 0.11181640625 0.29833984375 0.0166015625 0.07568359375
0 0.11962890625 0.3720703125 0.015625 0.06884765625
0 0.13720703125 0.51025390625 0.0185546875 0.0380859375
0 0.9228515625 0.09033203125 0.154296875 0.1162109375
0 0.787109375 0.29248046875 0.1328125 0.0234375
0 0.93310546875 0.42724609375 0.1337890625 0.0830078125
0 0.39453125 0.548828125 0.091796875 0.0390625
0 0.4716796875 0.55029296875 0.0546875 0.0419921875
0 0.5458984375 0.55615234375 0.0859375 0.0537109375
0 0.6123046875 0.5556640625 0.0390625 0.0439453125
0 0.4443359375 0.60693359375 0.0703125 0.05859375
0 0.5 0.61572265625 0.033203125 0.046875
0 0.544921875 0.6259765625 0.052734375 0.0615234375
0 0.40234375 0.669921875 0.044921875 0.0615234375
0 0.4462890625 0.681640625 0.03515625 0.0439453125
0 0.498046875 0.67724609375 0.056640625 0.0703125
0 0.5634765625 0.693359375 0.0703125 0.0673828125
0 0.83984375 0.72412109375 0.3203125 0.3896484375
0 0.91162109375 0.7998046875 0.1767578125 0.09375