0 0.61328125 0.1845703125 0.04150390625 0.0126953125
0 0.65087890625 0.18115234375 0.02734375 0.013671875
0 0.67626953125 0.1787109375 0.0166015625 0.0146484375
0 0.70068359375 0.1787109375 0.025390625 0.015625
0 0.73046875 0.17724609375 0.0302734375 0.01318359375
0 0.76416015625 0.17333984375 0.02880859375 0.0146484375
0 0.6220703125 0.19970703125 0.017578125 0.01708984375
0 0.64599609375 0.19873046875 0.0263671875 0.0166015625
0 0.67236328125 0.19677734375 0.01953125 0.01708984375
0 0.70458984375 0.197265625 0.041015625 0.01904296875
0 0.74365234375 0.19140625 0.0302734375 0.01806640625
0 0.5556640625 0.2470703125 0.08056640625 0.046875
0 0.62939453125 0.24560546875 0.04833984375 0.037109375
0 0.71435546875 0.2412109375 0.09375 0.0390625
0 0.81982421875 0.23095703125 0.095703125 0.046875
0 0.74853515625 0.27294921875 0.05615234375 0.02294921875
0 0.7919921875 0.26953125 0.02197265625 0.017578125
0 0.83837890625 0.26708984375 0.064453125 0.0224609375
0 0.47314453125 0.3125 0.0263671875 0.01123046875
0 0.5458984375 0.30859375 0.095703125 0.01416015625
0 0.4765625 0.32568359375 0.0283203125 0.0107421875
0 0.5556640625 0.322265625 0.11962890625 0.01611328125
0 0.4013671875 0.40576171875 0.0576171875 0.0556640625
0 0.45361328125 0.4111328125 0.03564453125 0.04248046875
0 0.5 0.40478515625 0.0400390625 0.0576171875
0 0.55517578125 0.40576171875 0.05810546875 0.0576171875
0 0.609375 0.40576171875 0.04052734375 0.0576171875
0 0.68212890625 0.41552734375 0.0869140625 0.05419921875
0 0.7666015625 0.40478515625 0.06298828125 0.056640625
0 0.818359375 0.39697265625 0.0302734375 0.01025390625
0 0.8525390625 0.396484375 0.033203125 0.013671875
0 0.8369140625 0.4150390625 0.06689453125 0.0166015625
0 0.8935546875 0.49560546875 0.01806640625 0.02783203125
0 0.25048828125 0.412109375 0.04345703125 0.01318359375
0 0.28857421875 0.41064453125 0.0283203125 0.01611328125
0 0.31396484375 0.40869140625 0.01953125 0.01904296875
0 0.333984375 0.4111328125 0.0166015625 0.01318359375
0 0.263671875 0.43212890625 0.017578125 0.01708984375
0 0.287109375 0.43115234375 0.0244140625 0.017578125
0 0.3115234375 0.4306640625 0.017578125 0.01806640625
0 0.3271484375 0.43212890625 0.0107421875 0.01611328125
0 0.19970703125 0.46875 0.06201171875 0.0478515625
0 0.25537109375 0.47265625 0.03662109375 0.03955078125
0 0.31591796875 0.47216796875 0.06884765625 0.0400390625
0 0.39111328125 0.46875 0.06787109375 0.0458984375