0 0.224609375 0.26416015625 0.271484375 0.05322265625
0 0.01171875 0.423828125 0.0234375 0.037109375
0 0.0537109375 0.41845703125 0.05078125 0.03369140625
0 0.1025390625 0.40869140625 0.037109375 0.04052734375
0 0.1552734375 0.4072265625 0.0546875 0.03759765625
0 0.22314453125 0.40185546875 0.0693359375 0.03759765625
0 0.2998046875 0.39599609375 0.0703125 0.03369140625
0 0.3544921875 0.39404296875 0.03515625 0.03515625
0 0.39306640625 0.39404296875 0.0361328125 0.04052734375
0 0.4306640625 0.38818359375 0.03515625 0.02880859375
0 0.47802734375 0.38916015625 0.0498046875 0.04296875
0 0.03173828125 0.46044921875 0.0576171875 0.03515625
0 0.1015625 0.45458984375 0.06640625 0.04150390625
0 0.22314453125 0.44287109375 0.1083984375 0.03662109375
0 0.052734375 0.4951171875 0.06640625 0.03662109375
0 0.1201171875 0.48876953125 0.056640625 0.03369140625
0 0.1884765625 0.48291015625 0.0625 0.03271484375
0 0.2822265625 0.4775390625 0.11328125 0.04833984375
0 0.37841796875 0.46728515625 0.0693359375 0.03515625
0 0.45068359375 0.4599609375 0.0732421875 0.03369140625
0 0.525390625 0.4560546875 0.068359375 0.048828125
0 0.009765625 0.54296875 0.01953125 0.037109375
0 0.06396484375 0.53662109375 0.0751953125 0.04150390625
0 0.15673828125 0.5283203125 0.0966796875 0.04296875
0 0.2578125 0.5185546875 0.037109375 0.03662109375
0 0.30517578125 0.51611328125 0.0439453125 0.03369140625
0 0.36328125 0.50927734375 0.064453125 0.03662109375
0 0.42919921875 0.50537109375 0.0576171875 0.03662109375
0 0.130859375 0.57421875 0.07421875 0.03125
0 0.26611328125 0.5673828125 0.1787109375 0.044921875
0 0.1494140625 0.44970703125 0.033203125 0.03125
0 0.2216796875 0.5224609375 0.029296875 0.03369140625
0 0.6328125 0.21533203125 0.076171875 0.04150390625
0 0.689453125 0.2255859375 0.033203125 0.03125
0 0.7265625 0.21630859375 0.037109375 0.04443359375
0 0.7783203125 0.22021484375 0.0625 0.046875
0 0.6171875 0.26708984375 0.107421875 0.03125
0 0.6953125 0.27001953125 0.044921875 0.03125
0 0.75390625 0.2646484375 0.068359375 0.04150390625
0 0.8115234375 0.26611328125 0.05078125 0.0390625
0 0.109375 0.671875 0.05517578125 0.05322265625
0 0.16748046875 0.6787109375 0.04833984375 0.048828125
0 0.22998046875 0.68798828125 0.06689453125 0.056640625
0 0.2939453125 0.69091796875 0.0576171875 0.05078125
0 0.3623046875 0.70458984375 0.07568359375 0.05078125
0 0.451171875 0.7109375 0.0810546875 0.0517578125
0 0.51513671875 0.71875 0.04296875 0.04296875
0 0.5478515625 0.73095703125 0.0234375 0.0419921875
0 0.56982421875 0.7177734375 0.0205078125 0.03125
0 0.6220703125 0.68115234375 0.0234375 0.01708984375
0 0.61669921875 0.73291015625 0.009765625 0.009765625
0 0.62353515625 0.73291015625 0.0078125 0.009765625
0 0.6318359375 0.7333984375 0.009765625 0.0107421875
0 0.6630859375 0.7470703125 0.0068359375 0.0107421875
0 0.673828125 0.7490234375 0.0068359375 0.0126953125
0 0.69091796875 0.74462890625 0.02685546875 0.01953125
0 0.6708984375 0.7314453125 0.0107421875 0.01416015625
0 0.76318359375 0.62255859375 0.025390625 0.02197265625
0 0.81005859375 0.6416015625 0.044921875 0.0185546875
0 0.9208984375 0.74658203125 0.02685546875 0.01708984375
0 0.9501953125 0.94873046875 0.02197265625 0.0205078125
0 0.95361328125 0.9619140625 0.02880859375 0.0224609375