0 0.14404296875 0.0498046875 0.1884765625 0.099609375
0 0.34619140625 0.0810546875 0.1474609375 0.162109375
0 0.1298828125 0.2880859375 0.18994140625 0.2216796875
0 0.337890625 0.291015625 0.1640625 0.263671875
0 0.49072265625 0.125 0.11279296875 0.03173828125
0 0.4609375 0.18017578125 0.0341796875 0.01806640625
0 0.47265625 0.20068359375 0.03857421875 0.017578125
0 0.4853515625 0.22314453125 0.0419921875 0.01708984375
0 0.5712890625 0.1640625 0.04345703125 0.0205078125
0 0.57861328125 0.18115234375 0.04345703125 0.0224609375
0 0.58447265625 0.19775390625 0.03125 0.0185546875
0 0.59423828125 0.21142578125 0.0380859375 0.02001953125
0 0.669921875 0.1943359375 0.01171875 0.01318359375
0 0.73974609375 0.185546875 0.0263671875 0.017578125
0 0.94775390625 0.1318359375 0.0234375 0.01708984375
0 0.9482421875 0.150390625 0.0263671875 0.01953125
0 0.9443359375 0.16748046875 0.02978515625 0.017578125
0 0.94677734375 0.18310546875 0.02978515625 0.0185546875
0 0.91796875 0.43310546875 0.048828125 0.0126953125
0 0.9697265625 0.42919921875 0.060546875 0.0205078125
0 0.10009765625 0.49072265625 0.1005859375 0.1025390625
0 0.22509765625 0.484375 0.1162109375 0.08984375
0 0.34619140625 0.4853515625 0.1005859375 0.091796875
0 0.037109375 0.6630859375 0.07421875 0.111328125
0 0.2158203125 0.66943359375 0.24462890625 0.11279296875
0 0.63427734375 0.609375 0.0498046875 0.03076171875
0 0.6708984375 0.611328125 0.01220703125 0.0263671875
0 0.703125 0.59765625 0.03173828125 0.02392578125
0 0.7392578125 0.6005859375 0.03564453125 0.02783203125
0 0.7763671875 0.59912109375 0.033203125 0.0263671875
0 0.712890625 0.62646484375 0.0498046875 0.02099609375
0 0.7607421875 0.6298828125 0.0380859375 0.0283203125
0 0.79248046875 0.62451171875 0.01806640625 0.02490234375
0 0.82470703125 0.625 0.03662109375 0.02197265625
0 0.8603515625 0.626953125 0.02685546875 0.0185546875
0 0.89111328125 0.6259765625 0.02587890625 0.03076171875
0 0.63427734375 0.6953125 0.05126953125 0.02783203125
0 0.66796875 0.697265625 0.01123046875 0.0234375
0 0.70263671875 0.6845703125 0.03076171875 0.02490234375
0 0.74169921875 0.68408203125 0.0400390625 0.0224609375
0 0.78173828125 0.68212890625 0.03076171875 0.0263671875
0 0.71044921875 0.7158203125 0.05078125 0.02880859375
0 0.75634765625 0.712890625 0.033203125 0.01953125