0 0.013671875 0.46826171875 0.02734375 0.0244140625
0 0.03662109375 0.4697265625 0.0126953125 0.021484375
0 0.12158203125 0.32080078125 0.12548828125 0.068359375
0 0.21630859375 0.3291015625 0.04541015625 0.06005859375
0 0.2626953125 0.18896484375 0.09619140625 0.07568359375
0 0.35400390625 0.33984375 0.056640625 0.05859375
0 0.88623046875 0.47314453125 0.04638671875 0.04931640625
0 0.93115234375 0.4794921875 0.03369140625 0.0478515625
0 0.88525390625 0.5234375 0.0439453125 0.04052734375
0 0.9296875 0.5234375 0.03515625 0.0478515625
0 0.9765625 0.52734375 0.046875 0.048828125
0 0.90087890625 0.56640625 0.06982421875 0.0458984375
0 0.10498046875 0.73291015625 0.0732421875 0.0068359375
0 0.08740234375 0.763671875 0.02587890625 0.01953125
0 0.1044921875 0.767578125 0.01025390625 0.01123046875
0 0.12451171875 0.763671875 0.0283203125 0.0224609375
0 0.296875 0.7373046875 0.052734375 0.015625
0 0.3427734375 0.736328125 0.037109375 0.013671875
0 0.3935546875 0.73486328125 0.044921875 0.0107421875
0 0.50830078125 0.74267578125 0.0498046875 0.0263671875
0 0.57373046875 0.74267578125 0.0712890625 0.0263671875
0 0.79931640625 0.74267578125 0.04150390625 0.0166015625
0 0.83935546875 0.74365234375 0.03173828125 0.021484375
0 0.8017578125 0.7744140625 0.04345703125 0.033203125
0 0.83935546875 0.77685546875 0.03173828125 0.03515625
0 0.79248046875 0.79931640625 0.0283203125 0.01318359375
0 0.8310546875 0.79931640625 0.044921875 0.01318359375
0 0.96630859375 0.73583984375 0.0673828125 0.0126953125