0 0.1787109375 0.02392578125 0.05810546875 0.0478515625
0 0.23828125 0.060546875 0.0361328125 0.05126953125
0 0.2783203125 0.0908203125 0.05029296875 0.0595703125
0 0.32275390625 0.12158203125 0.03955078125 0.052734375
0 0.359375 0.15283203125 0.0419921875 0.0576171875
0 0.40478515625 0.1826171875 0.0537109375 0.064453125
0 0.46875 0.2314453125 0.0849609375 0.0927734375
0 0.533203125 0.2783203125 0.04833984375 0.0712890625
0 0.6123046875 0.3359375 0.109375 0.11328125
0 0.68701171875 0.380859375 0.05126953125 0.0712890625
0 0.74755859375 0.4267578125 0.0849609375 0.0869140625
0 0.79931640625 0.47412109375 0.025390625 0.06201171875
0 0.2275390625 0.1416015625 0.0771484375 0.08984375
0 0.29345703125 0.181640625 0.060546875 0.07373046875
0 0.333984375 0.21435546875 0.041015625 0.0654296875
0 0.38525390625 0.25830078125 0.06982421875 0.08837890625
0 0.462890625 0.3076171875 0.0849609375 0.0908203125
0 0.53466796875 0.35888671875 0.0634765625 0.0751953125
0 0.58056640625 0.3955078125 0.044921875 0.06689453125
0 0.626953125 0.43505859375 0.05419921875 0.07861328125
0 0.25390625 0.2451171875 0.068359375 0.08349609375
0 0.32177734375 0.29443359375 0.083984375 0.09521484375
0 0.45458984375 0.38818359375 0.1923828125 0.166015625