0 0.1083984375 0.33935546875 0.216796875 0.1787109375
0 0.33642578125 0.384765625 0.24658203125 0.22998046875
0 0.14501953125 0.72705078125 0.2900390625 0.4541015625
0 0.4365234375 0.9189453125 0.146484375 0.162109375
0 0.51513671875 0.5126953125 0.0107421875 0.025390625
0 0.5341796875 0.5126953125 0.0234375 0.025390625
0 0.56982421875 0.5126953125 0.0400390625 0.025390625
0 0.6083984375 0.5107421875 0.03515625 0.021484375
0 0.65087890625 0.50927734375 0.0537109375 0.0185546875
0 0.69921875 0.50537109375 0.04296875 0.0107421875
0 0.53173828125 0.552734375 0.0439453125 0.03125
0 0.6103515625 0.54248046875 0.10888671875 0.0390625
0 0.61572265625 0.5810546875 0.205078125 0.05908203125
0 0.65185546875 0.66015625 0.26123046875 0.14208984375
0 0.83984375 0.62744140625 0.11962890625 0.12158203125
0 0.99560546875 0.658203125 0.0087890625 0.0390625
0 0.62646484375 0.802734375 0.22216796875 0.12060546875
0 0.7685546875 0.77294921875 0.0693359375 0.06396484375
0 0.84033203125 0.75927734375 0.07373046875 0.0625
0 0.55615234375 0.9326171875 0.0927734375 0.0859375