0 0.248046875 0.0751953125 0.1640625 0.130859375
0 0.21728515625 0.26171875 0.1796875 0.12109375
0 0.736328125 0.046875 0.05078125 0.06494140625
0 0.79541015625 0.048828125 0.0615234375 0.0615234375
0 0.86181640625 0.046875 0.064453125 0.06494140625
0 0.92529296875 0.048828125 0.05712890625 0.0615234375
0 0.125 0.53076171875 0.02294921875 0.017578125
0 0.14404296875 0.5322265625 0.0146484375 0.0166015625
0 0.12646484375 0.5400390625 0.01318359375 0.00927734375
0 0.13916015625 0.541015625 0.01171875 0.00927734375
0 0.27197265625 0.52978515625 0.0537109375 0.09521484375
0 0.33984375 0.54150390625 0.0390625 0.0712890625
0 0.2734375 0.60791015625 0.0556640625 0.04736328125
0 0.32763671875 0.607421875 0.041015625 0.04833984375
0 0.29638671875 0.6728515625 0.0810546875 0.04736328125
0 0.35009765625 0.671875 0.0185546875 0.05078125
0 0.134765625 0.72998046875 0.06298828125 0.03564453125
0 0.22216796875 0.724609375 0.095703125 0.04833984375
0 0.3017578125 0.72314453125 0.0498046875 0.04736328125
0 0.34619140625 0.72119140625 0.0263671875 0.0478515625
0 0.24951171875 0.767578125 0.02978515625 0.02734375
0 0.28662109375 0.7705078125 0.0341796875 0.0283203125
0 0.3291015625 0.7705078125 0.04541015625 0.0302734375
0 0.3564453125 0.76708984375 0.005859375 0.0263671875
0 0.13720703125 0.9677734375 0.01171875 0.0146484375
0 0.15087890625 0.966796875 0.01416015625 0.0126953125
0 0.1640625 0.96875 0.01171875 0.0126953125
0 0.17578125 0.97021484375 0.009765625 0.01171875
0 0.15087890625 0.93798828125 0.017578125 0.0263671875
0 0.16455078125 0.935546875 0.01416015625 0.0126953125
0 0.16552734375 0.9443359375 0.01318359375 0.01171875
0 0.0380859375 0.94482421875 0.01806640625 0.02734375
0 0.05322265625 0.94384765625 0.0146484375 0.0146484375
0 0.0537109375 0.9541015625 0.01416015625 0.01025390625
0 0.0244140625 0.9716796875 0.00927734375 0.013671875
0 0.0361328125 0.9736328125 0.0126953125 0.013671875
0 0.04931640625 0.97509765625 0.0126953125 0.01025390625
0 0.06201171875 0.97607421875 0.01123046875 0.01025390625
0 0.23095703125 0.955078125 0.01953125 0.02734375
0 0.24560546875 0.95166015625 0.01416015625 0.01171875
0 0.2470703125 0.9609375 0.01416015625 0.00927734375
0 0.22119140625 0.9892578125 0.00537109375 0.00927734375
0 0.23193359375 0.98681640625 0.01611328125 0.0126953125
0 0.24658203125 0.9853515625 0.0126953125 0.01025390625
0 0.255859375 0.986328125 0.00634765625 0.00927734375
0 0.326171875 0.9453125 0.01904296875 0.0283203125
0 0.3408203125 0.94384765625 0.01416015625 0.0126953125
0 0.341796875 0.95361328125 0.01318359375 0.013671875
0 0.31494140625 0.97705078125 0.01025390625 0.0126953125
0 0.328125 0.97509765625 0.01513671875 0.0146484375
0 0.341796875 0.9775390625 0.01123046875 0.01171875
0 0.35302734375 0.97998046875 0.009765625 0.013671875
0 0.416015625 0.54248046875 0.11328125 0.0732421875
0 0.41455078125 0.66455078125 0.0966796875 0.1044921875
0 0.41357421875 0.798828125 0.0986328125 0.09326171875
0 0.416015625 0.94091796875 0.11328125 0.0830078125
0 0.54248046875 0.435546875 0.0537109375 0.03125
0 0.59765625 0.427734375 0.046875 0.015625
0 0.5751953125 0.53955078125 0.083984375 0.09814453125
0 0.57666015625 0.69873046875 0.099609375 0.103515625
0 0.5771484375 0.86669921875 0.0859375 0.1064453125
0 0.7939453125 0.67041015625 0.00634765625 0.0087890625
0 0.7958984375 0.7060546875 0.01025390625 0.0087890625