0 0.318359375 0.11328125 0.142578125 0.2265625
0 0.14892578125 0.43701171875 0.1181640625 0.2451171875
0 0.296875 0.39794921875 0.185546875 0.2470703125
0 0.427734375 0.1240234375 0.076171875 0.111328125
0 0.53369140625 0.1162109375 0.12451171875 0.123046875
0 0.3974609375 0.236328125 0.015625 0.060546875
0 0.43603515625 0.228515625 0.05419921875 0.05322265625
0 0.49755859375 0.23193359375 0.06884765625 0.0556640625
0 0.55859375 0.24169921875 0.05322265625 0.06494140625
0 0.4091796875 0.2939453125 0.0390625 0.060546875
0 0.46875 0.29345703125 0.0771484375 0.072265625
0 0.54541015625 0.2958984375 0.06884765625 0.0673828125
0 0.59716796875 0.302734375 0.03173828125 0.05322265625
0 0.033203125 0.578125 0.06640625 0.037109375
0 0.03759765625 0.8134765625 0.0751953125 0.0625
0 0.68212890625 0.982421875 0.1298828125 0.03515625
0 0.81201171875 0.98779296875 0.1123046875 0.0244140625