0 0.42724609375 0.00439453125 0.0654296875 0.0087890625
0 0.69189453125 0.0302734375 0.1181640625 0.060546875
0 0.83251953125 0.03466796875 0.1435546875 0.0693359375
0 0.69189453125 0.14697265625 0.1181640625 0.0830078125
0 0.7939453125 0.15771484375 0.05810546875 0.099609375
0 0.90478515625 0.15380859375 0.14404296875 0.09130859375
0 0.66796875 0.2783203125 0.06201171875 0.0859375
0 0.7509765625 0.28125 0.087890625 0.08056640625
0 0.830078125 0.28662109375 0.0498046875 0.09716796875
0 0.91455078125 0.39697265625 0.0283203125 0.0458984375
0 0.65478515625 0.40087890625 0.1279296875 0.0380859375
0 0.20166015625 0.44189453125 0.0693359375 0.0439453125
0 0.31103515625 0.44970703125 0.1416015625 0.0595703125
0 0.4228515625 0.4462890625 0.07421875 0.052734375
0 0.271484375 0.55859375 0.1328125 0.10302734375
0 0.40283203125 0.5537109375 0.1142578125 0.09765625
0 0.2333984375 0.6689453125 0.1259765625 0.0888671875
0 0.34716796875 0.68310546875 0.083984375 0.0712890625
0 0.4267578125 0.68017578125 0.06640625 0.0908203125
0 0.28857421875 0.79248046875 0.119140625 0.080078125
0 0.4677734375 0.908203125 0.015625 0.064453125
0 0.52490234375 0.91455078125 0.09521484375 0.056640625
0 0.60693359375 0.916015625 0.06396484375 0.06005859375
0 0.65625 0.91015625 0.03515625 0.07177734375
0 0.71484375 0.9169921875 0.0751953125 0.0849609375
0 0.78857421875 0.91259765625 0.072265625 0.08984375
0 0.875 0.904296875 0.08251953125 0.06689453125
0 0.96142578125 0.89404296875 0.0771484375 0.0927734375