0 0.01025390625 0.318359375 0.0205078125 0.0625
0 0.06591796875 0.3203125 0.0927734375 0.05859375
0 0.1396484375 0.32373046875 0.068359375 0.0517578125
0 0.69677734375 0.056640625 0.0498046875 0.03076171875
0 0.7333984375 0.05859375 0.01220703125 0.0263671875
0 0.765625 0.044921875 0.03173828125 0.02392578125
0 0.8017578125 0.0478515625 0.03564453125 0.02783203125
0 0.8388671875 0.04638671875 0.033203125 0.0263671875
0 0.775390625 0.07373046875 0.0498046875 0.02099609375
0 0.8232421875 0.0771484375 0.0380859375 0.0283203125
0 0.85498046875 0.07177734375 0.01806640625 0.02490234375
0 0.88720703125 0.072265625 0.03662109375 0.02197265625
0 0.9228515625 0.07421875 0.02685546875 0.0185546875
0 0.95361328125 0.0732421875 0.02587890625 0.03076171875
0 0.69677734375 0.142578125 0.05126953125 0.02783203125
0 0.73046875 0.14453125 0.01123046875 0.0234375
0 0.76513671875 0.1318359375 0.03076171875 0.02490234375
0 0.80419921875 0.13134765625 0.0400390625 0.0224609375
0 0.84423828125 0.12939453125 0.03076171875 0.0263671875
0 0.77294921875 0.1630859375 0.05078125 0.02880859375
0 0.81884765625 0.16015625 0.033203125 0.01953125
0 0.24951171875 0.83056640625 0.15869140625 0.056640625
0 0.43115234375 0.82275390625 0.1767578125 0.0615234375
0 0.23876953125 0.90380859375 0.4775390625 0.0947265625
0 0.0224609375 0.970703125 0.044921875 0.041015625
0 0.07958984375 0.97021484375 0.05615234375 0.046875
0 0.146484375 0.96630859375 0.06494140625 0.03857421875
0 0.21923828125 0.962890625 0.044921875 0.03857421875
0 0.29296875 0.9619140625 0.0625 0.0400390625
0 0.3671875 0.962890625 0.07373046875 0.03515625
0 0.4521484375 0.9619140625 0.06640625 0.03662109375
0 0.5048828125 0.9541015625 0.029296875 0.041015625
0 0.0185546875 0.9951171875 0.037109375 0.009765625
0 0.0615234375 0.9951171875 0.0390625 0.009765625
0 0.10107421875 0.99658203125 0.0224609375 0.0068359375
0 0.138671875 0.99609375 0.025390625 0.0078125
0 0.9765625 0.62109375 0.046875 0.025390625