0 0.60205078125 0.1923828125 0.3642578125 0.18359375
0 0.4677734375 0.28271484375 0.095703125 0.1083984375
0 0.572265625 0.3056640625 0.1533203125 0.13330078125
0 0.70703125 0.32763671875 0.1328125 0.123046875
0 0.8330078125 0.36376953125 0.125 0.14599609375
0 0.43798828125 0.373046875 0.0361328125 0.064453125
0 0.494140625 0.38671875 0.09375 0.07080078125
0 0.5634765625 0.39599609375 0.0576171875 0.05224609375
0 0.6298828125 0.40966796875 0.08740234375 0.05419921875
0 0.70556640625 0.42431640625 0.0673828125 0.0498046875
0 0.78076171875 0.43701171875 0.09521484375 0.06689453125
0 0.5751953125 0.4482421875 0.20947265625 0.07275390625
0 0.431640625 0.45947265625 0.0234375 0.0498046875
0 0.47509765625 0.47216796875 0.05615234375 0.0498046875
0 0.529296875 0.48046875 0.0419921875 0.04150390625
0 0.5859375 0.4921875 0.06884765625 0.05224609375
0 0.65234375 0.50244140625 0.0517578125 0.0478515625
0 0.71337890625 0.51708984375 0.0576171875 0.05615234375
0 0.447265625 0.505859375 0.0546875 0.060546875
0 0.49609375 0.51171875 0.03271484375 0.0458984375
0 0.5283203125 0.52197265625 0.02197265625 0.03759765625
0 0.576171875 0.53076171875 0.0673828125 0.0458984375
0 0.6484375 0.544921875 0.0654296875 0.0498046875
0 0.71044921875 0.5576171875 0.0517578125 0.0458984375
0 0.7626953125 0.56494140625 0.04052734375 0.0478515625
0 0.12548828125 0.6474609375 0.2509765625 0.115234375
0 0.35791015625 0.68603515625 0.1240234375 0.1923828125
0 0.18994140625 0.798828125 0.24609375 0.14990234375
0 0.3837890625 0.81494140625 0.072265625 0.0927734375
0 0.126953125 0.9560546875 0.25390625 0.087890625
0 0.3427734375 0.94482421875 0.0849609375 0.078125