0 0.05517578125 0.29931640625 0.068359375 0.029296875
0 0.009765625 0.322265625 0.01953125 0.009765625
0 0.05126953125 0.31591796875 0.0546875 0.0087890625
0 0.05419921875 0.3408203125 0.013671875 0.00927734375
0 0.0703125 0.337890625 0.0205078125 0.01025390625
0 0.0634765625 0.34716796875 0.02880859375 0.01123046875
0 0.248046875 0.0673828125 0.04248046875 0.02197265625
0 0.67578125 0.09033203125 0.07080078125 0.16015625
0 0.75341796875 0.07568359375 0.08447265625 0.13134765625
0 0.7197265625 0.2431640625 0.05078125 0.09326171875
0 0.7197265625 0.34033203125 0.0478515625 0.07666015625
0 0.3916015625 0.544921875 0.076171875 0.05078125
0 0.3232421875 0.62060546875 0.02734375 0.07373046875
0 0.369140625 0.61376953125 0.0673828125 0.076171875
0 0.4208984375 0.60546875 0.037109375 0.08203125
0 0.787109375 0.5517578125 0.12890625 0.064453125
0 0.919921875 0.5517578125 0.09375 0.064453125
0 0.88330078125 0.619140625 0.0478515625 0.0537109375
0 0.55419921875 0.7431640625 0.130859375 0.07763671875
0 0.66845703125 0.7392578125 0.0576171875 0.080078125