0 0.46630859375 0.08935546875 0.1064453125 0.1787109375
0 0.31494140625 0.38818359375 0.1181640625 0.2431640625
0 0.44482421875 0.35009765625 0.1494140625 0.2470703125
0 0.861328125 0.0185546875 0.099609375 0.037109375
0 0.9482421875 0.0185546875 0.0546875 0.037109375
0 0.8046875 0.08349609375 0.072265625 0.06494140625
0 0.869140625 0.0859375 0.052734375 0.06005859375
0 0.9169921875 0.09130859375 0.03515625 0.04931640625
0 0.97021484375 0.087890625 0.0595703125 0.0546875
0 0.74609375 0.15869140625 0.095703125 0.06005859375
0 0.8505859375 0.15869140625 0.09375 0.06494140625
0 0.935546875 0.1640625 0.060546875 0.04931640625
0 0.98583984375 0.1572265625 0.0283203125 0.0625
0 0.12744140625 0.60546875 0.2548828125 0.19140625
0 0.388671875 0.5869140625 0.26171875 0.123046875
0 0.05908203125 0.7939453125 0.04931640625 0.0205078125
0 0.123046875 0.7939453125 0.06396484375 0.02294921875
0 0.1982421875 0.7880859375 0.0751953125 0.02099609375
0 0.2666015625 0.7861328125 0.05029296875 0.0244140625
0 0.31591796875 0.78173828125 0.04345703125 0.02294921875
0 0.36083984375 0.78173828125 0.03759765625 0.02001953125
0 0.40673828125 0.78173828125 0.04296875 0.02294921875
0 0.0517578125 0.8369140625 0.03515625 0.0224609375
0 0.11962890625 0.8369140625 0.0859375 0.02490234375
0 0.1982421875 0.8310546875 0.06298828125 0.02099609375
0 0.2578125 0.82763671875 0.04443359375 0.01953125
0 0.3037109375 0.826171875 0.03369140625 0.0185546875
0 0.365234375 0.8251953125 0.07666015625 0.02099609375
0 0.427734375 0.82080078125 0.0361328125 0.02001953125
0 0.4736328125 0.8203125 0.04443359375 0.02099609375
0 0.189453125 0.87744140625 0.30712890625 0.0390625
0 0.2353515625 0.91943359375 0.17578125 0.0302734375
0 0.5712890625 0.869140625 0.103515625 0.041015625
0 0.5908203125 0.9091796875 0.11328125 0.0390625
0 0.52734375 0.947265625 0.015625 0.0234375
0 0.564453125 0.94580078125 0.05322265625 0.0263671875
0 0.6201171875 0.94775390625 0.05859375 0.02294921875
0 0.76806640625 0.740234375 0.0849609375 0.0478515625
0 0.89501953125 0.748046875 0.16845703125 0.0390625