0 0.11181640625 0.458984375 0.138671875 0.06494140625
0 0.27685546875 0.43896484375 0.15380859375 0.068359375
0 0.26318359375 0.3876953125 0.06640625 0.0283203125
0 0.3779296875 0.36328125 0.0361328125 0.02001953125
0 0.40771484375 0.35986328125 0.01513671875 0.0166015625
0 0.42822265625 0.35498046875 0.021484375 0.02001953125
0 0.4580078125 0.353515625 0.0361328125 0.0234375
0 0.49609375 0.35009765625 0.03271484375 0.02001953125
0 0.5244140625 0.34765625 0.0185546875 0.0185546875
0 0.34130859375 0.38330078125 0.03271484375 0.0234375
0 0.37646484375 0.380859375 0.03515625 0.0185546875
0 0.4091796875 0.37646484375 0.0263671875 0.0166015625
0 0.44384765625 0.37060546875 0.0400390625 0.021484375
0 0.474609375 0.36767578125 0.0185546875 0.0185546875
0 0.51318359375 0.365234375 0.0537109375 0.0234375
0 0.5556640625 0.359375 0.02392578125 0.0185546875
0 0.44482421875 0.42919921875 0.12255859375 0.05517578125
0 0.6376953125 0.4091796875 0.205078125 0.091796875
0 0.27978515625 0.50244140625 0.16015625 0.068359375
0 0.44873046875 0.48681640625 0.12744140625 0.0634765625
0 0.07373046875 0.56103515625 0.02978515625 0.02490234375
0 0.11572265625 0.55810546875 0.0537109375 0.02685546875
0 0.1650390625 0.55419921875 0.0400390625 0.02490234375
0 0.21240234375 0.55419921875 0.044921875 0.0283203125
0 0.0283203125 0.5908203125 0.05615234375 0.03173828125
0 0.08251953125 0.5908203125 0.04736328125 0.02490234375
0 0.1298828125 0.58740234375 0.0400390625 0.02490234375
0 0.16943359375 0.58251953125 0.03369140625 0.021484375
0 0.21728515625 0.580078125 0.05517578125 0.0234375
0 0.35546875 0.572265625 0.12353515625 0.0283203125
0 0.556640625 0.55908203125 0.1611328125 0.03515625
0 0.81982421875 0.408203125 0.0498046875 0.0498046875
0 0.89111328125 0.40185546875 0.0751953125 0.04345703125
0 0.90234375 0.4443359375 0.177734375 0.044921875
0 0.8515625 0.5390625 0.296875 0.044921875
0 0.96826171875 0.05810546875 0.03125 0.02978515625
0 0.95458984375 0.0908203125 0.06396484375 0.02490234375
0 0.96435546875 0.12158203125 0.0439453125 0.0400390625
0 0.9423828125 0.2451171875 0.03515625 0.02685546875
0 0.9794921875 0.24072265625 0.041015625 0.0283203125
0 0.6904296875 0.5458984375 0.01123046875 0.03173828125
0 0.50439453125 0.90087890625 0.00634765625 0.01171875
0 0.58984375 0.9033203125 0.02001953125 0.01318359375
0 0.55859375 0.92236328125 0.0126953125 0.01171875
0 0.501953125 0.9365234375 0.013671875 0.01318359375
0 0.51806640625 0.9384765625 0.0087890625 0.01318359375
0 0.52978515625 0.93896484375 0.017578125 0.01513671875
0 0.54638671875 0.94091796875 0.00732421875 0.01513671875
0 0.56103515625 0.94091796875 0.017578125 0.01513671875
0 0.58642578125 0.94189453125 0.0224609375 0.02001953125