0 0.017578125 0.1416015625 0.03515625 0.123046875
0 0.08251953125 0.11865234375 0.0771484375 0.11962890625
0 0.1533203125 0.11962890625 0.0498046875 0.12158203125
0 0.216796875 0.11962890625 0.0712890625 0.12548828125
0 0.03955078125 0.27001953125 0.0791015625 0.1142578125
0 0.15185546875 0.267578125 0.1298828125 0.12353515625
0 0.01953125 0.39697265625 0.0390625 0.0732421875
0 0.15283203125 0.39013671875 0.21435546875 0.0791015625
0 0.05126953125 0.48193359375 0.1025390625 0.0771484375
0 0.1728515625 0.47509765625 0.1201171875 0.0751953125
0 0.55712890625 0.2255859375 0.19970703125 0.271484375
0 0.67041015625 0.220703125 0.0810546875 0.2607421875
0 0.78515625 0.22607421875 0.17431640625 0.267578125
0 0.89111328125 0.220703125 0.068359375 0.26513671875
0 0.95751953125 0.22607421875 0.0791015625 0.267578125
0 0.59423828125 0.4775390625 0.2060546875 0.123046875
0 0.80712890625 0.4765625 0.1884765625 0.125
0 0.95458984375 0.47998046875 0.0908203125 0.1181640625
0 0.095703125 0.75732421875 0.052734375 0.0400390625
0 0.1435546875 0.767578125 0.033203125 0.03515625
0 0.173828125 0.77490234375 0.0166015625 0.0244140625
0 0.203125 0.77880859375 0.0302734375 0.03271484375
0 0.09423828125 0.78759765625 0.0185546875 0.017578125
0 0.11181640625 0.79345703125 0.01025390625 0.01123046875
0 0.12890625 0.7939453125 0.01806640625 0.01611328125
0 0.17431640625 0.80126953125 0.0654296875 0.02392578125
0 0.2861328125 0.9248046875 0.037109375 0.04052734375
0 0.31494140625 0.92578125 0.02685546875 0.044921875
0 0.33837890625 0.927734375 0.0234375 0.04345703125
0 0.3603515625 0.93701171875 0.02197265625 0.04443359375
0 0.37451171875 0.9306640625 0.0107421875 0.044921875
0 0.29052734375 0.96923828125 0.04150390625 0.02392578125
0 0.3154296875 0.9697265625 0.01025390625 0.02197265625
0 0.349609375 0.97265625 0.05810546875 0.02490234375
0 0.28173828125 0.99365234375 0.0126953125 0.0126953125
0 0.29541015625 0.994140625 0.0126953125 0.01171875
0 0.306640625 0.9951171875 0.009765625 0.009765625
0 0.330078125 0.99609375 0.01171875 0.0078125
0 0.3564453125 0.99609375 0.0390625 0.0078125