0 0.12109375 0.111328125 0.2041015625 0.2216796875
0 0.23291015625 0.033203125 0.00927734375 0.0166015625
0 0.2744140625 0.07373046875 0.078125 0.11474609375
0 0.36181640625 0.056640625 0.0947265625 0.11328125
0 0.73779296875 0.0751953125 0.00439453125 0.0126953125
0 0.763671875 0.16455078125 0.0078125 0.0087890625
0 0.81201171875 0.1865234375 0.015625 0.0185546875
0 0.8271484375 0.18505859375 0.01220703125 0.01904296875
0 0.837890625 0.18603515625 0.0078125 0.01904296875
0 0.84912109375 0.18408203125 0.01220703125 0.017578125
0 0.8623046875 0.18212890625 0.01220703125 0.01953125
0 0.876953125 0.18505859375 0.01220703125 0.01318359375
0 0.89111328125 0.181640625 0.013671875 0.01953125
0 0.97412109375 0.146484375 0.01708984375 0.01171875
0 0.98779296875 0.14794921875 0.00927734375 0.0087890625
0 0.99560546875 0.146484375 0.00732421875 0.0126953125
0 0.96923828125 0.15869140625 0.0068359375 0.00732421875
0 0.97705078125 0.1572265625 0.00732421875 0.00927734375
0 0.9814453125 0.158203125 0.00390625 0.00634765625
0 0.990234375 0.15771484375 0.00732421875 0.009765625
0 0.9970703125 0.15673828125 0.005859375 0.0087890625
0 0.998046875 0.17333984375 0.00390625 0.0068359375
0 0.18896484375 0.56640625 0.30126953125 0.34765625
0 0.75146484375 0.7041015625 0.0517578125 0.021484375
0 0.67431640625 0.97119140625 0.0634765625 0.0576171875
0 0.7314453125 0.97119140625 0.056640625 0.0576171875
0 0.78125 0.9912109375 0.041015625 0.017578125
0 0.88818359375 0.982421875 0.0556640625 0.03515625