0 0.17431640625 0.16650390625 0.064453125 0.02783203125
0 0.232421875 0.15625 0.044921875 0.0263671875
0 0.09130859375 0.20361328125 0.0625 0.03759765625
0 0.17626953125 0.189453125 0.0947265625 0.04296875
0 0.2861328125 0.1708984375 0.1064453125 0.04443359375
0 0.0361328125 0.2373046875 0.05615234375 0.02490234375
0 0.083984375 0.23291015625 0.03564453125 0.02099609375
0 0.13525390625 0.220703125 0.03662109375 0.0224609375
0 0.1845703125 0.2138671875 0.05126953125 0.0224609375
0 0.23779296875 0.205078125 0.0283203125 0.0234375
0 0.2744140625 0.197265625 0.03759765625 0.02490234375
0 0.357421875 0.1845703125 0.0927734375 0.03076171875
0 0.61572265625 0.0634765625 0.0283203125 0.029296875
0 0.1376953125 0.23681640625 0.013671875 0.009765625
0 0.14990234375 0.23388671875 0.01123046875 0.0126953125
0 0.1630859375 0.2333984375 0.0146484375 0.01123046875
0 0.19580078125 0.22705078125 0.044921875 0.01513671875
0 0.23291015625 0.22216796875 0.0166015625 0.013671875
0 0.24755859375 0.2197265625 0.0146484375 0.01123046875
0 0.705078125 0.21875 0.06396484375 0.04833984375
0 0.77587890625 0.22021484375 0.0625 0.04833984375
0 0.70849609375 0.2705078125 0.1298828125 0.03173828125
0 0.80859375 0.27197265625 0.05517578125 0.03173828125
0 0.744140625 0.31201171875 0.12353515625 0.044921875
0 0.9921875 0.20263671875 0.015625 0.0205078125
0 0.69970703125 0.412109375 0.0400390625 0.03857421875
0 0.7451171875 0.40966796875 0.048828125 0.033203125
0 0.7783203125 0.4052734375 0.01513671875 0.04150390625
0 0.80322265625 0.40869140625 0.03759765625 0.03857421875
0 0.7080078125 0.45556640625 0.03125 0.0283203125
0 0.7421875 0.4560546875 0.03125 0.02734375
0 0.78466796875 0.45703125 0.0439453125 0.025390625
0 0.7587890625 0.6669921875 0.15380859375 0.17822265625
0 0.91796875 0.6865234375 0.1640625 0.181640625
0 0.87841796875 0.8037109375 0.12353515625 0.0849609375
0 0.970703125 0.81396484375 0.05859375 0.0849609375
0 0.740234375 0.8662109375 0.125 0.08642578125
0 0.84912109375 0.8720703125 0.08984375 0.0751953125
0 0.94873046875 0.88671875 0.1025390625 0.072265625
0 0.74365234375 0.95361328125 0.14111328125 0.068359375