0 0.13720703125 0.0439453125 0.2744140625 0.087890625
0 0.9560546875 0.072265625 0.087890625 0.0390625
0 0.767578125 0.11865234375 0.2705078125 0.1591796875
0 0.958984375 0.18798828125 0.08203125 0.2021484375
0 0.666015625 0.2119140625 0.11083984375 0.0732421875
0 0.802734375 0.23974609375 0.171875 0.09521484375
0 0.953125 0.2509765625 0.07177734375 0.07958984375
0 0.98828125 0.2666015625 0.0234375 0.068359375
0 0.9130859375 0.31884765625 0.173828125 0.0732421875
0 0.8515625 0.35302734375 0.06884765625 0.046875
0 0.92724609375 0.36328125 0.07666015625 0.0517578125
0 0.3818359375 0.5751953125 0.03515625 0.03125
0 0.64208984375 0.71875 0.119140625 0.14794921875
0 0.5419921875 0.8984375 0.05517578125 0.13525390625
0 0.6201171875 0.87451171875 0.1015625 0.17041015625
0 0.72998046875 0.80517578125 0.1103515625 0.173828125
0 0.97705078125 0.71533203125 0.0458984375 0.1416015625
0 0.939453125 0.81201171875 0.0966796875 0.19921875
0 0.92431640625 0.55615234375 0.0595703125 0.0927734375
0 0.9765625 0.572265625 0.0439453125 0.119140625