0 0.732421875 0.06640625 0.10986328125 0.07275390625
0 0.72900390625 0.15673828125 0.1181640625 0.0927734375
0 0.71533203125 0.24365234375 0.048828125 0.01513671875
0 0.748046875 0.244140625 0.013671875 0.013671875
0 0.76513671875 0.24267578125 0.01806640625 0.013671875
0 0.7080078125 0.26513671875 0.03564453125 0.025390625
0 0.751953125 0.26220703125 0.04833984375 0.02294921875
0 0.13427734375 0.798828125 0.2685546875 0.1328125
0 0.48095703125 0.7939453125 0.3388671875 0.1474609375
0 0.794921875 0.84619140625 0.1767578125 0.06884765625
0 0.9482421875 0.8505859375 0.103515625 0.078125
0 0.79150390625 0.9306640625 0.06982421875 0.05126953125
0 0.8740234375 0.93408203125 0.08837890625 0.04443359375
0 0.9384765625 0.9287109375 0.04345703125 0.046875
0 0.9814453125 0.92578125 0.037109375 0.05078125
0 0.72998046875 0.98583984375 0.0400390625 0.0283203125
0 0.81005859375 0.9814453125 0.1201171875 0.037109375
0 0.91064453125 0.9814453125 0.0751953125 0.037109375
0 0.9755859375 0.9814453125 0.048828125 0.037109375