0 0.38623046875 0.09716796875 0.0546875 0.10986328125
0 0.43994140625 0.0771484375 0.046875 0.1123046875
0 0.50634765625 0.05859375 0.0888671875 0.1171875
0 0.35888671875 0.20947265625 0.0595703125 0.09619140625
0 0.4384765625 0.189453125 0.09375 0.1123046875
0 0.52197265625 0.1767578125 0.06396484375 0.09619140625
0 0.40966796875 0.2890625 0.0517578125 0.04931640625
0 0.4765625 0.2724609375 0.0732421875 0.06787109375
0 0.54296875 0.26611328125 0.052734375 0.0615234375
0 0.6142578125 0.13232421875 0.08984375 0.0751953125
0 0.62744140625 0.244140625 0.1162109375 0.1015625
0 0.73828125 0.25146484375 0.06982421875 0.0517578125
0 0.62841796875 0.39453125 0.11767578125 0.15478515625
0 0.7353515625 0.38134765625 0.1064453125 0.158203125
0 0.64501953125 0.4912109375 0.05126953125 0.03515625
0 0.69775390625 0.486328125 0.04638671875 0.03173828125
0 0.73095703125 0.4853515625 0.0126953125 0.03662109375
0 0.92822265625 0.17236328125 0.1435546875 0.1611328125
0 0.91845703125 0.40673828125 0.1630859375 0.1826171875
0 0.8876953125 0.60888671875 0.09130859375 0.10009765625
0 0.97021484375 0.60009765625 0.0595703125 0.1162109375
0 0.947265625 0.70849609375 0.10546875 0.0830078125
0 0.72607421875 0.8291015625 0.3134765625 0.048828125
0 0.72412109375 0.90625 0.2490234375 0.04296875
0 0.7177734375 0.9794921875 0.296875 0.041015625