0 0.00537109375 0.109375 0.0107421875 0.03125
0 0.0400390625 0.11083984375 0.046875 0.0390625
0 0.03173828125 0.150390625 0.0634765625 0.037109375
0 0.0986328125 0.1484375 0.0625 0.04150390625
0 0.0634765625 0.20849609375 0.11328125 0.04150390625
0 0.06787109375 0.24951171875 0.1357421875 0.0517578125
0 0.04345703125 0.3017578125 0.0869140625 0.056640625
0 0.0888671875 0.40869140625 0.04296875 0.04150390625
0 0.1396484375 0.38916015625 0.0234375 0.03369140625
0 0.1708984375 0.37646484375 0.0390625 0.04443359375
0 0.2275390625 0.35009765625 0.07421875 0.0546875
0 0.287109375 0.32275390625 0.044921875 0.04150390625
0 0.2666015625 0.29443359375 0.02734375 0.02587890625
0 0.8154296875 0.12255859375 0.09326171875 0.08642578125
0 0.90625 0.13037109375 0.0849609375 0.07080078125
0 0.9765625 0.146484375 0.046875 0.068359375
0 0.80517578125 0.193359375 0.0732421875 0.06787109375
0 0.88134765625 0.201171875 0.07177734375 0.07080078125
0 0.94873046875 0.22119140625 0.04345703125 0.0615234375
0 0.8134765625 0.29833984375 0.09326171875 0.07421875
0 0.90625 0.3076171875 0.08154296875 0.08642578125
0 0.97509765625 0.3212890625 0.0498046875 0.05859375
0 0.82861328125 0.376953125 0.12353515625 0.07080078125
0 0.92724609375 0.38330078125 0.06689453125 0.06494140625
0 0.98095703125 0.38916015625 0.0380859375 0.0654296875
0 0.8134765625 0.4716796875 0.08984375 0.056640625
0 0.90576171875 0.47119140625 0.0810546875 0.0576171875
0 0.9755859375 0.482421875 0.048828125 0.03515625
0 0.541015625 0.830078125 0.05615234375 0.052734375
0 0.50341796875 0.95751953125 0.0302734375 0.03515625
0 0.5380859375 0.94921875 0.02978515625 0.02880859375
0 0.7685546875 0.666015625 0.2041015625 0.2216796875
0 0.88037109375 0.587890625 0.00927734375 0.0166015625
0 0.921875 0.62841796875 0.078125 0.11474609375
0 0.98095703125 0.59375 0.0380859375 0.1484375