0 0.1533203125 0.49072265625 0.298828125 0.0771484375
0 0.4736328125 0.3095703125 0.1484375 0.119140625
0 0.744140625 0.294921875 0.349609375 0.11328125
0 0.6796875 0.4033203125 0.560546875 0.107421875
0 0.44091796875 0.60009765625 0.0830078125 0.0927734375
0 0.44580078125 0.74267578125 0.0927734375 0.0830078125
0 0.595703125 0.54052734375 0.099609375 0.0224609375
0 0.5966796875 0.66845703125 0.0859375 0.1064453125
0 0.5986328125 0.85546875 0.10107421875 0.134765625
0 0.564453125 0.9853515625 0.04296875 0.029296875
0 0.623046875 0.98095703125 0.078125 0.0380859375
0 0.48828125 0.830078125 0.03515625 0.03466796875
0 0.43310546875 0.8701171875 0.037109375 0.03662109375
0 0.46826171875 0.87158203125 0.0283203125 0.0302734375