0 0.08349609375 0.09228515625 0.1669921875 0.1845703125
0 0.275390625 0.08935546875 0.197265625 0.1787109375
0 0.47021484375 0.09716796875 0.1787109375 0.1943359375
0 0.01171875 0.31494140625 0.0234375 0.0693359375
0 0.08251953125 0.30712890625 0.0947265625 0.06103515625
0 0.16552734375 0.298828125 0.05517578125 0.06396484375
0 0.21484375 0.30029296875 0.0341796875 0.05810546875
0 0.2802734375 0.2939453125 0.05126953125 0.0595703125
0 0.36279296875 0.29736328125 0.10498046875 0.072265625
0 0.44287109375 0.28857421875 0.046875 0.05419921875
0 0.52490234375 0.2880859375 0.0693359375 0.0703125
0 0.00732421875 0.39013671875 0.0146484375 0.0634765625
0 0.13037109375 0.38134765625 0.21337890625 0.0791015625
0 0.29052734375 0.36962890625 0.0595703125 0.06103515625
0 0.38671875 0.36328125 0.11767578125 0.0625
0 0.5068359375 0.35400390625 0.08349609375 0.05712890625
0 0.78369140625 0.31396484375 0.1533203125 0.09033203125
0 0.90673828125 0.34033203125 0.095703125 0.068359375
0 0.7265625 0.3984375 0.04541015625 0.03125
0 0.7861328125 0.40087890625 0.06982421875 0.03271484375
0 0.853515625 0.39697265625 0.0576171875 0.025390625
0 0.91650390625 0.3955078125 0.0478515625 0.0283203125
0 0.97607421875 0.3955078125 0.0478515625 0.025390625
0 0.2421875 0.56787109375 0.06591796875 0.111328125
0 0.31494140625 0.578125 0.06396484375 0.10205078125
0 0.3759765625 0.59619140625 0.0419921875 0.078125
0 0.212890625 0.65771484375 0.0361328125 0.05126953125
0 0.255859375 0.66259765625 0.0419921875 0.0478515625
0 0.2890625 0.669921875 0.01611328125 0.033203125
0 0.5849609375 0.8203125 0.05078125 0.04296875
0 0.642578125 0.8291015625 0.05078125 0.0390625
0 0.70556640625 0.83251953125 0.0615234375 0.03515625
0 0.76220703125 0.83056640625 0.0439453125 0.03369140625