0 0.23095703125 0.35888671875 0.0615234375 0.0537109375
0 0.31494140625 0.357421875 0.0927734375 0.05224609375
0 0.388671875 0.591796875 0.029296875 0.025390625
0 0.41845703125 0.59130859375 0.02734375 0.01904296875
0 0.45556640625 0.58642578125 0.04296875 0.025390625
0 0.49609375 0.58349609375 0.03466796875 0.0234375
0 0.5244140625 0.57958984375 0.0205078125 0.025390625
0 0.54833984375 0.57763671875 0.02392578125 0.0263671875
0 0.38037109375 0.619140625 0.02734375 0.021484375
0 0.40966796875 0.61669921875 0.0341796875 0.02294921875
0 0.44873046875 0.61279296875 0.0478515625 0.02392578125
0 0.48583984375 0.60986328125 0.02734375 0.02099609375
0 0.5166015625 0.60693359375 0.03466796875 0.01953125
0 0.55224609375 0.6015625 0.03466796875 0.02392578125
0 0.44775390625 0.65673828125 0.0048828125 0.01611328125
0 0.474609375 0.65576171875 0.0068359375 0.017578125
0 0.48876953125 0.654296875 0.0078125 0.01708984375
0 0.50244140625 0.6533203125 0.005859375 0.0166015625
0 0.5185546875 0.65185546875 0.0068359375 0.015625
0 0.57568359375 0.64697265625 0.009765625 0.01806640625
0 0.59130859375 0.64111328125 0.0078125 0.02587890625
0 0.00634765625 0.75 0.0126953125 0.017578125
0 0.01513671875 0.73974609375 0.01025390625 0.015625
0 0.021484375 0.72705078125 0.01220703125 0.01953125
0 0.0771484375 0.68798828125 0.0166015625 0.01123046875
0 0.0966796875 0.68603515625 0.0234375 0.01171875
0 0.1171875 0.68603515625 0.015625 0.01123046875
0 0.1328125 0.68359375 0.01708984375 0.013671875
0 0.033203125 0.81982421875 0.0439453125 0.03662109375
0 0.0791015625 0.82177734375 0.04150390625 0.02685546875
0 0.01171875 0.87353515625 0.0234375 0.0478515625
0 0.05517578125 0.873046875 0.056640625 0.03759765625
0 0.10302734375 0.86962890625 0.0322265625 0.0546875
0 0.1435546875 0.86865234375 0.0380859375 0.06201171875
0 0.0400390625 0.92041015625 0.02294921875 0.01953125
0 0.06396484375 0.91650390625 0.02001953125 0.02587890625
0 0.07958984375 0.92041015625 0.00927734375 0.01806640625
0 0.0068359375 0.97314453125 0.0107421875 0.017578125
0 0.015625 0.974609375 0.00537109375 0.013671875
0 0.0263671875 0.97509765625 0.0126953125 0.0146484375
0 0.04443359375 0.97412109375 0.01220703125 0.01513671875
0 0.06103515625 0.97412109375 0.02001953125 0.013671875
0 0.08544921875 0.974609375 0.015625 0.01220703125
0 0.10546875 0.97412109375 0.021484375 0.01318359375
0 0.13427734375 0.97412109375 0.02783203125 0.01318359375
0 0.001953125 0.99365234375 0.00390625 0.0126953125
0 0.01025390625 0.9931640625 0.0107421875 0.013671875
0 0.02197265625 0.994140625 0.0087890625 0.01171875
0 0.0302734375 0.994140625 0.005859375 0.01171875
0 0.044921875 0.99365234375 0.017578125 0.0126953125
0 0.06201171875 0.9931640625 0.0146484375 0.013671875
0 0.08349609375 0.994140625 0.0146484375 0.01171875
0 0.109375 0.9931640625 0.03515625 0.013671875
0 0.1376953125 0.99365234375 0.01171875 0.0126953125
0 0.67919921875 0.5166015625 0.08837890625 0.0634765625
0 0.78515625 0.51904296875 0.11669921875 0.05859375
0 0.87841796875 0.52197265625 0.0693359375 0.04248046875
0 0.64453125 0.5927734375 0.05078125 0.111328125
0 0.716796875 0.6015625 0.07666015625 0.0390625
0 0.810546875 0.58447265625 0.091796875 0.06884765625
0 0.9306640625 0.60693359375 0.138671875 0.0830078125
0 0.63916015625 0.66845703125 0.0400390625 0.0458984375
0 0.6826171875 0.67919921875 0.0458984375 0.04248046875
0 0.72216796875 0.67138671875 0.03076171875 0.04052734375
0 0.76416015625 0.67578125 0.05078125 0.03515625
0 0.81884765625 0.67041015625 0.05419921875 0.04248046875
0 0.88134765625 0.6728515625 0.0732421875 0.04443359375
0 0.94677734375 0.67578125 0.0341796875 0.03515625
0 0.982421875 0.671875 0.03515625 0.0390625