0 0.19580078125 0.28173828125 0.0712890625 0.10400390625
0 0.2978515625 0.267578125 0.11572265625 0.13330078125
0 0.4228515625 0.2705078125 0.1171875 0.12353515625
0 0.544921875 0.29931640625 0.10986328125 0.12353515625
0 0.64697265625 0.27587890625 0.0771484375 0.11962890625
0 0.7177734375 0.27685546875 0.0498046875 0.12158203125
0 0.78125 0.27685546875 0.0712890625 0.12548828125
0 0.24560546875 0.423828125 0.068359375 0.13720703125
0 0.3349609375 0.4248046875 0.0986328125 0.12744140625
0 0.431640625 0.427734375 0.0859375 0.11767578125
0 0.56201171875 0.427734375 0.1640625 0.11376953125
0 0.71630859375 0.4248046875 0.1298828125 0.12353515625
0 0.1591796875 0.56103515625 0.0185546875 0.0908203125
0 0.25146484375 0.56005859375 0.1513671875 0.0732421875
0 0.3623046875 0.55712890625 0.052734375 0.0751953125
0 0.435546875 0.55615234375 0.080078125 0.0732421875
0 0.544921875 0.55419921875 0.11865234375 0.0732421875
0 0.71728515625 0.54736328125 0.21435546875 0.0791015625
0 0.47119140625 0.646484375 0.123046875 0.0771484375
0 0.60986328125 0.63916015625 0.1142578125 0.0771484375
0 0.7373046875 0.63232421875 0.1201171875 0.0751953125