0 0.07470703125 0.03271484375 0.1494140625 0.0654296875
0 0.08154296875 0.18798828125 0.1630859375 0.2158203125
0 0.27783203125 0.17333984375 0.1552734375 0.220703125
0 0.0791015625 0.34814453125 0.1552734375 0.03173828125
0 0.4736328125 0.05224609375 0.0859375 0.046875
0 0.548828125 0.05224609375 0.060546875 0.04150390625
0 0.6201171875 0.04833984375 0.07421875 0.0390625
0 0.701171875 0.04833984375 0.083984375 0.0390625
0 0.412109375 0.09521484375 0.076171875 0.04443359375
0 0.4716796875 0.09765625 0.03515625 0.03369140625
0 0.5244140625 0.09375 0.0625 0.03662109375
0 0.59765625 0.09228515625 0.076171875 0.0390625
0 0.689453125 0.09228515625 0.107421875 0.0390625
0 0.79296875 0.09228515625 0.095703125 0.0390625
0 0.4638671875 0.14599609375 0.0625 0.03662109375
0 0.529296875 0.140625 0.068359375 0.046875
0 0.607421875 0.140625 0.080078125 0.046875
0 0.6982421875 0.13916015625 0.09765625 0.0390625
0 0.4228515625 0.19287109375 0.046875 0.04150390625
0 0.4521484375 0.19384765625 0.01953125 0.0390625
0 0.4765625 0.18994140625 0.037109375 0.03125
0 0.5 0.19287109375 0.017578125 0.04150390625
0 0.5419921875 0.18994140625 0.0703125 0.03662109375
0 0.6240234375 0.18994140625 0.03515625 0.03125
0 0.6494140625 0.19287109375 0.015625 0.03662109375
0 0.671875 0.18896484375 0.037109375 0.03369140625
0 0.6962890625 0.19140625 0.015625 0.03369140625
0 0.40673828125 0.68408203125 0.0751953125 0.0810546875
0 0.48876953125 0.677734375 0.08447265625 0.06103515625
0 0.5888671875 0.65966796875 0.10498046875 0.06884765625
0 0.70166015625 0.6279296875 0.10205078125 0.07666015625
0 0.82470703125 0.60498046875 0.12939453125 0.0625
0 0.9423828125 0.59423828125 0.0810546875 0.06884765625
0 0.54052734375 0.71142578125 0.0908203125 0.0439453125
0 0.70361328125 0.689453125 0.22900390625 0.0654296875
0 0.91162109375 0.6611328125 0.17626953125 0.0625