0 0.19384765625 0.05908203125 0.2958984375 0.1181640625
0 0.431640625 0.06982421875 0.166015625 0.1396484375
0 0.0341796875 0.14794921875 0.068359375 0.0966796875
0 0.09228515625 0.15869140625 0.04248046875 0.0966796875
0 0.1435546875 0.162109375 0.04736328125 0.0966796875
0 0.21240234375 0.16845703125 0.05517578125 0.09326171875
0 0.2734375 0.18701171875 0.0576171875 0.10986328125
0 0.34619140625 0.177734375 0.052734375 0.1015625
0 0.404296875 0.18798828125 0.06884765625 0.091796875
0 0.458984375 0.2119140625 0.041015625 0.08642578125
0 0.49658203125 0.2060546875 0.02880859375 0.068359375
0 0.541015625 0.2001953125 0.0498046875 0.08642578125
0 0.58203125 0.19677734375 0.03271484375 0.103515625
0 0.01708984375 0.26708984375 0.0341796875 0.1123046875
0 0.0693359375 0.275390625 0.06396484375 0.10009765625
0 0.1416015625 0.27880859375 0.08642578125 0.1064453125
0 0.23486328125 0.28955078125 0.0576171875 0.09521484375
0 0.28662109375 0.28759765625 0.048828125 0.09814453125
0 0.3408203125 0.29638671875 0.052734375 0.08837890625
0 0.3984375 0.3134765625 0.052734375 0.1064453125
0 0.451171875 0.314453125 0.03759765625 0.068359375
0 0.09375 0.95361328125 0.1875 0.0927734375
0 0.41552734375 0.8486328125 0.4482421875 0.302734375
0 0.82275390625 0.8681640625 0.3544921875 0.19140625
0 0.73779296875 0.9873046875 0.0810546875 0.025390625