0 0.0146484375 0.23974609375 0.0107421875 0.00341796875
0 0.18408203125 0.39697265625 0.0126953125 0.0068359375
0 0.18701171875 0.40234375 0.0146484375 0.00732421875
0 0.50048828125 0.28955078125 0.16748046875 0.330078125
0 0.70068359375 0.30810546875 0.232421875 0.27685546875
0 0.91943359375 0.2421875 0.12744140625 0.365234375
0 0.01416015625 0.55615234375 0.0283203125 0.0576171875
0 0.08984375 0.55517578125 0.099609375 0.0546875
0 0.02392578125 0.62646484375 0.0478515625 0.0419921875
0 0.0595703125 0.63330078125 0.0234375 0.03369140625
0 0.103515625 0.634765625 0.041015625 0.03662109375
0 0.16796875 0.623046875 0.072265625 0.04931640625
0 0.24072265625 0.625 0.0576171875 0.0390625
0 0.01416015625 0.673828125 0.0283203125 0.046875
0 0.0625 0.66845703125 0.056640625 0.04150390625
0 0.1298828125 0.66845703125 0.05859375 0.04150390625
0 0.22021484375 0.669921875 0.0986328125 0.0390625
0 0.0703125 0.71435546875 0.060546875 0.03369140625
0 0.18505859375 0.71240234375 0.1689453125 0.0361328125
0 0.10791015625 0.7578125 0.2158203125 0.033203125
0 0.669921875 0.4921875 0.021484375 0.025390625
0 0.54736328125 0.48681640625 0.0478515625 0.0146484375
0 0.60400390625 0.5234375 0.1162109375 0.087890625
0 0.54150390625 0.57470703125 0.2099609375 0.1904296875
0 0.65234375 0.611328125 0.037109375 0.044921875
0 0.48193359375 0.58935546875 0.1708984375 0.21240234375
0 0.5712890625 0.6826171875 0.03369140625 0.03369140625
0 0.591796875 0.7041015625 0.02490234375 0.02880859375
0 0.6162109375 0.736328125 0.04541015625 0.05517578125
0 0.5712890625 0.71337890625 0.03662109375 0.041015625
0 0.59765625 0.74853515625 0.03955078125 0.04296875
0 0.5556640625 0.724609375 0.02587890625 0.03076171875
0 0.5732421875 0.75 0.0302734375 0.03271484375
0 0.5927734375 0.7705078125 0.02294921875 0.02880859375
0 0.5439453125 0.73828125 0.03271484375 0.037109375
0 0.5693359375 0.7744140625 0.044921875 0.05126953125
0 0.5224609375 0.7470703125 0.03125 0.03955078125
0 0.5458984375 0.77880859375 0.03515625 0.04248046875
0 0.56787109375 0.8134765625 0.033203125 0.0390625
0 0.5234375 0.78125 0.02294921875 0.02734375
0 0.5341796875 0.8037109375 0.02978515625 0.03515625
0 0.4521484375 0.67822265625 0.15087890625 0.1875
0 0.3701171875 0.55615234375 0.0390625 0.04443359375
0 0.392578125 0.58154296875 0.0205078125 0.02392578125
0 0.3671875 0.57666015625 0.064453125 0.07763671875
0 0.27294921875 0.865234375 0.0068359375 0.015625
0 0.28369140625 0.876953125 0.0146484375 0.01953125
0 0.2939453125 0.892578125 0.015625 0.02294921875
0 0.3046875 0.9091796875 0.01513671875 0.01953125
0 0.275390625 0.88134765625 0.01171875 0.0166015625