0 0.1630859375 0.01806640625 0.046875 0.0361328125
0 0.2607421875 0.0224609375 0.099609375 0.0419921875
0 0.349609375 0.0205078125 0.06640625 0.041015625
0 0.5068359375 0.04736328125 0.04296875 0.02978515625
0 0.4267578125 0.00390625 0.044921875 0.0078125
0 0.423828125 0.0478515625 0.04443359375 0.033203125
0 0.46484375 0.04443359375 0.03271484375 0.0234375
0 0.54443359375 0.04736328125 0.02734375 0.02783203125
0 0.57177734375 0.04443359375 0.02197265625 0.02783203125
0 0.60400390625 0.04443359375 0.017578125 0.0244140625
0 0.63330078125 0.04248046875 0.03662109375 0.03076171875
0 0.4208984375 0.1025390625 0.04345703125 0.03662109375
0 0.4599609375 0.1005859375 0.03466796875 0.0244140625
0 0.50341796875 0.1025390625 0.0419921875 0.0302734375
0 0.54150390625 0.0986328125 0.02783203125 0.025390625
0 0.5830078125 0.1005859375 0.04833984375 0.02734375
0 0.638671875 0.1005859375 0.0546875 0.02783203125
0 0.69287109375 0.0966796875 0.0458984375 0.02587890625
0 0.416015625 0.16162109375 0.044921875 0.0361328125
0 0.4580078125 0.15869140625 0.03466796875 0.02587890625
0 0.49462890625 0.16162109375 0.0341796875 0.03173828125
0 0.53076171875 0.15869140625 0.03271484375 0.03466796875
0 0.568359375 0.15673828125 0.03564453125 0.02392578125
0 0.60400390625 0.1591796875 0.0283203125 0.03125
0 0.634765625 0.1533203125 0.02880859375 0.02734375
0 0.40576171875 0.220703125 0.03173828125 0.03173828125
0 0.4345703125 0.2177734375 0.0205078125 0.02685546875
0 0.4697265625 0.21826171875 0.04345703125 0.03857421875
0 0.509765625 0.21630859375 0.03515625 0.02685546875
0 0.56494140625 0.21484375 0.0693359375 0.02587890625
0 0.6416015625 0.21533203125 0.0771484375 0.03125
0 0.42333984375 0.29248046875 0.0517578125 0.0234375
0 0.466796875 0.29052734375 0.02783203125 0.02099609375
0 0.42822265625 0.361328125 0.07275390625 0.025390625
0 0.5224609375 0.359375 0.10888671875 0.02783203125
0 0.99267578125 0.10009765625 0.0146484375 0.0107421875
0 0.9853515625 0.1513671875 0.029296875 0.056640625
0 0.1279296875 0.49365234375 0.255859375 0.1083984375
0 0.33056640625 0.49658203125 0.1181640625 0.1220703125
0 0.10595703125 0.60791015625 0.142578125 0.11328125
0 0.29296875 0.62744140625 0.193359375 0.1162109375
0 0.12451171875 0.72412109375 0.2490234375 0.1337890625
0 0.322265625 0.74853515625 0.134765625 0.1123046875
0 0.06787109375 0.89013671875 0.1357421875 0.1279296875
0 0.23046875 0.89990234375 0.18115234375 0.18994140625
0 0.35693359375 0.88916015625 0.0654296875 0.1572265625
0 0.41748046875 0.56787109375 0.0556640625 0.0283203125
0 0.470703125 0.5732421875 0.05126953125 0.0205078125
0 0.51806640625 0.5712890625 0.0439453125 0.0224609375
0 0.56201171875 0.57421875 0.05126953125 0.0205078125
0 0.41015625 0.5927734375 0.041015625 0.02490234375
0 0.4521484375 0.59765625 0.0517578125 0.025390625
0 0.4970703125 0.60302734375 0.037109375 0.02685546875
0 0.54052734375 0.603515625 0.0576171875 0.0234375
0 0.72412109375 0.49609375 0.15380859375 0.09765625
0 0.73681640625 0.54736328125 0.19189453125 0.1171875
0 0.744140625 0.58251953125 0.12353515625 0.06884765625
0 0.89599609375 0.53369140625 0.0419921875 0.02490234375
0 0.87890625 0.5498046875 0.0224609375 0.01416015625
0 0.90234375 0.5498046875 0.02685546875 0.01416015625
0 0.89306640625 0.5693359375 0.0361328125 0.015625
0 0.9189453125 0.5693359375 0.0078125 0.0166015625
0 0.89453125 0.591796875 0.04150390625 0.02392578125
0 0.92431640625 0.58935546875 0.00634765625 0.01513671875
0 0.87109375 0.6083984375 0.0146484375 0.0126953125
0 0.8916015625 0.609375 0.02880859375 0.01123046875
0 0.92529296875 0.607421875 0.02978515625 0.0107421875
0 0.4453125 0.82958984375 0.0185546875 0.025390625
0 0.4619140625 0.81201171875 0.02099609375 0.03076171875
0 0.4775390625 0.79052734375 0.021484375 0.0302734375
0 0.49267578125 0.77001953125 0.0234375 0.03076171875
0 0.525390625 0.76416015625 0.01953125 0.0263671875
0 0.5390625 0.78466796875 0.0205078125 0.025390625
0 0.5556640625 0.80322265625 0.0224609375 0.0263671875
0 0.57177734375 0.82568359375 0.025390625 0.03173828125
0 0.6259765625 0.78857421875 0.0234375 0.01708984375
0 0.62060546875 0.84033203125 0.009765625 0.009765625
0 0.62744140625 0.84033203125 0.0078125 0.009765625
0 0.6357421875 0.8408203125 0.009765625 0.0107421875
0 0.6669921875 0.8544921875 0.0068359375 0.0107421875
0 0.677734375 0.8564453125 0.0068359375 0.0126953125
0 0.69482421875 0.85205078125 0.02685546875 0.01953125
0 0.6748046875 0.8388671875 0.0107421875 0.01416015625
0 0.76708984375 0.72998046875 0.025390625 0.02197265625
0 0.81396484375 0.7490234375 0.044921875 0.0185546875
0 0.9248046875 0.85400390625 0.02685546875 0.01708984375