0 0.0185546875 0.216796875 0.037109375 0.0390625
0 0.0185546875 0.2568359375 0.037109375 0.037109375
0 0.072265625 0.2548828125 0.0625 0.04150390625
0 0.046875 0.314453125 0.09375 0.041015625
0 0.0546875 0.3447265625 0.109375 0.029296875
0 0.5126953125 0.1650390625 0.041015625 0.01318359375
0 0.14599609375 0.83056640625 0.21484375 0.125
0 0.400390625 0.8447265625 0.24365234375 0.12646484375
0 0.0185546875 0.94580078125 0.037109375 0.0302734375
0 0.0703125 0.94970703125 0.05859375 0.033203125
0 0.1318359375 0.9453125 0.06103515625 0.04150390625
0 0.19189453125 0.947265625 0.05126953125 0.0283203125
0 0.23681640625 0.94384765625 0.0361328125 0.04150390625
0 0.2744140625 0.94384765625 0.04638671875 0.03515625
0 0.31982421875 0.94287109375 0.044921875 0.033203125
0 0.37109375 0.9453125 0.0498046875 0.02490234375
0 0.43994140625 0.9443359375 0.02978515625 0.02685546875
0 0.51171875 0.94384765625 0.111328125 0.02490234375
0 0.96142578125 0.37255859375 0.0595703125 0.0263671875
0 0.80224609375 0.462890625 0.2998046875 0.20703125
0 0.62451171875 0.6650390625 0.0302734375 0.048828125
0 0.67822265625 0.67431640625 0.06689453125 0.056640625
0 0.7421875 0.67724609375 0.0576171875 0.05078125
0 0.810546875 0.69091796875 0.07568359375 0.05078125
0 0.8994140625 0.697265625 0.0810546875 0.0517578125
0 0.96337890625 0.705078125 0.04296875 0.04296875
0 0.9921875 0.71728515625 0.015625 0.0419921875