0 0.412109375 0.3251953125 0.29638671875 0.19677734375
0 0.6494140625 0.34423828125 0.166015625 0.20166015625
0 0.17578125 0.455078125 0.0537109375 0.08349609375
0 0.2470703125 0.453125 0.07861328125 0.0966796875
0 0.31005859375 0.46337890625 0.04248046875 0.0966796875
0 0.361328125 0.466796875 0.04736328125 0.0966796875
0 0.43017578125 0.47314453125 0.05517578125 0.09326171875
0 0.4912109375 0.49169921875 0.0576171875 0.10986328125
0 0.56396484375 0.482421875 0.052734375 0.1015625
0 0.6220703125 0.49267578125 0.06884765625 0.091796875
0 0.6767578125 0.5166015625 0.041015625 0.08642578125
0 0.71435546875 0.5107421875 0.02880859375 0.068359375
0 0.7587890625 0.5048828125 0.0498046875 0.08642578125
0 0.7998046875 0.50146484375 0.03271484375 0.103515625
0 0.177734375 0.5849609375 0.06005859375 0.12353515625
0 0.23193359375 0.572265625 0.041015625 0.11181640625
0 0.287109375 0.580078125 0.06396484375 0.10009765625
0 0.359375 0.58349609375 0.08642578125 0.1064453125
0 0.45263671875 0.59423828125 0.0576171875 0.09521484375
0 0.50439453125 0.59228515625 0.048828125 0.09814453125
0 0.55859375 0.60107421875 0.052734375 0.08837890625
0 0.6162109375 0.6181640625 0.052734375 0.1064453125
0 0.6689453125 0.619140625 0.03759765625 0.068359375