0 0.38623046875 0.0146484375 0.0322265625 0.029296875
0 0.287109375 0.10986328125 0.05859375 0.06005859375
0 0.3330078125 0.126953125 0.02978515625 0.05615234375
0 0.36865234375 0.15185546875 0.03857421875 0.05419921875
0 0.38671875 0.1904296875 0.03271484375 0.02978515625
0 0.14111328125 0.337890625 0.04638671875 0.05419921875
0 0.1923828125 0.337890625 0.04638671875 0.05810546875
0 0.24267578125 0.34619140625 0.04248046875 0.06005859375
0 0.30029296875 0.34130859375 0.0625 0.05078125
0 0.35546875 0.35107421875 0.0400390625 0.05078125
0 0.416015625 0.34521484375 0.0712890625 0.046875
0 0.4794921875 0.34765625 0.01953125 0.037109375
0 0.2412109375 0.4091796875 0.06884765625 0.0732421875
0 0.310546875 0.41650390625 0.05517578125 0.05810546875
0 0.3779296875 0.412109375 0.0576171875 0.06396484375
0 0.44677734375 0.4072265625 0.06494140625 0.0693359375
0 0.21484375 0.48388671875 0.05615234375 0.046875
0 0.27490234375 0.48486328125 0.05126953125 0.048828125
0 0.35205078125 0.48046875 0.0888671875 0.046875
0 0.421875 0.4765625 0.03759765625 0.046875
0 0.466796875 0.4736328125 0.044921875 0.044921875
0 0.50830078125 0.5107421875 0.0380859375 0.060546875
0 0.56298828125 0.5166015625 0.0673828125 0.05322265625
0 0.52490234375 0.57861328125 0.0712890625 0.0693359375
0 0.4970703125 0.63330078125 0.015625 0.0380859375
0 0.53564453125 0.6396484375 0.0625 0.0361328125
0 0.50048828125 0.6611328125 0.0224609375 0.017578125
0 0.5439453125 0.6650390625 0.072265625 0.009765625
0 0.22998046875 0.95361328125 0.05615234375 0.0185546875
0 0.28076171875 0.955078125 0.03759765625 0.0185546875
0 0.42724609375 0.9931640625 0.0263671875 0.013671875