0 0.88916015625 0.26123046875 0.0908203125 0.06787109375
0 0.04150390625 0.376953125 0.0087890625 0.015625
0 0.0712890625 0.3955078125 0.052734375 0.052734375
0 0.12841796875 0.42333984375 0.05126953125 0.0771484375
0 0.17431640625 0.4404296875 0.02392578125 0.03564453125
0 0.177734375 0.46484375 0.03271484375 0.04296875
0 0.078125 0.56689453125 0.05859375 0.06005859375
0 0.1240234375 0.583984375 0.02978515625 0.05615234375
0 0.15966796875 0.60888671875 0.03857421875 0.05419921875
0 0.177734375 0.6474609375 0.03271484375 0.02978515625
0 0.03369140625 0.80322265625 0.04248046875 0.06005859375
0 0.09130859375 0.79833984375 0.0625 0.05078125
0 0.146484375 0.80810546875 0.0400390625 0.05078125
0 0.20703125 0.80224609375 0.0712890625 0.046875
0 0.2958984375 0.80517578125 0.06884765625 0.03759765625
0 0.369140625 0.80224609375 0.06982421875 0.04296875
0 0.033203125 0.86572265625 0.06640625 0.0732421875
0 0.1015625 0.87353515625 0.05517578125 0.05810546875
0 0.1689453125 0.869140625 0.0576171875 0.06396484375
0 0.23779296875 0.8642578125 0.06494140625 0.0693359375
0 0.30322265625 0.865234375 0.048828125 0.06005859375
0 0.0166015625 0.9404296875 0.033203125 0.046875
0 0.06591796875 0.94189453125 0.05126953125 0.048828125
0 0.14306640625 0.9375 0.0888671875 0.046875
0 0.212890625 0.93359375 0.03759765625 0.046875
0 0.29150390625 0.9306640625 0.1123046875 0.044921875
0 0.986328125 0.88330078125 0.02734375 0.0576171875