0 0.2763671875 0.17431640625 0.0751953125 0.06103515625
0 0.3359375 0.17333984375 0.0361328125 0.04833984375
0 0.39208984375 0.1689453125 0.07080078125 0.0498046875
0 0.4736328125 0.150390625 0.08349609375 0.07568359375
0 0.53857421875 0.15087890625 0.0419921875 0.0517578125
0 0.4228515625 0.23095703125 0.23486328125 0.0927734375
0 0.04296875 0.4423828125 0.0859375 0.1171875
0 0.15625 0.40869140625 0.1123046875 0.12939453125
0 0.38037109375 0.37060546875 0.26953125 0.20166015625
0 0.208984375 0.51904296875 0.08203125 0.0205078125
0 0.3125 0.51708984375 0.123046875 0.0244140625
0 0.416015625 0.51708984375 0.08203125 0.0244140625
0 0.52685546875 0.5107421875 0.0654296875 0.037109375
0 0.64990234375 0.04345703125 0.0517578125 0.0869140625
0 0.85693359375 0.04296875 0.0654296875 0.0859375
0 0.6083984375 0.41650390625 0.0703125 0.04296875
0 0.6748046875 0.41552734375 0.0595703125 0.04150390625
0 0.60595703125 0.45703125 0.0673828125 0.03857421875
0 0.6767578125 0.45849609375 0.06591796875 0.04150390625
0 0.5849609375 0.5009765625 0.0498046875 0.0400390625
0 0.630859375 0.5009765625 0.03466796875 0.04296875
0 0.68408203125 0.50048828125 0.0693359375 0.04443359375
0 0.587890625 0.52197265625 0.03515625 0.0146484375
0 0.68212890625 0.5234375 0.0498046875 0.01171875
0 0.82275390625 0.42138671875 0.060546875 0.05029296875
0 0.89306640625 0.423828125 0.07568359375 0.04296875
0 0.84228515625 0.45654296875 0.03466796875 0.048828125
0 0.87841796875 0.4638671875 0.04248046875 0.037109375
0 0.79296875 0.5048828125 0.04443359375 0.04736328125
0 0.85205078125 0.5048828125 0.0693359375 0.04150390625
0 0.9228515625 0.5068359375 0.06396484375 0.0400390625
0 0.0595703125 0.79443359375 0.06982421875 0.041015625
0 0.9189453125 0.5546875 0.162109375 0.05078125
0 0.98388671875 0.55615234375 0.0322265625 0.0537109375
0 0.94580078125 0.68017578125 0.09228515625 0.0390625
0 0.7548828125 0.72607421875 0.2705078125 0.1591796875
0 0.95263671875 0.79541015625 0.0947265625 0.2021484375
0 0.6533203125 0.8193359375 0.11083984375 0.0732421875
0 0.7900390625 0.84716796875 0.171875 0.09521484375
0 0.9404296875 0.8583984375 0.07177734375 0.07958984375
0 0.98193359375 0.8740234375 0.0361328125 0.068359375
0 0.90673828125 0.92626953125 0.1865234375 0.0732421875
0 0.8388671875 0.96044921875 0.06884765625 0.046875
0 0.91455078125 0.970703125 0.07666015625 0.0517578125