0 0.462890625 0.5107421875 0.17431640625 0.103515625
0 0.3603515625 0.60888671875 0.05078125 0.041015625
0 0.41259765625 0.61474609375 0.04833984375 0.03759765625
0 0.45654296875 0.61767578125 0.0380859375 0.03662109375
0 0.4892578125 0.62255859375 0.0244140625 0.03857421875
0 0.51416015625 0.625 0.02392578125 0.04150390625
0 0.546875 0.62841796875 0.0400390625 0.03515625
0 0.5927734375 0.63232421875 0.04541015625 0.03857421875
0 0.63427734375 0.6376953125 0.03955078125 0.03857421875
0 0.66943359375 0.6455078125 0.0361328125 0.03076171875
0 0.00830078125 0.86279296875 0.0166015625 0.0185546875
0 0.02294921875 0.865234375 0.0126953125 0.01318359375
0 0.0341796875 0.8642578125 0.01171875 0.0166015625
0 0.0517578125 0.86572265625 0.02197265625 0.0166015625
0 0.07373046875 0.8662109375 0.02392578125 0.017578125
0 0.09423828125 0.8681640625 0.01806640625 0.0185546875
0 0.1123046875 0.869140625 0.01953125 0.01513671875
0 0.02978515625 0.87939453125 0.01513671875 0.01171875
0 0.0595703125 0.88037109375 0.04736328125 0.015625
0 0.08740234375 0.88037109375 0.00732421875 0.0126953125
0 0.10546875 0.8818359375 0.03076171875 0.01171875
0 0.01806640625 0.908203125 0.0224609375 0.01171875
0 0.00390625 0.90966796875 0.00732421875 0.0107421875
0 0.0126953125 0.9189453125 0.0244140625 0.00830078125
0 0.00390625 0.93505859375 0.0078125 0.0087890625
0 0.015625 0.93603515625 0.013671875 0.0126953125
0 0.0322265625 0.93310546875 0.01708984375 0.01416015625
0 0.01513671875 0.9609375 0.02294921875 0.01318359375
0 0.041015625 0.9609375 0.0283203125 0.01171875
0 0.06103515625 0.96240234375 0.01171875 0.01318359375
0 0.02783203125 0.97216796875 0.03955078125 0.00927734375
0 0.00390625 0.9892578125 0.00732421875 0.01171875
0 0.02099609375 0.9873046875 0.0283203125 0.01513671875
0 0.0478515625 0.9873046875 0.02294921875 0.01416015625
0 0.06640625 0.98583984375 0.013671875 0.01318359375
0 0.3798828125 0.87646484375 0.02294921875 0.015625
0 0.40185546875 0.87646484375 0.021484375 0.017578125
0 0.41943359375 0.87451171875 0.01611328125 0.015625
0 0.431640625 0.8779296875 0.0107421875 0.01416015625
0 0.44189453125 0.876953125 0.01123046875 0.015625
0 0.455078125 0.876953125 0.0185546875 0.015625
0 0.474609375 0.87646484375 0.021484375 0.0185546875
0 0.49169921875 0.8779296875 0.01513671875 0.017578125
0 0.50830078125 0.87939453125 0.01513671875 0.0107421875
0 0.3798828125 0.890625 0.017578125 0.0126953125
0 0.39404296875 0.8896484375 0.00927734375 0.0107421875
0 0.416015625 0.890625 0.0341796875 0.01318359375
0 0.43994140625 0.890625 0.0126953125 0.01318359375
0 0.4658203125 0.892578125 0.03955078125 0.01513671875
0 0.4892578125 0.89111328125 0.00830078125 0.01416015625
0 0.5048828125 0.89111328125 0.02490234375 0.01416015625
0 0.34814453125 0.90625 0.0185546875 0.0107421875
0 0.30322265625 0.951171875 0.0126953125 0.017578125
0 0.31396484375 0.9482421875 0.009765625 0.01513671875
0 0.3251953125 0.94970703125 0.015625 0.0126953125
0 0.3359375 0.94921875 0.00927734375 0.01318359375
0 0.34326171875 0.94873046875 0.0087890625 0.017578125
0 0.35107421875 0.94970703125 0.0126953125 0.015625
0 0.28662109375 0.96630859375 0.01171875 0.01416015625
0 0.29931640625 0.9638671875 0.017578125 0.0126953125
0 0.3154296875 0.9638671875 0.01416015625 0.01416015625
0 0.326171875 0.96484375 0.00830078125 0.01171875
0 0.3369140625 0.96630859375 0.01611328125 0.01416015625
0 0.35205078125 0.96484375 0.01416015625 0.01513671875
0 0.36572265625 0.962890625 0.01806640625 0.015625
0 0.2998046875 0.9794921875 0.0126953125 0.015625
0 0.3134765625 0.978515625 0.01708984375 0.01318359375
0 0.32958984375 0.978515625 0.01513671875 0.01318359375
0 0.3427734375 0.97900390625 0.01416015625 0.01318359375
0 0.3564453125 0.978515625 0.013671875 0.0126953125
0 0.31591796875 0.99267578125 0.00830078125 0.01318359375
0 0.478515625 0.951171875 0.0244140625 0.01416015625
0 0.509765625 0.951171875 0.02685546875 0.01416015625
0 0.46044921875 0.96923828125 0.0283203125 0.0234375
0 0.4873046875 0.97021484375 0.0263671875 0.02099609375
0 0.51171875 0.9697265625 0.0185546875 0.02099609375
0 0.48291015625 0.990234375 0.025390625 0.01904296875
0 0.50830078125 0.9873046875 0.02392578125 0.02490234375
0 0.59716796875 0.8779296875 0.01953125 0.01416015625
0 0.61474609375 0.87744140625 0.01953125 0.01513671875
0 0.6298828125 0.87939453125 0.01513671875 0.01171875
0 0.64111328125 0.88037109375 0.009765625 0.0126953125
0 0.64990234375 0.880859375 0.01123046875 0.01318359375
0 0.66259765625 0.88232421875 0.01611328125 0.01416015625
0 0.6796875 0.88232421875 0.01806640625 0.01513671875
0 0.693359375 0.8828125 0.01416015625 0.0126953125
0 0.70751953125 0.88427734375 0.01513671875 0.01171875
0 0.59765625 0.89111328125 0.01611328125 0.0107421875
0 0.60986328125 0.89111328125 0.0087890625 0.0107421875
0 0.62890625 0.89208984375 0.03125 0.0126953125
0 0.64990234375 0.8935546875 0.0107421875 0.009765625
0 0.671875 0.89501953125 0.03369140625 0.01171875
0 0.69140625 0.89501953125 0.0068359375 0.01171875
0 0.705078125 0.8955078125 0.02197265625 0.0107421875
0 0.73046875 0.97900390625 0.03759765625 0.02685546875
0 0.75830078125 0.97998046875 0.02197265625 0.021484375
0 0.826171875 0.93115234375 0.03125 0.02099609375
0 0.3271484375 0.9931640625 0.015625 0.01318359375
0 0.34033203125 0.9931640625 0.01171875 0.01318359375
0 0.92236328125 0.0390625 0.07080078125 0.078125