0 0.125 0.150390625 0.25 0.130859375
0 0.31591796875 0.1484375 0.1669921875 0.142578125
0 0.0791015625 0.28125 0.154296875 0.037109375
0 0.2236328125 0.271484375 0.107421875 0.052734375
0 0.3203125 0.2734375 0.0625 0.044921875
0 0.38134765625 0.2724609375 0.0361328125 0.04296875
0 0.5419921875 0.35400390625 0.142578125 0.0302734375
0 0.00732421875 0.4462890625 0.0146484375 0.033203125
0 0.0830078125 0.5927734375 0.037109375 0.04052734375
0 0.11181640625 0.59375 0.02685546875 0.044921875
0 0.13525390625 0.595703125 0.0234375 0.04345703125
0 0.1572265625 0.60498046875 0.02197265625 0.04443359375
0 0.17529296875 0.5986328125 0.017578125 0.044921875
0 0.19677734375 0.60205078125 0.02734375 0.04248046875
0 0.224609375 0.60009765625 0.03125 0.05029296875
0 0.2509765625 0.60693359375 0.02587890625 0.04443359375
0 0.2744140625 0.615234375 0.021484375 0.044921875
0 0.29345703125 0.61572265625 0.0234375 0.048828125
0 0.31494140625 0.6171875 0.02392578125 0.0498046875
0 0.08740234375 0.63720703125 0.04150390625 0.02392578125
0 0.1123046875 0.6376953125 0.01025390625 0.02197265625
0 0.146484375 0.640625 0.05810546875 0.02490234375
0 0.1923828125 0.64404296875 0.03076171875 0.021484375
0 0.21630859375 0.646484375 0.01708984375 0.02197265625
0 0.240234375 0.64892578125 0.033203125 0.021484375
0 0.27880859375 0.6513671875 0.04443359375 0.0244140625
0 0.31494140625 0.6552734375 0.0283203125 0.0224609375
0 0.34814453125 0.658203125 0.017578125 0.01171875
0 0.3623046875 0.6591796875 0.0107421875 0.01220703125
0 0.0791015625 0.6640625 0.01220703125 0.01611328125
0 0.0927734375 0.66357421875 0.01318359375 0.0146484375
0 0.10400390625 0.66552734375 0.01025390625 0.013671875
0 0.12744140625 0.6669921875 0.01123046875 0.013671875
0 0.15380859375 0.6689453125 0.03955078125 0.01708984375
0 0.19189453125 0.67138671875 0.013671875 0.01513671875
0 0.22021484375 0.67431640625 0.041015625 0.01611328125
0 0.26611328125 0.677734375 0.01953125 0.01611328125
0 0.708984375 0.5087890625 0.27734375 0.201171875
0 0.93505859375 0.53564453125 0.1298828125 0.2216796875
0 0.8125 0.779296875 0.375 0.3125