0 0.41796875 0.3359375 0.142578125 0.103515625
0 0.33203125 0.43408203125 0.05078125 0.041015625
0 0.38427734375 0.43994140625 0.04833984375 0.03759765625
0 0.42822265625 0.44287109375 0.0380859375 0.03662109375
0 0.4609375 0.44775390625 0.0244140625 0.03857421875
0 0.4814453125 0.44970703125 0.015625 0.0419921875
0 0.95263671875 0.40185546875 0.0947265625 0.1005859375
0 0.935546875 0.48681640625 0.12890625 0.1044921875
0 0.8984375 0.53076171875 0.107421875 0.0166015625
0 0.6279296875 0.5986328125 0.04296875 0.03173828125
0 0.67822265625 0.60009765625 0.05126953125 0.02880859375
0 0.630859375 0.62841796875 0.033203125 0.0263671875
0 0.67236328125 0.62841796875 0.04248046875 0.02880859375
0 0.6279296875 0.65673828125 0.01904296875 0.017578125
0 0.64794921875 0.6572265625 0.0087890625 0.0166015625
0 0.67333984375 0.6572265625 0.0302734375 0.0166015625