0 0.2236328125 0.04296875 0.115234375 0.0859375
0 0.34521484375 0.04296875 0.0810546875 0.0859375
0 0.22802734375 0.1494140625 0.0341796875 0.04541015625
0 0.2724609375 0.1484375 0.02587890625 0.046875
0 0.29541015625 0.1484375 0.01806640625 0.03369140625
0 0.32763671875 0.150390625 0.0390625 0.046875
0 0.68603515625 0.0556640625 0.1123046875 0.07666015625
0 0.595703125 0.1787109375 0.052734375 0.076171875
0 0.71484375 0.19580078125 0.1611328125 0.08349609375
0 0.85302734375 0.19677734375 0.01123046875 0.02490234375
0 0.60888671875 0.2744140625 0.0791015625 0.0546875
0 0.68017578125 0.28076171875 0.0654296875 0.046875
0 0.77099609375 0.28564453125 0.10205078125 0.046875
0 0.59912109375 0.35595703125 0.01220703125 0.0234375
0 0.71142578125 0.3525390625 0.01220703125 0.02978515625
0 0.72802734375 0.3505859375 0.009765625 0.0234375
0 0.7197265625 0.35400390625 0.0087890625 0.02685546875
0 0.02294921875 0.6279296875 0.0458984375 0.0546875
0 0.0517578125 0.74609375 0.103515625 0.08984375
0 0.02734375 0.841796875 0.0546875 0.06640625
0 0.06982421875 0.86083984375 0.02880859375 0.04638671875
0 0.109375 0.94775390625 0.166015625 0.1044921875
0 0.693359375 0.708984375 0.060546875 0.07470703125
0 0.7509765625 0.69873046875 0.0771484375 0.10693359375
0 0.8291015625 0.6826171875 0.10693359375 0.1083984375
0 0.939453125 0.6484375 0.12109375 0.130859375
0 0.78759765625 0.85205078125 0.17822265625 0.177734375
0 0.93603515625 0.86669921875 0.1279296875 0.2001953125
0 0.67333984375 0.98046875 0.0732421875 0.0390625
0 0.7578125 0.9912109375 0.111328125 0.017578125