0 0.07080078125 0.0419921875 0.0615234375 0.03466796875
0 0.06689453125 0.107421875 0.06298828125 0.037109375
0 0.0166015625 0.31201171875 0.033203125 0.0537109375
0 0.7783203125 0.1728515625 0.03515625 0.03857421875
0 0.80859375 0.177734375 0.0234375 0.03271484375
0 0.83740234375 0.1796875 0.03125 0.0341796875
0 0.86962890625 0.18505859375 0.033203125 0.03271484375
0 0.8984375 0.1865234375 0.0205078125 0.02978515625
0 0.9140625 0.19384765625 0.0126953125 0.03271484375
0 0.93017578125 0.1953125 0.017578125 0.02978515625
0 0.953125 0.1962890625 0.0263671875 0.0341796875
0 0.98291015625 0.2001953125 0.0341796875 0.03125
0 0.7373046875 0.19921875 0.017578125 0.037109375
0 0.75732421875 0.20361328125 0.0263671875 0.0341796875
0 0.787109375 0.2109375 0.033203125 0.0341796875
0 0.81103515625 0.21142578125 0.0126953125 0.02978515625
0 0.83203125 0.21240234375 0.0263671875 0.0341796875
0 0.85791015625 0.2197265625 0.025390625 0.0283203125
0 0.88037109375 0.21826171875 0.017578125 0.0341796875
0 0.89892578125 0.22119140625 0.021484375 0.0283203125
0 0.92138671875 0.22412109375 0.021484375 0.03125
0 0.94580078125 0.2265625 0.025390625 0.02978515625
0 0.96728515625 0.23095703125 0.015625 0.02978515625
0 0.9873046875 0.234375 0.025390625 0.03125
0 0.04931640625 0.5751953125 0.07958984375 0.083984375
0 0.16162109375 0.57666015625 0.1220703125 0.091796875
0 0.0615234375 0.7099609375 0.107421875 0.107421875
0 0.17431640625 0.69970703125 0.103515625 0.123046875
0 0.0244140625 0.83203125 0.037109375 0.0732421875
0 0.076171875 0.84375 0.0517578125 0.07080078125
0 0.13818359375 0.8369140625 0.06103515625 0.07861328125
0 0.2041015625 0.83203125 0.05908203125 0.06787109375
0 0.806640625 0.44091796875 0.2490234375 0.12548828125
0 0.82421875 0.5546875 0.23779296875 0.1259765625
0 0.77880859375 0.6396484375 0.1162109375 0.04833984375
0 0.89111328125 0.62255859375 0.107421875 0.05078125