0 0.453125 0.328125 0.052734375 0.140625
0 0.4951171875 0.1220703125 0.02197265625 0.0244140625
0 0.5146484375 0.12109375 0.01171875 0.0263671875
0 0.53564453125 0.1171875 0.0263671875 0.0302734375
0 0.48681640625 0.15966796875 0.0146484375 0.0322265625
0 0.5146484375 0.15234375 0.03662109375 0.0322265625
0 0.55517578125 0.15576171875 0.03759765625 0.0244140625
0 0.59130859375 0.31396484375 0.017578125 0.0322265625
0 0.59228515625 0.359375 0.017578125 0.0322265625
0 0.5927734375 0.45458984375 0.0166015625 0.03369140625
0 0.5927734375 0.50244140625 0.0166015625 0.0322265625
0 0.61767578125 0.39892578125 0.01025390625 0.0244140625
0 0.77685546875 0.36572265625 0.0126953125 0.0224609375
0 0.77880859375 0.41015625 0.0126953125 0.0205078125
0 0.77978515625 0.4560546875 0.01025390625 0.0224609375
0 0.4853515625 0.79296875 0.01171875 0.04296875
0 0.8701171875 0.72412109375 0.14404296875 0.05810546875
0 0.7890625 0.7890625 0.03173828125 0.06103515625
0 0.82568359375 0.79150390625 0.04541015625 0.0634765625
0 0.859375 0.79248046875 0.02685546875 0.0595703125
0 0.89306640625 0.79443359375 0.04248046875 0.0556640625
0 0.9443359375 0.80078125 0.05859375 0.06103515625