0 0.1494140625 0.01953125 0.091796875 0.0390625
0 0.25732421875 0.01806640625 0.1123046875 0.0361328125
0 0.14697265625 0.0830078125 0.13134765625 0.07666015625
0 0.25341796875 0.08154296875 0.06884765625 0.08349609375
0 0.31494140625 0.09619140625 0.044921875 0.06005859375
0 0.0712890625 0.18408203125 0.052734375 0.0615234375
0 0.14013671875 0.19140625 0.0673828125 0.0732421875
0 0.22021484375 0.18701171875 0.07763671875 0.0615234375
0 0.31884765625 0.18212890625 0.10986328125 0.0751953125
0 0.0751953125 0.28564453125 0.02490234375 0.01171875
0 0.12646484375 0.2880859375 0.04736328125 0.0498046875
0 0.16650390625 0.2890625 0.02734375 0.04833984375
0 0.19677734375 0.2890625 0.041015625 0.0517578125
0 0.23779296875 0.28466796875 0.0400390625 0.05322265625
0 0.2734375 0.287109375 0.02880859375 0.0517578125
0 0.30322265625 0.294921875 0.03369140625 0.06005859375
0 0.33056640625 0.29736328125 0.0185546875 0.05810546875
0 0.357421875 0.29541015625 0.03271484375 0.04150390625
0 0.19140625 0.32568359375 0.111328125 0.0068359375
0 0.9521484375 0.10546875 0.095703125 0.12890625
0 0.92236328125 0.21484375 0.06689453125 0.15234375
0 0.9892578125 0.2373046875 0.021484375 0.142578125
0 0.76953125 0.26220703125 0.0546875 0.1337890625
0 0.14990234375 0.4765625 0.2998046875 0.294921875
0 0.41357421875 0.48583984375 0.1923828125 0.3134765625
0 0.2763671875 0.68603515625 0.466796875 0.1181640625
0 0.05859375 0.8291015625 0.1171875 0.115234375
0 0.154296875 0.82080078125 0.0615234375 0.1083984375
0 0.24365234375 0.82763671875 0.109375 0.12109375
0 0.3955078125 0.84814453125 0.1904296875 0.0966796875
0 0.498046875 0.85107421875 0.0234375 0.0908203125
0 0.13232421875 0.935546875 0.22900390625 0.0751953125
0 0.37548828125 0.947265625 0.25 0.078125
0 0.65380859375 0.6337890625 0.0615234375 0.03466796875
0 0.64990234375 0.69921875 0.06298828125 0.037109375
0 0.58447265625 0.904296875 0.064453125 0.05322265625
0 0.5947265625 0.96337890625 0.06298828125 0.05859375