0 0.54736328125 0.05419921875 0.1552734375 0.0771484375
0 0.08154296875 0.439453125 0.06005859375 0.05322265625
0 0.1572265625 0.4482421875 0.08154296875 0.048828125
0 0.2197265625 0.44482421875 0.04345703125 0.0419921875
0 0.2763671875 0.4404296875 0.06005859375 0.0556640625
0 0.3330078125 0.45068359375 0.046875 0.03564453125
0 0.099609375 0.5439453125 0.09326171875 0.04443359375
0 0.189453125 0.544921875 0.07666015625 0.0419921875
0 0.1005859375 0.60302734375 0.091796875 0.0419921875
0 0.1962890625 0.59716796875 0.08984375 0.05322265625
0 0.29296875 0.6103515625 0.09326171875 0.048828125
0 0.11572265625 0.6806640625 0.115234375 0.05126953125
0 0.224609375 0.67724609375 0.08642578125 0.04443359375
0 0.29736328125 0.673828125 0.04833984375 0.05126953125
0 0.11572265625 0.7392578125 0.115234375 0.05322265625
0 0.224609375 0.73388671875 0.08642578125 0.0419921875
0 0.3173828125 0.73828125 0.08837890625 0.05126953125
0 0.0869140625 0.80078125 0.0615234375 0.0419921875
0 0.15869140625 0.80078125 0.068359375 0.0419921875
0 0.21875 0.79736328125 0.044921875 0.048828125
0 0.275390625 0.8037109375 0.05810546875 0.048828125
0 0.078125 0.85595703125 0.04345703125 0.0419921875
0 0.11865234375 0.86181640625 0.03173828125 0.048828125
0 0.16064453125 0.857421875 0.03857421875 0.0400390625
0 0.2080078125 0.8515625 0.046875 0.05126953125
0 0.78564453125 0.40673828125 0.0986328125 0.0537109375
0 0.59912109375 0.5576171875 0.2587890625 0.173828125
0 0.849609375 0.47412109375 0.30078125 0.1845703125
0 0.67919921875 0.61767578125 0.1376953125 0.09228515625
0 0.85205078125 0.57080078125 0.20166015625 0.10791015625
0 0.8447265625 0.6376953125 0.2626953125 0.1201171875
0 0.9013671875 0.6689453125 0.11572265625 0.06396484375
0 0.82080078125 0.79736328125 0.09228515625 0.0390625
0 0.6298828125 0.84326171875 0.2705078125 0.1591796875
0 0.89013671875 0.90576171875 0.2197265625 0.1884765625
0 0.5283203125 0.9365234375 0.11083984375 0.0732421875
0 0.6650390625 0.9580078125 0.171875 0.083984375
0 0.81494140625 0.9677734375 0.0712890625 0.064453125
0 0.86376953125 0.978515625 0.0498046875 0.04296875
0 0.91552734375 0.9794921875 0.0517578125 0.041015625