0 0.2470703125 0.326171875 0.4501953125 0.1689453125
0 0.220703125 0.41162109375 0.0498046875 0.03076171875
0 0.287109375 0.41064453125 0.06396484375 0.04345703125
0 0.3466796875 0.41357421875 0.0380859375 0.03466796875
0 0.3955078125 0.4228515625 0.04541015625 0.03857421875
0 0.44677734375 0.4248046875 0.04833984375 0.04248046875
0 0.4609375 0.28515625 0.01220703125 0.017578125
0 0.02392578125 0.560546875 0.0478515625 0.080078125
0 0.10498046875 0.572265625 0.0986328125 0.08740234375
0 0.22314453125 0.5869140625 0.1064453125 0.06884765625
0 0.33447265625 0.58984375 0.08447265625 0.06103515625
0 0.43603515625 0.59716796875 0.0908203125 0.0654296875
0 0.0185546875 0.625 0.033203125 0.009765625
0 0.55322265625 0.06787109375 0.0478515625 0.0810546875
0 0.63818359375 0.07275390625 0.10302734375 0.0712890625
0 0.744140625 0.0771484375 0.0849609375 0.06640625
0 0.375 0.6669921875 0.13232421875 0.0712890625
0 0.498046875 0.66650390625 0.0625 0.0732421875
0 0.369140625 0.76806640625 0.2138671875 0.08544921875
0 0.5146484375 0.759765625 0.029296875 0.095703125
0 0.30908203125 0.8798828125 0.08642578125 0.08447265625
0 0.4423828125 0.88037109375 0.134765625 0.08544921875
0 0.30224609375 0.97119140625 0.0712890625 0.0576171875
0 0.40673828125 0.97802734375 0.1064453125 0.0439453125
0 0.5 0.96728515625 0.05859375 0.0654296875