0 0.125 0.17529296875 0.205078125 0.10205078125
0 0.1123046875 0.28857421875 0.1875 0.11474609375
0 0.2861328125 0.29541015625 0.14501953125 0.0849609375
0 0.076171875 0.42138671875 0.15234375 0.1044921875
0 0.74267578125 0.1337890625 0.13720703125 0.0390625
0 0.859375 0.1201171875 0.08837890625 0.04541015625
0 0.51904296875 0.15771484375 0.0185546875 0.0185546875
0 0.55029296875 0.1591796875 0.0458984375 0.0185546875
0 0.59912109375 0.1591796875 0.0498046875 0.01708984375
0 0.52685546875 0.1767578125 0.0341796875 0.017578125
0 0.75732421875 0.18603515625 0.03759765625 0.021484375
0 0.79541015625 0.1904296875 0.03759765625 0.01220703125
0 0.830078125 0.18408203125 0.03662109375 0.0224609375
0 0.8564453125 0.1708984375 0.02880859375 0.02392578125
0 0.9892578125 0.16650390625 0.021484375 0.0146484375
0 0.697265625 0.26953125 0.28173828125 0.0693359375
0 0.92431640625 0.27685546875 0.1513671875 0.0791015625
0 0.58837890625 0.400390625 0.1572265625 0.083984375
0 0.73876953125 0.39013671875 0.14453125 0.08642578125
0 0.8466796875 0.37255859375 0.07275390625 0.0625
0 0.939453125 0.35693359375 0.12109375 0.0595703125
0 0.53125 0.47119140625 0.02392578125 0.0146484375
0 0.56640625 0.47412109375 0.04638671875 0.01611328125
0 0.6142578125 0.47216796875 0.04736328125 0.0166015625
0 0.65625 0.47314453125 0.0400390625 0.01708984375
0 0.70361328125 0.4736328125 0.05810546875 0.0185546875
0 0.7548828125 0.47216796875 0.048828125 0.01513671875
0 0.796875 0.47509765625 0.03515625 0.0146484375
0 0.8369140625 0.47119140625 0.04345703125 0.01611328125
0 0.8740234375 0.47265625 0.03271484375 0.01708984375
0 0.91259765625 0.47021484375 0.0439453125 0.01708984375
0 0.99169921875 0.4541015625 0.0166015625 0.013671875
0 0.28662109375 0.64697265625 0.4462890625 0.2548828125
0 0.06884765625 0.83447265625 0.0537109375 0.07177734375
0 0.15478515625 0.80517578125 0.0634765625 0.07470703125
0 0.251953125 0.771484375 0.076171875 0.08349609375
0 0.40380859375 0.7216796875 0.2119140625 0.140625
0 0.6552734375 0.75927734375 0.166015625 0.20166015625
0 0.517578125 0.90625 0.015625 0.109375
0 0.56982421875 0.8974609375 0.052734375 0.1015625
0 0.6279296875 0.90771484375 0.06884765625 0.091796875
0 0.6826171875 0.931640625 0.041015625 0.08642578125
0 0.72021484375 0.92578125 0.02880859375 0.068359375
0 0.7646484375 0.919921875 0.0498046875 0.08642578125
0 0.8056640625 0.91650390625 0.03271484375 0.103515625
0 0.52197265625 0.97900390625 0.0244140625 0.0419921875
0 0.564453125 0.98583984375 0.052734375 0.0283203125