0 0.29736328125 0.09423828125 0.08154296875 0.10107421875
0 0.27392578125 0.1337890625 0.02294921875 0.02294921875
0 0.28955078125 0.1318359375 0.01123046875 0.0263671875
0 0.3037109375 0.13525390625 0.02001953125 0.0263671875
0 0.50830078125 0.07177734375 0.0400390625 0.04248046875
0 0.5546875 0.06689453125 0.02978515625 0.0390625
0 0.51318359375 0.09619140625 0.0556640625 0.0263671875
0 0.55615234375 0.09423828125 0.02734375 0.02294921875
0 0.048828125 0.27294921875 0.02734375 0.0732421875
0 0.06640625 0.2861328125 0.025390625 0.046875
0 0.2001953125 0.06201171875 0.0126953125 0.029296875
0 0.62939453125 0.076171875 0.0810546875 0.078125
0 0.60888671875 0.107421875 0.0244140625 0.02294921875
0 0.6259765625 0.107421875 0.0126953125 0.029296875
0 0.64306640625 0.1044921875 0.021484375 0.029296875
0 0.7841796875 0.09326171875 0.228515625 0.0830078125
0 0.6865234375 0.212890625 0.033203125 0.0390625
0 0.2177734375 0.33447265625 0.095703125 0.0498046875
0 0.18408203125 0.52978515625 0.20703125 0.400390625
0 0.32421875 0.4287109375 0.05322265625 0.09326171875
0 0.39892578125 0.41748046875 0.08349609375 0.10986328125
0 0.5205078125 0.3701171875 0.1376953125 0.12060546875
0 0.3193359375 0.53564453125 0.05419921875 0.09619140625
0 0.525390625 0.48388671875 0.13427734375 0.11279296875
0 0.3291015625 0.642578125 0.0869140625 0.10546875
0 0.521484375 0.603515625 0.1376953125 0.10546875
0 0.55029296875 0.6953125 0.08251953125 0.0751953125
0 0.46826171875 0.708984375 0.0703125 0.072265625
0 0.40576171875 0.72607421875 0.041015625 0.052734375
0 0.26123046875 0.75341796875 0.0703125 0.05859375
0 0.19580078125 0.75927734375 0.0498046875 0.0615234375
0 0.9658203125 0.349609375 0.068359375 0.080078125
0 0.98779296875 0.48828125 0.0244140625 0.046875
0 0.958984375 0.5361328125 0.02978515625 0.02294921875
0 0.97900390625 0.53173828125 0.01123046875 0.01953125
0 0.9921875 0.52978515625 0.015625 0.0185546875
0 0.98681640625 0.61669921875 0.0263671875 0.0498046875
0 0.98828125 0.6689453125 0.0234375 0.044921875
0 0.990234375 0.7783203125 0.01953125 0.044921875
0 0.994140625 0.8896484375 0.01171875 0.046875
0 0.9912109375 0.94287109375 0.017578125 0.0478515625
0 0.9541015625 0.8134765625 0.037109375 0.0078125