0 0.05224609375 0.220703125 0.1044921875 0.09765625
0 0.181640625 0.23876953125 0.109375 0.0615234375
0 0.30322265625 0.2275390625 0.0732421875 0.083984375
0 0.533203125 0.2578125 0.107421875 0.0234375
0 0.916015625 0.26025390625 0.05078125 0.0185546875
0 0.06591796875 0.34326171875 0.01416015625 0.0087890625
0 0.0810546875 0.3427734375 0.013671875 0.0087890625
0 0.0908203125 0.3427734375 0.0048828125 0.0087890625
0 0.1044921875 0.34228515625 0.02001953125 0.00927734375
0 0.21630859375 0.32421875 0.0146484375 0.00830078125
0 0.22998046875 0.32373046875 0.01318359375 0.009765625
0 0.24267578125 0.32421875 0.01025390625 0.0107421875
0 0.25 0.3232421875 0.00537109375 0.009765625
0 0.06396484375 0.447265625 0.01123046875 0.00927734375
0 0.0751953125 0.44677734375 0.0107421875 0.009765625
0 0.0859375 0.44677734375 0.01318359375 0.00830078125
0 0.2421875 0.50634765625 0.01220703125 0.01025390625
0 0.25634765625 0.50634765625 0.0146484375 0.0107421875
0 0.33056640625 0.71826171875 0.0185546875 0.0322265625
0 0.33447265625 0.74853515625 0.0107421875 0.0263671875
0 0.33642578125 0.7763671875 0.0068359375 0.017578125
0 0.3544921875 0.54541015625 0.029296875 0.0400390625
0 0.35205078125 0.57666015625 0.02197265625 0.013671875
0 0.77880859375 0.37158203125 0.0283203125 0.033203125
0 0.80322265625 0.3779296875 0.017578125 0.03125
0 0.76904296875 0.4208984375 0.02197265625 0.03466796875
0 0.80029296875 0.4326171875 0.03271484375 0.03564453125
0 0.8310546875 0.53125 0.0361328125 0.02294921875