0 0.20556640625 0.50146484375 0.07958984375 0.1083984375
0 0.2958984375 0.47314453125 0.08984375 0.10693359375
0 0.3876953125 0.43310546875 0.08837890625 0.13037109375
0 0.2001953125 0.59716796875 0.07177734375 0.07763671875
0 0.26806640625 0.57568359375 0.0703125 0.076171875
0 0.3603515625 0.55078125 0.1181640625 0.095703125
0 0.6142578125 0.529296875 0.0322265625 0.08349609375
0 0.654296875 0.51025390625 0.05224609375 0.07373046875
0 0.59375 0.6376953125 0.02490234375 0.09423828125
0 0.62890625 0.6123046875 0.0419921875 0.11962890625
0 0.6767578125 0.5771484375 0.05224609375 0.1181640625
0 0.80078125 0.26953125 0.046875 0.09716796875
0 0.8427734375 0.3271484375 0.0380859375 0.0654296875
0 0.76220703125 0.31884765625 0.0244140625 0.095703125
0 0.8037109375 0.361328125 0.0625 0.1279296875
0 0.85595703125 0.408203125 0.0458984375 0.111328125
0 0.52685546875 0.96630859375 0.0693359375 0.0673828125