0 0.36767578125 0.37109375 0.08251953125 0.0166015625
0 0.43798828125 0.37109375 0.05419921875 0.0166015625
0 0.36376953125 0.42919921875 0.109375 0.05126953125
0 0.45458984375 0.43505859375 0.060546875 0.05712890625
0 0.3505859375 0.48828125 0.060546875 0.05126953125
0 0.43359375 0.484375 0.0927734375 0.05517578125
0 0.783203125 0.68212890625 0.09375 0.12255859375
0 0.873046875 0.67626953125 0.07373046875 0.12255859375
0 0.9599609375 0.67578125 0.080078125 0.099609375
0 0.814453125 0.83935546875 0.12353515625 0.1455078125
0 0.94482421875 0.82958984375 0.1103515625 0.2041015625
0 0.6552734375 0.97607421875 0.08984375 0.0478515625
0 0.73046875 0.97607421875 0.0625 0.0478515625
0 0.796875 0.96630859375 0.068359375 0.0673828125
0 0.87109375 0.96533203125 0.078125 0.0693359375
0 0.94140625 0.97412109375 0.064453125 0.0517578125
0 0.98681640625 0.96435546875 0.0263671875 0.0712890625