0 0.43994140625 0.17431640625 0.06689453125 0.04443359375
0 0.50341796875 0.16943359375 0.0556640625 0.0498046875
0 0.56201171875 0.17431640625 0.04443359375 0.0498046875
0 0.65869140625 0.17431640625 0.07763671875 0.04443359375
0 0.43798828125 0.232421875 0.06689453125 0.05517578125
0 0.50341796875 0.236328125 0.0556640625 0.0419921875
0 0.572265625 0.23486328125 0.08203125 0.04443359375
0 0.67333984375 0.236328125 0.0576171875 0.0419921875
0 0.3564453125 0.38720703125 0.046875 0.0498046875
0 0.40234375 0.38330078125 0.03125 0.052734375
0 0.43896484375 0.392578125 0.03759765625 0.0498046875
0 0.4912109375 0.3818359375 0.06201171875 0.060546875
0 0.5419921875 0.38330078125 0.03125 0.052734375
0 0.6123046875 0.38720703125 0.06005859375 0.04443359375
0 0.3564453125 0.4541015625 0.046875 0.052734375
0 0.412109375 0.4580078125 0.05126953125 0.04443359375
0 0.46435546875 0.4580078125 0.05322265625 0.04443359375
0 0.52880859375 0.45947265625 0.06689453125 0.0419921875
0 0.6064453125 0.4580078125 0.0712890625 0.04443359375