0 0.0107421875 0.015625 0.021484375 0.03125
0 0.26904296875 0.08056640625 0.05126953125 0.14453125
0 0.123046875 0.24365234375 0.052734375 0.06640625
0 0.3125 0.37841796875 0.1005859375 0.0556640625
0 0.5146484375 0.26708984375 0.07177734375 0.1123046875
0 0.6044921875 0.2392578125 0.06103515625 0.0654296875
0 0.67626953125 0.2392578125 0.0673828125 0.07958984375
0 0.73486328125 0.26953125 0.07177734375 0.107421875
0 0.0224609375 0.6220703125 0.044921875 0.025390625
0 0.0673828125 0.62060546875 0.03125 0.0224609375
0 0.103515625 0.62451171875 0.037109375 0.0302734375
0 0.15576171875 0.6220703125 0.0615234375 0.025390625
0 0.20703125 0.62060546875 0.03125 0.0224609375
0 0.27685546875 0.62060546875 0.0595703125 0.0224609375
0 0.0224609375 0.6767578125 0.044921875 0.052734375
0 0.0771484375 0.6806640625 0.05126953125 0.04443359375
0 0.12939453125 0.6806640625 0.05322265625 0.04443359375
0 0.19384765625 0.68212890625 0.06689453125 0.0419921875
0 0.271484375 0.6806640625 0.0712890625 0.04443359375
0 0.5458984375 0.615234375 0.037109375 0.01171875
0 0.4638671875 0.658203125 0.046875 0.052734375
0 0.51953125 0.662109375 0.05126953125 0.04443359375
0 0.57177734375 0.662109375 0.05322265625 0.04443359375
0 0.63623046875 0.66357421875 0.06689453125 0.0419921875
0 0.7138671875 0.662109375 0.0712890625 0.04443359375