0 0.04833984375 0.00439453125 0.0419921875 0.0087890625
0 0.09375 0.00439453125 0.048828125 0.0087890625
0 0.01611328125 0.1328125 0.0322265625 0.0390625
0 0.19189453125 0.1328125 0.11865234375 0.0419921875
0 0.04443359375 0.17529296875 0.0517578125 0.02978515625
0 0.10546875 0.177734375 0.0419921875 0.0283203125
0 0.15673828125 0.18212890625 0.0576171875 0.03125
0 0.01611328125 0.216796875 0.0322265625 0.0234375
0 0.05224609375 0.2236328125 0.04833984375 0.0263671875
0 0.099609375 0.21875 0.0439453125 0.03271484375
0 0.14501953125 0.22216796875 0.046875 0.02978515625
0 0.19189453125 0.21826171875 0.046875 0.0341796875
0 0.244140625 0.21826171875 0.0576171875 0.02490234375
0 0.01220703125 0.31884765625 0.0244140625 0.0419921875
0 0.08349609375 0.31591796875 0.1142578125 0.0517578125
0 0.185546875 0.3251953125 0.078125 0.0546875
0 0.0498046875 0.38232421875 0.0654296875 0.0341796875
0 0.1328125 0.3837890625 0.046875 0.03125
0 0.46484375 0.11767578125 0.044921875 0.04345703125
0 0.515625 0.119140625 0.052734375 0.05517578125
0 0.5673828125 0.11767578125 0.0390625 0.0478515625
0 0.7158203125 0.1201171875 0.04296875 0.04345703125
0 0.7509765625 0.12158203125 0.0234375 0.041015625
0 0.81640625 0.115234375 0.041015625 0.0478515625
0 0.9560546875 0.1240234375 0.04296875 0.041015625
0 0.99072265625 0.12451171875 0.0185546875 0.0576171875
0 0.830078125 0.21533203125 0.021484375 0.0361328125
0 0.009765625 0.5986328125 0.01953125 0.044921875
0 0.05029296875 0.59423828125 0.0556640625 0.0498046875
0 0.10888671875 0.59912109375 0.04443359375 0.0498046875
0 0.20556640625 0.59912109375 0.07763671875 0.04443359375
0 0.0087890625 0.65673828125 0.017578125 0.0556640625
0 0.05029296875 0.6611328125 0.0556640625 0.0419921875
0 0.119140625 0.65966796875 0.08203125 0.04443359375
0 0.22021484375 0.6611328125 0.0576171875 0.0419921875
0 0.0380859375 0.806640625 0.06201171875 0.060546875
0 0.0888671875 0.80810546875 0.03125 0.052734375
0 0.1591796875 0.81201171875 0.06005859375 0.04443359375
0 0.0185546875 0.88232421875 0.037109375 0.0439453125
0 0.07568359375 0.88427734375 0.06689453125 0.0419921875
0 0.1533203125 0.8828125 0.0712890625 0.04443359375
0 0.658203125 0.63720703125 0.0478515625 0.02880859375
0 0.6962890625 0.63671875 0.0283203125 0.02734375
0 0.73193359375 0.63427734375 0.04248046875 0.03173828125
0 0.77783203125 0.634765625 0.056640625 0.0302734375
0 0.69189453125 0.66552734375 0.041015625 0.0302734375
0 0.74072265625 0.66552734375 0.056640625 0.02734375
0 0.68408203125 0.84814453125 0.056640625 0.01904296875
0 0.73876953125 0.8466796875 0.060546875 0.01904296875
0 0.7841796875 0.84814453125 0.0302734375 0.0224609375