0 0.38232421875 0.4375 0.09228515625 0.07177734375
0 0.490234375 0.4306640625 0.1123046875 0.078125
0 0.37939453125 0.5166015625 0.13134765625 0.07666015625
0 0.48583984375 0.51513671875 0.06884765625 0.08349609375
0 0.54736328125 0.52978515625 0.044921875 0.06005859375
0 0.3037109375 0.61767578125 0.052734375 0.0615234375
0 0.37255859375 0.625 0.0673828125 0.0732421875
0 0.45263671875 0.62060546875 0.07763671875 0.0615234375
0 0.55126953125 0.61572265625 0.10986328125 0.0751953125
0 0.3076171875 0.71923828125 0.02490234375 0.01171875
0 0.35888671875 0.7216796875 0.04736328125 0.0498046875
0 0.39892578125 0.72265625 0.02734375 0.04833984375
0 0.42919921875 0.72265625 0.041015625 0.0517578125
0 0.47021484375 0.71826171875 0.0400390625 0.05322265625
0 0.505859375 0.720703125 0.02880859375 0.0517578125
0 0.53564453125 0.728515625 0.03369140625 0.06005859375
0 0.56298828125 0.73095703125 0.0185546875 0.05810546875
0 0.58984375 0.72900390625 0.03271484375 0.04150390625
0 0.35107421875 0.7734375 0.02978515625 0.033203125
0 0.42431640625 0.7724609375 0.111328125 0.03173828125