0 0.2470703125 0.369140625 0.11376953125 0.08154296875
0 0.4189453125 0.34912109375 0.20263671875 0.0849609375
0 0.58447265625 0.32421875 0.10107421875 0.08154296875
0 0.708984375 0.3115234375 0.1298828125 0.08984375
0 0.31201171875 0.50341796875 0.4814453125 0.22998046875
0 0.76806640625 0.458984375 0.30615234375 0.21142578125
0 0.06494140625 0.65771484375 0.06982421875 0.02490234375
0 0.134765625 0.64892578125 0.0498046875 0.02490234375
0 0.1806640625 0.64990234375 0.03125 0.02685546875
0 0.2275390625 0.642578125 0.05517578125 0.0283203125
0 0.3076171875 0.634765625 0.07763671875 0.02978515625
0 0.357421875 0.63330078125 0.01513671875 0.0234375
0 0.3955078125 0.630859375 0.03369140625 0.02490234375
0 0.43603515625 0.6259765625 0.04736328125 0.03173828125
0 0.49169921875 0.62255859375 0.0537109375 0.0283203125
0 0.8154296875 0.60107421875 0.03857421875 0.0283203125