0 0.4033203125 0.361328125 0.00634765625 0.005859375
0 0.23828125 0.10400390625 0.111328125 0.052734375
0 0.32177734375 0.12646484375 0.0419921875 0.0341796875
0 0.37451171875 0.1376953125 0.048828125 0.03662109375
0 0.42822265625 0.1455078125 0.04541015625 0.029296875
0 0.48291015625 0.154296875 0.05517578125 0.03173828125
0 0.193359375 0.15087890625 0.11865234375 0.056640625
0 0.33642578125 0.169921875 0.14990234375 0.072265625
0 0.48388671875 0.19189453125 0.126953125 0.06689453125
0 0.68212890625 0.2646484375 0.0712890625 0.0283203125
0 0.73828125 0.25927734375 0.03857421875 0.03515625
0 0.69287109375 0.34130859375 0.08251953125 0.01513671875
0 0.82470703125 0.29541015625 0.09375 0.02685546875
0 0.7822265625 0.31689453125 0.0263671875 0.0166015625
0 0.8076171875 0.3193359375 0.0224609375 0.021484375
0 0.83544921875 0.31689453125 0.02734375 0.0166015625
0 0.86474609375 0.3193359375 0.02880859375 0.0185546875
0 0.82470703125 0.341796875 0.12353515625 0.0166015625
0 0.9736328125 0.2099609375 0.052734375 0.0859375
0 0.95947265625 0.330078125 0.0810546875 0.083984375
0 0.5546875 0.87158203125 0.048828125 0.0732421875
0 0.7490234375 0.62890625 0.146484375 0.01953125
0 0.9130859375 0.62939453125 0.173828125 0.0205078125