0 0.08642578125 0.052734375 0.1728515625 0.10546875
0 0.2255859375 0.04443359375 0.126953125 0.0888671875
0 0.037109375 0.14599609375 0.07421875 0.0576171875
0 0.1455078125 0.14794921875 0.1025390625 0.06005859375
0 0.2529296875 0.1552734375 0.07177734375 0.041015625
0 0.6181640625 0.12255859375 0.201171875 0.2451171875
0 0.60888671875 0.35595703125 0.2158203125 0.2275390625
0 0.88134765625 0.15478515625 0.18994140625 0.1171875
0 0.0166015625 0.4833984375 0.033203125 0.02734375
0 0.05322265625 0.4990234375 0.04638671875 0.0224609375
0 0.0966796875 0.5068359375 0.03369140625 0.01513671875
0 0.13525390625 0.501953125 0.041015625 0.01953125
0 0.16943359375 0.490234375 0.03173828125 0.021484375
0 0.1953125 0.4765625 0.029296875 0.013671875
0 0.25439453125 0.5966796875 0.39990234375 0.16357421875
0 0.1181640625 0.73486328125 0.236328125 0.1337890625
0 0.38232421875 0.7490234375 0.2138671875 0.126953125
0 0.02490234375 0.87548828125 0.0498046875 0.0908203125
0 0.14013671875 0.8828125 0.16357421875 0.09130859375
0 0.36376953125 0.90234375 0.23828125 0.10107421875
0 0.130859375 0.9775390625 0.169921875 0.044921875
0 0.357421875 0.98486328125 0.208984375 0.0302734375
0 0.26123046875 0.82666015625 0.158203125 0.091796875
0 0.01953125 0.8046875 0.0390625 0.0390625
0 0.01416015625 0.93408203125 0.0283203125 0.0302734375
0 0.26416015625 0.7177734375 0.04345703125 0.0322265625
0 0.455078125 0.830078125 0.068359375 0.0625
0 0.16845703125 0.9541015625 0.18408203125 0.091796875
0 0.62353515625 0.58349609375 0.02880859375 0.0185546875
0 0.65380859375 0.5810546875 0.02587890625 0.0244140625
0 0.68359375 0.58447265625 0.0302734375 0.0205078125
0 0.72607421875 0.58349609375 0.04833984375 0.0185546875
0 0.77294921875 0.58203125 0.0361328125 0.0224609375
0 0.818359375 0.58203125 0.04541015625 0.0263671875
0 0.85791015625 0.58349609375 0.033203125 0.0224609375
0 0.896484375 0.58349609375 0.041015625 0.0224609375
0 0.93505859375 0.58251953125 0.0302734375 0.0244140625
0 0.96533203125 0.58349609375 0.033203125 0.0263671875
0 0.9921875 0.58642578125 0.015625 0.0244140625
0 0.89794921875 0.62109375 0.08935546875 0.02978515625
0 0.97509765625 0.6171875 0.0498046875 0.041015625
0 0.67236328125 0.68408203125 0.17724609375 0.05419921875
0 0.86669921875 0.6767578125 0.17578125 0.0771484375
0 0.55615234375 0.8115234375 0.0302734375 0.0244140625
0 0.55419921875 0.8369140625 0.02587890625 0.0185546875
0 0.59130859375 0.8095703125 0.0302734375 0.0283203125
0 0.587890625 0.833984375 0.033203125 0.0244140625
0 0.8310546875 0.72509765625 0.03466796875 0.0205078125
0 0.86328125 0.72802734375 0.02587890625 0.0185546875
0 0.888671875 0.72705078125 0.01953125 0.0244140625
0 0.91455078125 0.72900390625 0.02880859375 0.0205078125
0 0.943359375 0.72802734375 0.01953125 0.0224609375
0 0.9833984375 0.72607421875 0.033203125 0.0224609375