0 0.08056640625 0.1484375 0.0732421875 0.06298828125
0 0.00830078125 0.16162109375 0.0166015625 0.0458984375
0 0.02978515625 0.173828125 0.03125 0.04736328125
0 0.056640625 0.17724609375 0.02490234375 0.04345703125
0 0.0888671875 0.18603515625 0.04296875 0.04345703125
0 0.08935546875 0.228515625 0.01806640625 0.03857421875
0 0.0341796875 0.46923828125 0.068359375 0.080078125
0 0.01220703125 0.53759765625 0.01806640625 0.048828125
0 0.03076171875 0.54541015625 0.01708984375 0.04736328125
0 0.04150390625 0.6220703125 0.033203125 0.08544921875
0 0.25244140625 0.46533203125 0.080078125 0.0751953125
0 0.34912109375 0.46533203125 0.111328125 0.08544921875
0 0.32421875 0.14306640625 0.04296875 0.03857421875
0 0.37451171875 0.1416015625 0.05029296875 0.03857421875
0 0.28125 0.2314453125 0.029296875 0.02978515625
0 0.318359375 0.1826171875 0.02294921875 0.033203125
0 0.35205078125 0.1796875 0.046875 0.03466796875
0 0.38916015625 0.17529296875 0.02490234375 0.03662109375
0 0.32373046875 0.2216796875 0.0302734375 0.0419921875
0 0.3583984375 0.21923828125 0.0390625 0.0400390625
0 0.4921875 0.47216796875 0.154296875 0.08544921875
0 0.45751953125 0.5634765625 0.11328125 0.080078125
0 0.64794921875 0.4931640625 0.13720703125 0.08544921875
0 0.57958984375 0.56298828125 0.109375 0.09228515625
0 0.70166015625 0.57958984375 0.1171875 0.06298828125
0 0.8203125 0.59326171875 0.10107421875 0.06982421875
0 0.7900390625 0.16650390625 0.08935546875 0.03662109375
0 0.75634765625 0.1953125 0.02197265625 0.02783203125
0 0.7744140625 0.19873046875 0.02197265625 0.03125
0 0.79345703125 0.1982421875 0.02197265625 0.02978515625
0 0.81787109375 0.20068359375 0.0380859375 0.03466796875
0 0.75830078125 0.2275390625 0.02392578125 0.033203125
0 0.7890625 0.23486328125 0.03125 0.03662109375
0 0.81982421875 0.23486328125 0.02783203125 0.02978515625
0 0.74560546875 0.32275390625 0.02197265625 0.0556640625
0 0.6455078125 0.33837890625 0.02587890625 0.06982421875
0 0.6630859375 0.3369140625 0.01416015625 0.06298828125
0 0.49951171875 0.17626953125 0.109375 0.05224609375
0 0.45751953125 0.2138671875 0.02490234375 0.0400390625
0 0.47998046875 0.21826171875 0.02587890625 0.0419921875
0 0.50341796875 0.21728515625 0.02099609375 0.03662109375
0 0.5341796875 0.220703125 0.0419921875 0.03662109375
0 0.46240234375 0.255859375 0.03125 0.04345703125
0 0.4990234375 0.26416015625 0.0380859375 0.04736328125
0 0.53466796875 0.26513671875 0.03125 0.03857421875
0 0.95263671875 0.2802734375 0.029296875 0.02978515625
0 0.78955078125 0.3505859375 0.02197265625 0.03857421875