0 0.21484375 0.07421875 0.4296875 0.1484375
0 0.16650390625 0.3916015625 0.07958984375 0.083984375
0 0.27880859375 0.39306640625 0.1220703125 0.091796875
0 0.1787109375 0.5263671875 0.107421875 0.107421875
0 0.29150390625 0.51611328125 0.103515625 0.123046875
0 0.1416015625 0.6484375 0.037109375 0.0732421875
0 0.193359375 0.66015625 0.0517578125 0.07080078125
0 0.25537109375 0.6533203125 0.06103515625 0.07861328125
0 0.3212890625 0.6484375 0.05908203125 0.06787109375
0 0.5966796875 0.77734375 0.07763671875 0.060546875
0 0.693359375 0.7626953125 0.10498046875 0.0693359375
0 0.79931640625 0.765625 0.09326171875 0.06640625
0 0.6171875 0.90966796875 0.15625 0.1806640625
0 0.7607421875 0.90869140625 0.166015625 0.1826171875