0 0.05810546875 0.046875 0.0986328125 0.04150390625
0 0.14599609375 0.0380859375 0.06494140625 0.05126953125
0 0.20751953125 0.0341796875 0.04443359375 0.0458984375
0 0.26171875 0.03515625 0.05224609375 0.0458984375
0 0.0146484375 0.3076171875 0.029296875 0.033203125
0 0.0478515625 0.3720703125 0.09521484375 0.03857421875
0 0.12548828125 0.375 0.05078125 0.0439453125
0 0.1787109375 0.3681640625 0.0537109375 0.044921875
0 0.24609375 0.37060546875 0.07177734375 0.0498046875
0 0.3125 0.3662109375 0.05615234375 0.03857421875
0 0.03369140625 0.4287109375 0.0673828125 0.033203125
0 0.142578125 0.42626953125 0.1416015625 0.0341796875
0 0.24267578125 0.42724609375 0.0537109375 0.03857421875
0 0.29345703125 0.42431640625 0.0400390625 0.0322265625
0 0.0244140625 0.50537109375 0.02490234375 0.0283203125
0 0.05810546875 0.50439453125 0.0390625 0.0322265625
0 0.08251953125 0.50927734375 0.0087890625 0.02490234375
0 0.11962890625 0.5087890625 0.04833984375 0.03662109375
0 0.16455078125 0.50927734375 0.0380859375 0.02490234375
0 0.1953125 0.50341796875 0.02587890625 0.03662109375
0 0.224609375 0.50390625 0.03515625 0.03125
0 0.26318359375 0.50634765625 0.02587890625 0.02685546875
0 0.2890625 0.5029296875 0.0283203125 0.033203125
0 0.3203125 0.50537109375 0.03271484375 0.04052734375
0 0.65625 0.46240234375 0.03173828125 0.0400390625
0 0.70263671875 0.455078125 0.0673828125 0.044921875
0 0.67138671875 0.51123046875 0.0771484375 0.04736328125
0 0.90576171875 0.3837890625 0.095703125 0.0625
0 0.978515625 0.35693359375 0.04296875 0.0595703125
0 0.142578125 0.67333984375 0.15478515625 0.078125
0 0.3076171875 0.67822265625 0.1650390625 0.091796875
0 0.435546875 0.6748046875 0.087890625 0.078125
0 0.12744140625 0.783203125 0.05810546875 0.06494140625
0 0.33154296875 0.7783203125 0.05322265625 0.0517578125
0 0.13427734375 0.90234375 0.12158203125 0.07666015625
0 0.1376953125 0.9619140625 0.18359375 0.076171875
0 0.4833984375 0.76806640625 0.0078125 0.0634765625
0 0.51513671875 0.77197265625 0.03759765625 0.06201171875
0 0.5908203125 0.7880859375 0.0986328125 0.056640625
0 0.65771484375 0.7890625 0.0185546875 0.04541015625
0 0.70361328125 0.783203125 0.05810546875 0.06689453125
0 0.75537109375 0.7919921875 0.033203125 0.05322265625
0 0.81787109375 0.79248046875 0.08544921875 0.05908203125
0 0.8955078125 0.7939453125 0.05078125 0.06005859375
0 0.9453125 0.7978515625 0.037109375 0.056640625
0 0.98486328125 0.80712890625 0.0302734375 0.0654296875
0 0.50927734375 0.94677734375 0.02685546875 0.07421875
0 0.55419921875 0.94873046875 0.05078125 0.0732421875
0 0.609375 0.95068359375 0.044921875 0.0732421875
0 0.67138671875 0.95263671875 0.06494140625 0.07421875
0 0.74609375 0.9521484375 0.072265625 0.08447265625
0 0.80859375 0.9609375 0.0390625 0.078125
0 0.8466796875 0.951171875 0.0283203125 0.08544921875
0 0.89306640625 0.9501953125 0.05126953125 0.09228515625
0 0.94873046875 0.95703125 0.0498046875 0.0859375
0 0.98876953125 0.9521484375 0.0224609375 0.095703125