0 0.05224609375 0.0556640625 0.08935546875 0.05615234375
0 0.13916015625 0.05712890625 0.06494140625 0.0537109375
0 0.21630859375 0.05419921875 0.04345703125 0.06201171875
0 0.275390625 0.06201171875 0.06396484375 0.044921875
0 0.3583984375 0.056640625 0.08984375 0.05908203125
0 0.443359375 0.05615234375 0.06689453125 0.0556640625
0 0.0791015625 0.1103515625 0.04541015625 0.04052734375
0 0.14892578125 0.11328125 0.05908203125 0.0380859375
0 0.234375 0.1171875 0.07763671875 0.02880859375
0 0.35595703125 0.34521484375 0.0126953125 0.0107421875
0 0.3662109375 0.34521484375 0.0087890625 0.009765625
0 0.376953125 0.3447265625 0.01123046875 0.0087890625
0 0.3876953125 0.3447265625 0.00927734375 0.0087890625
0 0.3447265625 0.35546875 0.00537109375 0.01025390625
0 0.3525390625 0.35546875 0.0087890625 0.009765625
0 0.36328125 0.3564453125 0.01171875 0.01025390625
0 0.37548828125 0.35546875 0.01220703125 0.0087890625
0 0.38720703125 0.35546875 0.01123046875 0.00830078125
0 0.40576171875 0.3564453125 0.00390625 0.0087890625
0 0.4091796875 0.35595703125 0.0029296875 0.0078125
0 0.255859375 0.388671875 0.0068359375 0.0078125
0 0.2626953125 0.38916015625 0.0068359375 0.0068359375
0 0.26904296875 0.38916015625 0.0068359375 0.00732421875
0 0.27392578125 0.388671875 0.00439453125 0.0078125
0 0.27880859375 0.388671875 0.005859375 0.00732421875
0 0.6005859375 0.1826171875 0.142578125 0.125
0 0.71875 0.20166015625 0.080078125 0.0888671875
0 0.8408203125 0.2080078125 0.16015625 0.0888671875
0 0.62841796875 0.341796875 0.1982421875 0.09765625
0 0.7998046875 0.3466796875 0.14111328125 0.1318359375
0 0.93603515625 0.35205078125 0.126953125 0.0908203125
0 0.0146484375 0.7998046875 0.029296875 0.091796875
0 0.13232421875 0.79833984375 0.21484375 0.09814453125
0 0.10107421875 0.90185546875 0.2021484375 0.1005859375
0 0.07861328125 0.978515625 0.1357421875 0.04296875
0 0.15234375 0.98095703125 0.0234375 0.0380859375
0 0.2724609375 0.88916015625 0.11767578125 0.0634765625
0 0.3642578125 0.88671875 0.07861328125 0.06494140625
0 0.427734375 0.89599609375 0.05615234375 0.046875
0 0.22900390625 0.96435546875 0.06884765625 0.06982421875
0 0.287109375 0.9619140625 0.0498046875 0.07177734375
0 0.318359375 0.9765625 0.009765625 0.04150390625
0 0.3994140625 0.96240234375 0.02880859375 0.06982421875
0 0.453125 0.96435546875 0.046875 0.0712890625
0 0.5107421875 0.96923828125 0.037109375 0.0615234375
0 0.4931640625 0.8759765625 0.048828125 0.06689453125
0 0.85302734375 0.60498046875 0.0673828125 0.0107421875
0 0.8056640625 0.63037109375 0.02734375 0.02099609375
0 0.833984375 0.630859375 0.02978515625 0.01904296875
0 0.86865234375 0.62939453125 0.04052734375 0.02001953125
0 0.90283203125 0.6259765625 0.03173828125 0.01806640625
0 0.8369140625 0.76611328125 0.326171875 0.1650390625
0 0.73828125 0.935546875 0.09375 0.06298828125
0 0.8193359375 0.919921875 0.05908203125 0.05322265625
0 0.8720703125 0.9091796875 0.04443359375 0.04931640625
0 0.94189453125 0.90234375 0.08203125 0.05224609375
0 0.9921875 0.88427734375 0.015625 0.0400390625
0 0.81982421875 0.978515625 0.0556640625 0.04296875
0 0.88232421875 0.9658203125 0.0751953125 0.068359375
0 0.95751953125 0.9521484375 0.06689453125 0.046875