0 0.52099609375 0.02392578125 0.0732421875 0.0478515625
0 0.5966796875 0.02880859375 0.072265625 0.0576171875
0 0.66455078125 0.04248046875 0.04345703125 0.0615234375
0 0.529296875 0.11962890625 0.09326171875 0.07421875
0 0.6220703125 0.12890625 0.08154296875 0.08642578125
0 0.69189453125 0.142578125 0.0517578125 0.05859375
0 0.7509765625 0.14111328125 0.05322265625 0.07421875
0 0.83056640625 0.14892578125 0.1015625 0.0771484375
0 0.54443359375 0.1982421875 0.12353515625 0.07080078125
0 0.64306640625 0.20458984375 0.06689453125 0.06494140625
0 0.7138671875 0.2109375 0.07177734375 0.06494140625
0 0.77880859375 0.232421875 0.04150390625 0.05859375
0 0.529296875 0.27197265625 0.08984375 0.0146484375
0 0.04443359375 0.4326171875 0.0888671875 0.158203125
0 0.15869140625 0.44189453125 0.1005859375 0.15380859375
0 0.27880859375 0.4453125 0.1416015625 0.185546875
0 0.041015625 0.5830078125 0.08203125 0.130859375
0 0.2060546875 0.60009765625 0.1640625 0.12109375
0 0.0732421875 0.7275390625 0.146484375 0.134765625
0 0.56787109375 0.46240234375 0.1650390625 0.12744140625
0 0.49365234375 0.60888671875 0.068359375 0.138671875
0 0.61328125 0.58056640625 0.11669921875 0.15478515625
0 0.943359375 0.8359375 0.11328125 0.12890625
0 0.904296875 0.9345703125 0.06640625 0.130859375
0 0.98046875 0.9482421875 0.0390625 0.103515625
0 0.751953125 0.962890625 0.0546875 0.07421875