0 0.23974609375 0.22314453125 0.2138671875 0.24560546875
0 0.40087890625 0.22900390625 0.11083984375 0.21240234375
0 0.5341796875 0.2353515625 0.140625 0.20849609375
0 0.25634765625 0.49365234375 0.2314453125 0.30810546875
0 0.68994140625 0.53955078125 0.5576171875 0.27099609375
0 0.203125 0.703125 0.1279296875 0.05224609375
0 0.29541015625 0.703125 0.05615234375 0.05224609375
0 0.3583984375 0.705078125 0.06396484375 0.05615234375
0 0.4404296875 0.71240234375 0.08447265625 0.05810546875
0 0.51171875 0.70849609375 0.0517578125 0.0498046875
0 0.60009765625 0.71240234375 0.0810546875 0.05419921875
0 0.75244140625 0.7158203125 0.0576171875 0.05224609375