0 0.21142578125 0.15234375 0.4169921875 0.3046875
0 0.06787109375 0.35498046875 0.1181640625 0.099609375
0 0.208984375 0.36474609375 0.14404296875 0.09716796875
0 0.06787109375 0.49072265625 0.1181640625 0.0830078125
0 0.169921875 0.50146484375 0.05810546875 0.099609375
0 0.28076171875 0.49755859375 0.14404296875 0.09130859375
0 0.0439453125 0.6220703125 0.06201171875 0.0859375
0 0.126953125 0.625 0.087890625 0.08056640625
0 0.2060546875 0.63037109375 0.0498046875 0.09716796875
0 0.29052734375 0.7236328125 0.0283203125 0.01171875
0 0.42626953125 0.18115234375 0.0126953125 0.0166015625
0 0.47216796875 0.17822265625 0.06689453125 0.02001953125
0 0.53955078125 0.1767578125 0.05517578125 0.0205078125
0 0.60546875 0.17529296875 0.07373046875 0.02099609375
0 0.42578125 0.20947265625 0.01171875 0.0166015625
0 0.46826171875 0.208984375 0.0595703125 0.02490234375
0 0.54541015625 0.20654296875 0.05224609375 0.02294921875
0 0.6044921875 0.2041015625 0.05078125 0.02099609375
0 0.43701171875 0.24609375 0.0341796875 0.033203125
0 0.4970703125 0.2412109375 0.0791015625 0.04052734375
0 0.5625 0.248046875 0.04150390625 0.02783203125
0 0.62158203125 0.24658203125 0.06982421875 0.02880859375
0 0.42529296875 0.28173828125 0.0107421875 0.0126953125
0 0.439453125 0.28173828125 0.017578125 0.01220703125
0 0.46240234375 0.28076171875 0.025390625 0.01416015625
0 0.4912109375 0.28271484375 0.03173828125 0.01708984375
0 0.5234375 0.28125 0.03076171875 0.01318359375
0 0.5546875 0.28076171875 0.0322265625 0.013671875
0 0.5927734375 0.27978515625 0.04443359375 0.0126953125
0 0.6376953125 0.28173828125 0.03955078125 0.01611328125
0 0.0234375 0.84716796875 0.03759765625 0.04296875
0 0.06005859375 0.8486328125 0.04443359375 0.0595703125
0 0.357421875 0.8447265625 0.125 0.15234375
0 0.28662109375 0.8720703125 0.02685546875 0.09326171875
0 0.2978515625 0.95166015625 0.048828125 0.06640625
0 0.6025390625 0.7392578125 0.0859375 0.01953125
0 0.67919921875 0.75048828125 0.05908203125 0.03857421875
0 0.71923828125 0.8447265625 0.0458984375 0.029296875
0 0.63525390625 0.794921875 0.2353515625 0.130859375
0 0.55078125 0.82275390625 0.01611328125 0.02197265625
0 0.59716796875 0.83935546875 0.07666015625 0.05224609375
0 0.64599609375 0.8642578125 0.01806640625 0.02197265625
0 0.669921875 0.873046875 0.01318359375 0.02392578125
0 0.71337890625 0.8857421875 0.06396484375 0.052734375
0 0.81396484375 0.828125 0.02734375 0.01708984375
0 0.79443359375 0.8310546875 0.02783203125 0.01806640625
0 0.8369140625 0.8505859375 0.0107421875 0.0087890625
0 0.814453125 0.8505859375 0.05029296875 0.03173828125
0 0.79150390625 0.849609375 0.02392578125 0.015625
0 0.82177734375 0.86328125 0.02392578125 0.013671875
0 0.79541015625 0.8583984375 0.01904296875 0.013671875
0 0.83251953125 0.87646484375 0.0146484375 0.01171875
0 0.787109375 0.8857421875 0.03125 0.0185546875
0 0.8173828125 0.8974609375 0.02392578125 0.01806640625
0 0.78173828125 0.89599609375 0.021484375 0.013671875
0 0.8037109375 0.90576171875 0.0205078125 0.01416015625
0 0.826171875 0.91552734375 0.02294921875 0.01416015625
0 0.78466796875 0.9033203125 0.02001953125 0.01513671875
0 0.81591796875 0.91845703125 0.04345703125 0.025390625
0 0.77587890625 0.90625 0.009765625 0.00732421875
0 0.78662109375 0.91162109375 0.01171875 0.00927734375
0 0.79736328125 0.9169921875 0.01025390625 0.0087890625
0 0.80908203125 0.92236328125 0.01171875 0.009765625
0 0.81884765625 0.92724609375 0.00634765625 0.0068359375
0 0.82958984375 0.931640625 0.01220703125 0.009765625
0 0.77392578125 0.9111328125 0.013671875 0.009765625
0 0.78857421875 0.91845703125 0.01416015625 0.0107421875
0 0.80810546875 0.92822265625 0.025390625 0.01513671875
0 0.8291015625 0.9375 0.01513671875 0.0107421875
0 0.875 0.9052734375 0.05859375 0.03271484375
0 0.931640625 0.90478515625 0.02197265625 0.01708984375
0 0.84619140625 0.9287109375 0.00830078125 0.01123046875
0 0.880859375 0.94091796875 0.02734375 0.0126953125
0 0.859375 0.94677734375 0.03173828125 0.0185546875
0 0.8564453125 0.95068359375 0.0361328125 0.0234375
0 0.88720703125 0.958984375 0.009765625 0.00732421875
0 0.85205078125 0.95556640625 0.01806640625 0.013671875
0 0.87353515625 0.96337890625 0.02587890625 0.00927734375
0 0.86962890625 0.96875 0.00634765625 0.00537109375
0 0.919921875 0.93310546875 0.01611328125 0.00830078125
0 0.91796875 0.94775390625 0.01171875 0.00537109375
0 0.9072265625 0.95166015625 0.01025390625 0.00537109375