0 0.24609375 0.009765625 0.111328125 0.01953125
0 0.3896484375 0.01318359375 0.154296875 0.0263671875
0 0.35498046875 0.0751953125 0.11328125 0.080078125
0 0.5380859375 0.0234375 0.123046875 0.046875
0 0.47705078125 0.07470703125 0.109375 0.09228515625
0 0.56982421875 0.0908203125 0.0595703125 0.0625
0 0.93896484375 0.19482421875 0.080078125 0.0673828125
0 0.95361328125 0.28369140625 0.0927734375 0.0751953125
0 0.990234375 0.42626953125 0.01953125 0.0751953125
0 0.0712890625 0.59228515625 0.142578125 0.1064453125
0 0.21484375 0.5810546875 0.10107421875 0.08642578125
0 0.33203125 0.587890625 0.09521484375 0.06005859375
0 0.02685546875 0.724609375 0.0537109375 0.0546875
0 0.08447265625 0.73095703125 0.04736328125 0.04345703125
0 0.14013671875 0.7216796875 0.05126953125 0.0615234375
0 0.21875 0.71923828125 0.10107421875 0.0634765625
0 0.32177734375 0.72509765625 0.09521484375 0.05517578125
0 0.41845703125 0.7177734375 0.0810546875 0.0634765625
0 0.5087890625 0.7216796875 0.0888671875 0.0517578125
0 0.5791015625 0.71826171875 0.041015625 0.0478515625
0 0.1142578125 0.7724609375 0.0576171875 0.0234375
0 0.16796875 0.7734375 0.04736328125 0.0283203125
0 0.21923828125 0.77001953125 0.04736328125 0.02490234375
0 0.2734375 0.76953125 0.05615234375 0.02685546875
0 0.3330078125 0.77001953125 0.05517578125 0.0283203125
0 0.3974609375 0.77001953125 0.06640625 0.0283203125
0 0.48046875 0.7685546875 0.09521484375 0.0283203125
0 0.02978515625 0.8095703125 0.0595703125 0.033203125
0 0.080078125 0.80859375 0.0361328125 0.03173828125
0 0.1318359375 0.80859375 0.0625 0.03173828125
0 0.1728515625 0.8076171875 0.01513671875 0.02685546875
0 0.1962890625 0.8076171875 0.0263671875 0.02685546875
0 0.2275390625 0.80517578125 0.03857421875 0.0283203125
0 0.2685546875 0.80859375 0.0439453125 0.03515625
0 0.34130859375 0.8037109375 0.02880859375 0.0283203125
0 0.404296875 0.802734375 0.09228515625 0.02685546875
0 0.4921875 0.8017578125 0.06396484375 0.0283203125
0 0.5517578125 0.7978515625 0.03515625 0.02685546875
0 0.642578125 0.49267578125 0.0234375 0.0068359375
0 0.673828125 0.49365234375 0.0390625 0.0087890625
0 0.712890625 0.4931640625 0.03515625 0.0078125
0 0.75537109375 0.49267578125 0.0517578125 0.0068359375
0 0.708984375 0.5927734375 0.115234375 0.09326171875
0 0.8818359375 0.60546875 0.20361328125 0.1083984375
0 0.88720703125 0.74755859375 0.2255859375 0.1064453125
0 0.72705078125 0.91455078125 0.111328125 0.04345703125
0 0.8857421875 0.88037109375 0.0986328125 0.05517578125
0 0.96533203125 0.88623046875 0.04736328125 0.04345703125
0 0.98291015625 0.927734375 0.0341796875 0.0234375
0 0.84619140625 0.95947265625 0.02490234375 0.033203125
0 0.869140625 0.9619140625 0.02001953125 0.02490234375
0 0.91064453125 0.96484375 0.06103515625 0.033203125
0 0.9609375 0.9638671875 0.0361328125 0.03173828125
0 0.99072265625 0.96337890625 0.0185546875 0.0322265625