0 0.4130859375 0.06201171875 0.15087890625 0.08740234375
0 0.3271484375 0.1953125 0.08642578125 0.12109375
0 0.42626953125 0.1806640625 0.080078125 0.12744140625
0 0.51171875 0.1904296875 0.0595703125 0.095703125
0 0.07568359375 0.45556640625 0.1162109375 0.1728515625
0 0.19677734375 0.45654296875 0.1005859375 0.1748046875
0 0.32275390625 0.45751953125 0.1123046875 0.1767578125
0 0.09423828125 0.681640625 0.1884765625 0.11328125
0 0.8125 0.455078125 0.0341796875 0.01611328125
0 0.86865234375 0.45166015625 0.06689453125 0.02001953125
0 0.93603515625 0.4501953125 0.05517578125 0.0205078125
0 0.982421875 0.4482421875 0.03515625 0.021484375
0 0.81298828125 0.4833984375 0.03125 0.0166015625
0 0.86474609375 0.482421875 0.0595703125 0.02490234375
0 0.94189453125 0.47998046875 0.05224609375 0.02294921875
0 0.98779296875 0.47705078125 0.0244140625 0.0205078125
0 0.81689453125 0.51953125 0.068359375 0.033203125
0 0.8935546875 0.5146484375 0.0791015625 0.04052734375
0 0.958984375 0.521484375 0.04150390625 0.02783203125
0 0.9912109375 0.51953125 0.017578125 0.029296875
0 0.80712890625 0.5556640625 0.0400390625 0.01318359375
0 0.8359375 0.55517578125 0.017578125 0.01220703125
0 0.85888671875 0.55419921875 0.025390625 0.01416015625
0 0.8876953125 0.55615234375 0.03173828125 0.01708984375
0 0.919921875 0.5546875 0.03076171875 0.01318359375
0 0.951171875 0.55419921875 0.0322265625 0.013671875
0 0.9833984375 0.55322265625 0.033203125 0.0126953125