0 0.21484375 0.205078125 0.07568359375 0.04931640625
0 0.42724609375 0.25341796875 0.0712890625 0.0556640625
0 0.52294921875 0.2587890625 0.09423828125 0.0537109375
0 0.60205078125 0.26171875 0.0498046875 0.05126953125
0 0.42138671875 0.31201171875 0.123046875 0.0537109375
0 0.5234375 0.31982421875 0.0615234375 0.03857421875
0 0.60986328125 0.3173828125 0.09423828125 0.05126953125
0 0.337890625 0.3701171875 0.0498046875 0.041015625
0 0.3994140625 0.3701171875 0.064453125 0.044921875
0 0.4619140625 0.369140625 0.052734375 0.04296875
0 0.52490234375 0.37451171875 0.0673828125 0.03662109375
0 0.58642578125 0.37353515625 0.04150390625 0.04296875
0 0.6220703125 0.3818359375 0.021484375 0.0302734375
0 0.67431640625 0.3828125 0.05126953125 0.02783203125
0 0.78076171875 0.22216796875 0.03271484375 0.0234375
0 0.8076171875 0.22412109375 0.0244140625 0.01953125
0 0.79296875 0.24267578125 0.05126953125 0.0302734375
0 0.505859375 0.4990234375 0.02587890625 0.0234375
0 0.259765625 0.54736328125 0.01416015625 0.01708984375
0 0.2744140625 0.54833984375 0.01708984375 0.01953125
0 0.21337890625 0.6845703125 0.0185546875 0.01708984375