0 0.1103515625 0.2177734375 0.041015625 0.09130859375
0 0.1552734375 0.22021484375 0.037109375 0.0859375
0 0.25 0.21240234375 0.09765625 0.11279296875
0 0.3330078125 0.193359375 0.056640625 0.0751953125
0 0.408203125 0.18017578125 0.046875 0.08056640625
0 0.0205078125 0.45751953125 0.041015625 0.1845703125
0 0.0947265625 0.43603515625 0.087890625 0.2275390625
0 0.220703125 0.462890625 0.14453125 0.173828125
0 0.4609375 0.06787109375 0.0234375 0.0361328125
0 0.50830078125 0.068359375 0.05712890625 0.033203125
0 0.5830078125 0.06787109375 0.083984375 0.03466796875
0 0.66455078125 0.0625 0.06298828125 0.02685546875
0 0.74072265625 0.06494140625 0.07275390625 0.037109375
0 0.8134765625 0.056640625 0.05859375 0.03564453125
0 0.8916015625 0.0615234375 0.0810546875 0.037109375
0 0.97021484375 0.05712890625 0.0595703125 0.0322265625
0 0.47802734375 0.13671875 0.0224609375 0.02685546875
0 0.5263671875 0.134765625 0.05712890625 0.02294921875
0 0.5927734375 0.13818359375 0.064453125 0.029296875
0 0.75048828125 0.13525390625 0.05029296875 0.0244140625
0 0.8720703125 0.13671875 0.17578125 0.02685546875
0 0.06640625 0.60107421875 0.1328125 0.0751953125
0 0.19287109375 0.61279296875 0.08349609375 0.06201171875
0 0.30322265625 0.62060546875 0.11376953125 0.0732421875
0 0.40576171875 0.6162109375 0.0634765625 0.06005859375
0 0.0126953125 0.7314453125 0.025390625 0.11328125
0 0.05322265625 0.72265625 0.0498046875 0.099609375
0 0.126953125 0.716796875 0.087890625 0.115234375
0 0.201171875 0.716796875 0.0517578125 0.11962890625
0 0.24267578125 0.72802734375 0.02294921875 0.10205078125
0 0.3115234375 0.71826171875 0.10595703125 0.1220703125
0 0.4111328125 0.7392578125 0.076171875 0.115234375
0 0.51904296875 0.6416015625 0.1396484375 0.158203125
0 0.65869140625 0.65087890625 0.1005859375 0.15380859375
0 0.78125 0.65478515625 0.146484375 0.18505859375
0 0.515625 0.7919921875 0.1328125 0.130859375
0 0.7060546875 0.80908203125 0.1640625 0.12109375
0 0.5478515625 0.9345703125 0.197265625 0.130859375