0 0.0595703125 0.021484375 0.119140625 0.04296875
0 0.16259765625 0.0224609375 0.07763671875 0.03759765625
0 0.2392578125 0.021484375 0.06201171875 0.03759765625
0 0.30224609375 0.01953125 0.05224609375 0.03759765625
0 0.00732421875 0.06787109375 0.0146484375 0.0302734375
0 0.0234375 0.06494140625 0.0126953125 0.0263671875
0 0.0595703125 0.06689453125 0.05322265625 0.029296875
0 0.0947265625 0.0634765625 0.0126953125 0.02294921875
0 0.125 0.0634765625 0.0400390625 0.02294921875
0 0.16943359375 0.0625 0.0439453125 0.02294921875
0 0.00537109375 0.24169921875 0.0107421875 0.0126953125
0 0.00537109375 0.2509765625 0.0107421875 0.013671875
0 0.0888671875 0.232421875 0.01953125 0.0283203125
0 0.1005859375 0.228515625 0.0126953125 0.01171875
0 0.1025390625 0.23876953125 0.01171875 0.00927734375
0 0.1396484375 0.21484375 0.01025390625 0.01171875
0 0.0771484375 0.25830078125 0.01171875 0.0029296875
0 0.0888671875 0.2568359375 0.013671875 0.005859375
0 0.10546875 0.2578125 0.01953125 0.00390625
0 0.18408203125 0.25 0.0205078125 0.01953125
0 0.19970703125 0.25146484375 0.0146484375 0.01171875
0 0.20068359375 0.2578125 0.0126953125 0.00390625
0 0.23046875 0.232421875 0.00927734375 0.00927734375
0 0.2783203125 0.24267578125 0.02001953125 0.02490234375
0 0.29296875 0.2373046875 0.0146484375 0.0126953125
0 0.29541015625 0.24853515625 0.0146484375 0.01171875
0 0.37890625 0.2412109375 0.021484375 0.0283203125
0 0.39404296875 0.23779296875 0.0166015625 0.013671875
0 0.39501953125 0.24853515625 0.01318359375 0.01171875
0 0.42822265625 0.21875 0.009765625 0.01025390625
0 0.4931640625 0.2216796875 0.02392578125 0.02734375
0 0.50537109375 0.2177734375 0.0087890625 0.01171875
0 0.50634765625 0.2275390625 0.0068359375 0.009765625
0 0.712890625 0.23779296875 0.06982421875 0.041015625
0 0.17041015625 0.287109375 0.3388671875 0.0546875
0 0.02490234375 0.365234375 0.0498046875 0.091796875
0 0.15380859375 0.31884765625 0.20166015625 0.10791015625
0 0.146484375 0.3857421875 0.2626953125 0.1201171875
0 0.203125 0.4169921875 0.11572265625 0.06396484375
0 0.12255859375 0.54541015625 0.09228515625 0.0390625
0 0.033203125 0.59130859375 0.06640625 0.1591796875
0 0.26220703125 0.6611328125 0.359375 0.20166015625
0 0.0263671875 0.7119140625 0.052734375 0.095703125
0 0.1171875 0.7236328125 0.07177734375 0.07958984375
0 0.16552734375 0.73974609375 0.0498046875 0.06884765625
0 0.2177734375 0.7431640625 0.0517578125 0.07177734375
0 0.29345703125 0.7587890625 0.0908203125 0.0625
0 0.384765625 0.7763671875 0.07958984375 0.0703125
0 0.12158203125 0.79150390625 0.2431640625 0.0732421875
0 0.02490234375 0.8251953125 0.0498046875 0.046875
0 0.09130859375 0.8359375 0.07666015625 0.0517578125
0 0.5322265625 0.38525390625 0.044921875 0.0498046875
0 0.57421875 0.3837890625 0.0390625 0.046875
0 0.6083984375 0.38525390625 0.029296875 0.0498046875
0 0.6416015625 0.38671875 0.037109375 0.046875
0 0.6865234375 0.3896484375 0.048828125 0.046875
0 0.7412109375 0.39111328125 0.060546875 0.0615234375
0 0.79296875 0.39111328125 0.04296875 0.0498046875
0 0.5263671875 0.4423828125 0.033203125 0.052734375
0 0.5693359375 0.4453125 0.048828125 0.052734375
0 0.61328125 0.4482421875 0.0390625 0.052734375
0 0.65625 0.4541015625 0.05078125 0.05859375
0 0.708984375 0.451171875 0.046875 0.052734375
0 0.7587890625 0.45263671875 0.052734375 0.0556640625
0 0.8037109375 0.4541015625 0.037109375 0.052734375
0 0.5224609375 0.8935546875 0.025390625 0.0859375
0 0.572265625 0.89404296875 0.06640625 0.07958984375
0 0.6376953125 0.904296875 0.060546875 0.08251953125
0 0.68359375 0.90869140625 0.03515625 0.06787109375
0 0.7275390625 0.91455078125 0.052734375 0.07958984375