0 0.166015625 0.0263671875 0.18359375 0.052734375
0 0.3984375 0.0185546875 0.083984375 0.037109375
0 0.18115234375 0.177734375 0.19384765625 0.13671875
0 0.37109375 0.1953125 0.1689453125 0.158203125
0 0.48095703125 0.20166015625 0.0380859375 0.1611328125
0 0.177734375 0.373046875 0.1123046875 0.09326171875
0 0.30224609375 0.37841796875 0.12890625 0.08154296875
0 0.427734375 0.3720703125 0.115234375 0.08154296875
0 0.4931640625 0.38134765625 0.013671875 0.0966796875
0 0.1376953125 0.513671875 0.072265625 0.06494140625
0 0.28857421875 0.5126953125 0.228515625 0.06982421875
0 0.93896484375 0.1435546875 0.08837890625 0.0634765625
0 0.85693359375 0.22021484375 0.14599609375 0.111328125
0 0.96875 0.228515625 0.0625 0.0390625
0 0.826171875 0.29736328125 0.08984375 0.04248046875
0 0.8955078125 0.29541015625 0.04736328125 0.0458984375
0 0.9423828125 0.30615234375 0.0458984375 0.04248046875
0 0.98193359375 0.29833984375 0.03076171875 0.04052734375
0 0.64404296875 0.28515625 0.0693359375 0.0390625
0 0.708984375 0.2822265625 0.05322265625 0.04443359375
0 0.8271484375 0.43701171875 0.04931640625 0.04931640625
0 0.56591796875 0.58984375 0.0927734375 0.021484375
0 0.65234375 0.59228515625 0.080078125 0.0263671875
0 0.5771484375 0.6123046875 0.1044921875 0.02685546875
0 0.5224609375 0.7548828125 0.044921875 0.0703125
0 0.603515625 0.7578125 0.11279296875 0.05224609375
0 0.5341796875 0.82470703125 0.068359375 0.0322265625