0 0.23095703125 0.0986328125 0.087890625 0.0625
0 0.30810546875 0.10986328125 0.07275390625 0.0625
0 0.69775390625 0.10302734375 0.05078125 0.0400390625
0 0.74853515625 0.10205078125 0.05078125 0.04443359375
0 0.69287109375 0.146484375 0.0498046875 0.03564453125
0 0.7490234375 0.14794921875 0.056640625 0.04443359375
0 0.662109375 0.18701171875 0.04345703125 0.03857421875
0 0.71044921875 0.18603515625 0.048828125 0.04296875
0 0.77099609375 0.1884765625 0.06494140625 0.03857421875
0 0.9111328125 0.10595703125 0.0703125 0.04296875
0 0.9736328125 0.1044921875 0.052734375 0.041015625
0 0.90869140625 0.146484375 0.0673828125 0.03857421875
0 0.97314453125 0.1474609375 0.0537109375 0.041015625
0 0.8876953125 0.1904296875 0.0498046875 0.0400390625
0 0.93359375 0.1904296875 0.03466796875 0.04296875
0 0.97607421875 0.189453125 0.0478515625 0.044921875
0 0.89111328125 0.22998046875 0.03466796875 0.05029296875
0 0.935546875 0.2373046875 0.0498046875 0.04736328125
0 0.97998046875 0.2314453125 0.0400390625 0.048828125
0 0.1123046875 0.60107421875 0.126953125 0.11083984375
0 0.29443359375 0.572265625 0.20947265625 0.12890625
0 0.505859375 0.56884765625 0.1875 0.1201171875
0 0.2177734375 0.6796875 0.07373046875 0.05419921875
0 0.330078125 0.6552734375 0.12744140625 0.06640625
0 0.43896484375 0.65234375 0.07666015625 0.046875
0 0.0537109375 0.74658203125 0.107421875 0.0498046875
0 0.14306640625 0.73681640625 0.0556640625 0.048828125
0 0.1953125 0.73046875 0.03173828125 0.0478515625
0 0.2451171875 0.72802734375 0.0576171875 0.0458984375
0 0.3095703125 0.7294921875 0.06201171875 0.0458984375
0 0.39697265625 0.71142578125 0.0986328125 0.05908203125
0 0.474609375 0.708984375 0.05126953125 0.05859375
0 0.55419921875 0.70361328125 0.0908203125 0.0478515625
0 0.568359375 0.7392578125 0.0625 0.029296875
0 0.02099609375 0.82958984375 0.0419921875 0.0302734375
0 0.06591796875 0.8330078125 0.04345703125 0.029296875
0 0.1123046875 0.8271484375 0.04248046875 0.02734375
0 0.14794921875 0.8232421875 0.01416015625 0.0302734375
0 0.18115234375 0.81689453125 0.0400390625 0.03125
0 0.234375 0.8173828125 0.0537109375 0.0361328125
0 0.78759765625 0.39892578125 0.0947265625 0.0185546875
0 0.90771484375 0.400390625 0.1220703125 0.021484375
0 0.61767578125 0.4462890625 0.0361328125 0.044921875
0 0.68603515625 0.44580078125 0.08642578125 0.03173828125
0 0.76904296875 0.4482421875 0.0634765625 0.037109375
0 0.85986328125 0.4482421875 0.09814453125 0.03173828125
0 0.607421875 0.59228515625 0.015625 0.0341796875
0 0.6767578125 0.59228515625 0.0517578125 0.044921875
0 0.74072265625 0.58984375 0.06982421875 0.044921875
0 0.80810546875 0.59130859375 0.05517578125 0.037109375
0 0.86572265625 0.59521484375 0.0498046875 0.044921875
0 0.6083984375 0.63232421875 0.01513671875 0.02392578125
0 0.66748046875 0.63330078125 0.033203125 0.02099609375
0 0.6015625 0.73193359375 0.00390625 0.0185546875