0 0.33203125 0.01123046875 0.029296875 0.0224609375
0 0.36962890625 0.0126953125 0.0341796875 0.025390625
0 0.41162109375 0.01318359375 0.0458984375 0.0263671875
0 0.44287109375 0.0107421875 0.0126953125 0.021484375
0 0.4658203125 0.01220703125 0.02734375 0.0244140625
0 0.22021484375 0.208984375 0.01171875 0.0146484375
0 0.23388671875 0.2080078125 0.01416015625 0.0126953125
0 0.2470703125 0.2099609375 0.01171875 0.0126953125
0 0.2587890625 0.21142578125 0.009765625 0.01171875
0 0.23388671875 0.17919921875 0.017578125 0.0263671875
0 0.24755859375 0.1767578125 0.01416015625 0.0126953125
0 0.24853515625 0.185546875 0.01318359375 0.01171875
0 0.2041015625 0.35888671875 0.01318359375 0.01025390625
0 0.26123046875 0.341796875 0.02294921875 0.03564453125
0 0.0205078125 0.14794921875 0.02734375 0.01171875
0 0.01708984375 0.34765625 0.0068359375 0.017578125
0 0.03515625 0.35205078125 0.01123046875 0.015625
0 0.12109375 0.18603515625 0.01806640625 0.02734375
0 0.13623046875 0.18505859375 0.0146484375 0.0146484375
0 0.13671875 0.1953125 0.01416015625 0.01025390625
0 0.107421875 0.212890625 0.00927734375 0.013671875
0 0.119140625 0.21484375 0.0126953125 0.013671875
0 0.13232421875 0.21630859375 0.0126953125 0.01025390625
0 0.14501953125 0.21728515625 0.01123046875 0.01025390625
0 0.16845703125 0.3291015625 0.00634765625 0.0302734375
0 0.17919921875 0.34521484375 0.01416015625 0.01025390625
0 0.18359375 0.35791015625 0.01904296875 0.01025390625
0 0.28564453125 0.28369140625 0.02294921875 0.041015625
0 0.2822265625 0.36083984375 0.01171875 0.0126953125
0 0.28125 0.37451171875 0.0126953125 0.01025390625
0 0.29736328125 0.365234375 0.0126953125 0.01025390625
0 0.23876953125 0.37158203125 0.0078125 0.01171875
0 0.35400390625 0.345703125 0.0146484375 0.03466796875
0 0.31396484375 0.1962890625 0.01953125 0.02734375
0 0.32861328125 0.19287109375 0.01416015625 0.01171875
0 0.330078125 0.2021484375 0.01416015625 0.00927734375
0 0.30419921875 0.23046875 0.00537109375 0.00927734375
0 0.31494140625 0.22802734375 0.01611328125 0.0126953125
0 0.32958984375 0.2265625 0.0126953125 0.01025390625
0 0.3388671875 0.2275390625 0.00634765625 0.00927734375
0 0.4091796875 0.1865234375 0.01904296875 0.0283203125
0 0.423828125 0.18505859375 0.01416015625 0.0126953125
0 0.4248046875 0.19482421875 0.01318359375 0.013671875
0 0.39794921875 0.21826171875 0.01025390625 0.0126953125
0 0.4111328125 0.21630859375 0.01513671875 0.0146484375
0 0.4248046875 0.21875 0.01123046875 0.01171875
0 0.43603515625 0.22119140625 0.009765625 0.013671875
0 0.38427734375 0.36083984375 0.01318359375 0.01025390625
0 0.439453125 0.34375 0.0146484375 0.0322265625
0 0.50537109375 0.025390625 0.0517578125 0.05078125
0 0.55322265625 0.02880859375 0.0380859375 0.0576171875
0 0.48486328125 0.0888671875 0.0107421875 0.05078125
0 0.513671875 0.09716796875 0.04248046875 0.04833984375
0 0.5439453125 0.09716796875 0.01513671875 0.04345703125
0 0.564453125 0.1005859375 0.02294921875 0.0361328125
0 0.48828125 0.1416015625 0.017578125 0.041015625
0 0.51513671875 0.14404296875 0.0361328125 0.0361328125
0 0.48828125 0.19482421875 0.017578125 0.0361328125
0 0.5146484375 0.1923828125 0.03173828125 0.0361328125
0 0.54345703125 0.19384765625 0.02294921875 0.03369140625
0 0.1044921875 0.63232421875 0.04736328125 0.05859375
0 0.1806640625 0.6015625 0.078125 0.09130859375
0 0.255859375 0.63232421875 0.060546875 0.05859375
0 0.11669921875 0.84375 0.2333984375 0.240234375
0 0.31494140625 0.8515625 0.1494140625 0.248046875
0 0.04345703125 0.9912109375 0.0712890625 0.017578125
0 0.4970703125 0.47412109375 0.03515625 0.0380859375
0 0.4931640625 0.52294921875 0.02734375 0.0615234375
0 0.556640625 0.52392578125 0.09912109375 0.05419921875