0 0.1474609375 0.02587890625 0.056640625 0.0517578125
0 0.24560546875 0.0263671875 0.1083984375 0.052734375
0 0.40478515625 0.02734375 0.1884765625 0.0546875
0 0.55810546875 0.02880859375 0.0947265625 0.0576171875
0 0.67822265625 0.0302734375 0.1220703125 0.060546875
0 0.79541015625 0.0322265625 0.0888671875 0.060546875
0 0.3056640625 0.10009765625 0.05517578125 0.04248046875
0 0.3740234375 0.09619140625 0.06494140625 0.044921875
0 0.45654296875 0.09521484375 0.08642578125 0.03173828125
0 0.53955078125 0.09765625 0.0634765625 0.037109375
0 0.63037109375 0.09765625 0.09814453125 0.03173828125
0 0.83203125 0.1025390625 0.015625 0.03125
0 0.240234375 0.2353515625 0.03173828125 0.0478515625
0 0.28857421875 0.2470703125 0.0615234375 0.0341796875
0 0.35400390625 0.24169921875 0.06494140625 0.0341796875
0 0.447265625 0.24169921875 0.0517578125 0.044921875
0 0.51123046875 0.2392578125 0.06982421875 0.044921875
0 0.57861328125 0.24072265625 0.05517578125 0.037109375
0 0.63623046875 0.24462890625 0.0498046875 0.044921875
0 0.3203125 0.28173828125 0.0283203125 0.02392578125
0 0.35400390625 0.2802734375 0.03173828125 0.0263671875
0 0.37890625 0.28173828125 0.01513671875 0.02392578125
0 0.43798828125 0.28271484375 0.033203125 0.02099609375
0 0.34375 0.380859375 0.0283203125 0.01611328125
0 0.3662109375 0.3818359375 0.0166015625 0.0185546875
0 0.79052734375 0.3173828125 0.03173828125 0.05810546875
0 0.7919921875 0.36767578125 0.021484375 0.052734375
0 0.79736328125 0.41650390625 0.03857421875 0.05029296875
0 0.802734375 0.470703125 0.033203125 0.05810546875
0 0.91357421875 0.423828125 0.1474609375 0.103515625
0 0.85693359375 0.52734375 0.0341796875 0.037109375
0 0.89404296875 0.53076171875 0.0380859375 0.03662109375
0 0.9267578125 0.53564453125 0.0244140625 0.03857421875
0 0.95166015625 0.5380859375 0.02392578125 0.04150390625
0 0.98193359375 0.541015625 0.0361328125 0.03515625
0 0.5615234375 0.5673828125 0.04296875 0.015625
0 0.4267578125 0.62158203125 0.09326171875 0.07421875
0 0.51953125 0.630859375 0.08154296875 0.08642578125
0 0.58935546875 0.64453125 0.0517578125 0.05859375
0 0.6484375 0.64306640625 0.05322265625 0.07421875
0 0.72802734375 0.65087890625 0.1015625 0.0771484375
0 0.44189453125 0.7001953125 0.12353515625 0.07080078125
0 0.54052734375 0.70654296875 0.06689453125 0.06494140625
0 0.611328125 0.712890625 0.07177734375 0.06494140625
0 0.67626953125 0.734375 0.04150390625 0.05859375
0 0.4267578125 0.80224609375 0.08984375 0.07080078125
0 0.51953125 0.80810546875 0.08154296875 0.08349609375
0 0.58935546875 0.8193359375 0.04833984375 0.0615234375
0 0.68359375 0.82373046875 0.12353515625 0.0771484375
0 0.43798828125 0.88232421875 0.1083984375 0.07080078125
0 0.5361328125 0.88525390625 0.07177734375 0.06494140625
0 0.599609375 0.9072265625 0.04150390625 0.06494140625
0 0.876953125 0.791015625 0.07421875 0.0625
0 0.953125 0.7646484375 0.0693359375 0.06005859375