0 0.3857421875 0.58935546875 0.0361328125 0.0400390625
0 0.42626953125 0.57666015625 0.04443359375 0.0400390625
0 0.37158203125 0.619140625 0.0361328125 0.03564453125
0 0.41845703125 0.60302734375 0.0537109375 0.0419921875
0 0.47900390625 0.5791015625 0.0205078125 0.03173828125
0 0.701171875 0.33203125 0.123046875 0.025390625
0 0.802734375 0.32421875 0.080078125 0.009765625
0 0.7080078125 0.46044921875 0.13671875 0.0478515625
0 0.8056640625 0.47705078125 0.05859375 0.0400390625
0 0.6640625 0.5068359375 0.048828125 0.025390625
0 0.7724609375 0.50830078125 0.12451171875 0.03271484375