0 0.50244140625 0.2412109375 0.0400390625 0.04052734375
0 0.4873046875 0.25341796875 0.04833984375 0.04248046875
0 0.595703125 0.25732421875 0.13525390625 0.03173828125
0 0.7509765625 0.36474609375 0.0107421875 0.00341796875
0 0.185546875 0.66357421875 0.1591796875 0.25341796875
0 0.32470703125 0.59521484375 0.13818359375 0.12060546875
0 0.255859375 0.66455078125 0.04638671875 0.04052734375
0 0.2890625 0.65185546875 0.02734375 0.0283203125
0 0.3193359375 0.6376953125 0.0361328125 0.02978515625
0 0.35400390625 0.62158203125 0.03857421875 0.03125
0 0.7685546875 0.59423828125 0.14404296875 0.12939453125
0 0.71435546875 0.703125 0.06689453125 0.15234375
0 0.80859375 0.72607421875 0.07568359375 0.14306640625
0 0.5615234375 0.80859375 0.0546875 0.25