0 0.09619140625 0.1201171875 0.1923828125 0.111328125
0 0.283203125 0.12353515625 0.1328125 0.1005859375
0 0.04541015625 0.27392578125 0.0751953125 0.03125
0 0.251953125 0.26708984375 0.03515625 0.02685546875
0 0.3095703125 0.26806640625 0.080078125 0.0283203125
0 0.5419921875 0.064453125 0.240234375 0.12890625
0 0.73779296875 0.0615234375 0.1201171875 0.123046875
0 0.47265625 0.23974609375 0.09130859375 0.10009765625
0 0.57275390625 0.2314453125 0.09375 0.11669921875
0 0.67529296875 0.21533203125 0.09619140625 0.09521484375
0 0.755859375 0.2255859375 0.072265625 0.07177734375
0 0.537109375 0.35400390625 0.115234375 0.11181640625
0 0.67626953125 0.35986328125 0.13134765625 0.09326171875
0 0.541015625 0.47509765625 0.21875 0.1083984375
0 0.1630859375 0.716796875 0.326171875 0.1328125
0 0.75244140625 0.61181640625 0.2548828125 0.1650390625
0 0.6875 0.77734375 0.625 0.27734375