0 0.51708984375 0.4794921875 0.09765625 0.048828125
0 0.4794921875 0.517578125 0.12841796875 0.04052734375
0 0.6044921875 0.51904296875 0.1083984375 0.0517578125
0 0.7109375 0.6298828125 0.08056640625 0.02587890625
0 0.716796875 0.6689453125 0.2724609375 0.03466796875
0 0.701171875 0.71044921875 0.052734375 0.02392578125
0 0.63427734375 0.73779296875 0.04638671875 0.02685546875
0 0.6923828125 0.7373046875 0.05419921875 0.02587890625
0 0.76171875 0.73681640625 0.0712890625 0.02490234375
0 0.638671875 0.77197265625 0.052734375 0.02587890625
0 0.69921875 0.77099609375 0.056640625 0.02978515625
0 0.77294921875 0.7666015625 0.08349609375 0.02880859375
0 0.6923828125 0.79833984375 0.06494140625 0.03271484375
0 0.7666015625 0.794921875 0.06494140625 0.03662109375
0 0.66552734375 0.83349609375 0.0478515625 0.02783203125
0 0.72509765625 0.83154296875 0.06591796875 0.02978515625
0 0.79638671875 0.830078125 0.0634765625 0.03076171875
0 0.759765625 0.87744140625 0.138671875 0.04248046875