0 0.0224609375 0.21826171875 0.044921875 0.0615234375
0 0.08203125 0.20654296875 0.06005859375 0.08349609375
0 0.17578125 0.2021484375 0.1123046875 0.078125
0 0.26318359375 0.21240234375 0.0517578125 0.0849609375
0 0.1845703125 0.3955078125 0.1123046875 0.15185546875
0 0.26611328125 0.3759765625 0.0458984375 0.16015625
0 0.54052734375 0.60693359375 0.1767578125 0.12255859375
0 0.5419921875 0.79638671875 0.2939453125 0.26708984375
0 0.77978515625 0.8017578125 0.2529296875 0.31201171875
0 0.49560546875 0.97509765625 0.0986328125 0.0498046875
0 0.56787109375 0.97607421875 0.0498046875 0.0478515625
0 0.623046875 0.97265625 0.048828125 0.0546875
0 0.70361328125 0.96923828125 0.0986328125 0.0615234375