0 0.14697265625 0.00390625 0.0400390625 0.0078125
0 0.17578125 0.00341796875 0.017578125 0.0068359375
0 0.1982421875 0.00341796875 0.025390625 0.0068359375
0 0.22705078125 0.00537109375 0.0322265625 0.0107421875
0 0.25927734375 0.00341796875 0.0302734375 0.0068359375
0 0.29052734375 0.00341796875 0.0322265625 0.0068359375
0 0.32861328125 0.0029296875 0.0439453125 0.005859375
0 0.37353515625 0.00439453125 0.0400390625 0.0087890625
0 0.74462890625 0.00244140625 0.0107421875 0.0048828125
0 0.7568359375 0.0029296875 0.013671875 0.005859375
0 0.732421875 0.01025390625 0.01611328125 0.01318359375
0 0.74462890625 0.01025390625 0.0087890625 0.01318359375
0 0.755859375 0.01171875 0.017578125 0.01220703125
0 0.77099609375 0.01171875 0.01416015625 0.01416015625
0 0.75146484375 0.09716796875 0.0341796875 0.015625
0 0.91162109375 0.029296875 0.0791015625 0.05859375
0 0.978515625 0.03173828125 0.04296875 0.0634765625
0 0.95166015625 0.08984375 0.0966796875 0.0546875
0 0.03857421875 0.83740234375 0.0771484375 0.0400390625
0 0.10205078125 0.8330078125 0.04248046875 0.04833984375
0 0.15087890625 0.83056640625 0.0498046875 0.0498046875
0 0.2021484375 0.82568359375 0.044921875 0.04345703125
0 0.26025390625 0.82666015625 0.06103515625 0.04833984375
0 0.345703125 0.81982421875 0.07763671875 0.03857421875
0 0.40771484375 0.81298828125 0.03857421875 0.04150390625
0 0.451171875 0.8154296875 0.0400390625 0.0498046875
0 0.5029296875 0.806640625 0.05859375 0.04833984375
0 0.486328125 0.966796875 0.146484375 0.037109375
0 0.39013671875 0.9716796875 0.041015625 0.03173828125
0 0.408203125 0.896484375 0.2626953125 0.1083984375
0 0.12744140625 0.90576171875 0.2548828125 0.1201171875
0 0.01220703125 0.9833984375 0.0244140625 0.033203125
0 0.0517578125 0.97998046875 0.052734375 0.0400390625
0 0.11474609375 0.98291015625 0.03759765625 0.03173828125
0 0.17041015625 0.97998046875 0.03857421875 0.03173828125
0 0.21826171875 0.9765625 0.05517578125 0.03515625
0 0.27978515625 0.9755859375 0.06005859375 0.033203125
0 0.61083984375 0.6845703125 0.0234375 0.01708984375
0 0.611328125 0.703125 0.0263671875 0.01953125
0 0.607421875 0.72021484375 0.02978515625 0.017578125
0 0.60986328125 0.73583984375 0.02978515625 0.0185546875
0 0.72998046875 0.64306640625 0.0439453125 0.0263671875
0 0.73828125 0.67041015625 0.04736328125 0.03076171875
0 0.7236328125 0.69580078125 0.0244140625 0.02392578125
0 0.7490234375 0.701171875 0.0322265625 0.02001953125
0 0.8720703125 0.65966796875 0.03466796875 0.01904296875
0 0.8681640625 0.68115234375 0.0341796875 0.01953125
0 0.8662109375 0.7041015625 0.041015625 0.0185546875
0 0.96826171875 0.638671875 0.0341796875 0.017578125
0 0.9658203125 0.654296875 0.03125 0.02197265625
0 0.962890625 0.6708984375 0.025390625 0.01904296875
0 0.95849609375 0.6865234375 0.0244140625 0.01904296875
0 0.58251953125 0.98974609375 0.0458984375 0.0205078125
0 0.642578125 0.98583984375 0.080078125 0.0283203125