0 0.01025390625 0.3212890625 0.0205078125 0.015625
0 0.037109375 0.380859375 0.0126953125 0.03515625
0 0.11572265625 0.2470703125 0.0849609375 0.04345703125
0 0.22265625 0.24169921875 0.10205078125 0.04541015625
0 0.36083984375 0.22509765625 0.13525390625 0.06103515625
0 0.48046875 0.35205078125 0.01708984375 0.017578125
0 0.66845703125 0.037109375 0.3583984375 0.07421875
0 0.63037109375 0.1708984375 0.08203125 0.06396484375
0 0.7421875 0.1591796875 0.14599609375 0.0869140625
0 0.900390625 0.15771484375 0.169921875 0.095703125
0 0.501953125 0.28955078125 0.025390625 0.0986328125
0 0.59033203125 0.28662109375 0.18212890625 0.0986328125
0 0.79833984375 0.26806640625 0.23779296875 0.095703125
0 0.95849609375 0.279296875 0.0830078125 0.1015625
0 0.025390625 0.7236328125 0.05078125 0.111328125
0 0.16943359375 0.6953125 0.20947265625 0.12890625
0 0.384765625 0.6923828125 0.1943359375 0.1201171875
0 0.0927734375 0.802734375 0.07373046875 0.05419921875
0 0.205078125 0.7783203125 0.12744140625 0.06640625
0 0.31396484375 0.775390625 0.07666015625 0.046875
0 0.02294921875 0.859375 0.0458984375 0.048828125
0 0.0703125 0.853515625 0.03173828125 0.0478515625
0 0.1201171875 0.85107421875 0.0576171875 0.0458984375
0 0.1845703125 0.8525390625 0.06201171875 0.0458984375
0 0.27197265625 0.83447265625 0.0986328125 0.05908203125
0 0.349609375 0.83203125 0.05126953125 0.05859375
0 0.43115234375 0.82666015625 0.09423828125 0.0478515625
0 0.4482421875 0.86279296875 0.072265625 0.029296875
0 0.02294921875 0.9462890625 0.01416015625 0.0302734375
0 0.05615234375 0.93994140625 0.0400390625 0.03125
0 0.109375 0.9404296875 0.0537109375 0.0361328125
0 0.74072265625 0.70068359375 0.1298828125 0.0400390625
0 0.83056640625 0.6962890625 0.04248046875 0.04833984375
0 0.87939453125 0.69384765625 0.0498046875 0.0498046875
0 0.9306640625 0.68896484375 0.044921875 0.04345703125
0 0.97900390625 0.689453125 0.0419921875 0.048828125
0 0.8251953125 0.76904296875 0.31640625 0.1201171875
0 0.623046875 0.8564453125 0.08251953125 0.03515625
0 0.6923828125 0.8505859375 0.048828125 0.0400390625
0 0.736328125 0.84912109375 0.03369140625 0.03662109375
0 0.78076171875 0.84375 0.052734375 0.0400390625
0 0.84326171875 0.84619140625 0.03759765625 0.03173828125
0 0.89892578125 0.84326171875 0.03857421875 0.03173828125
0 0.94677734375 0.83984375 0.05517578125 0.03515625
0 0.98876953125 0.8388671875 0.0224609375 0.033203125
0 0.61328125 0.74560546875 0.04248046875 0.04345703125