0 0.36181640625 0.36328125 0.0791015625 0.0546875
0 0.44677734375 0.36669921875 0.0927734375 0.05615234375
0 0.26806640625 0.416015625 0.1298828125 0.09228515625
0 0.41162109375 0.43017578125 0.1376953125 0.06640625
0 0.55322265625 0.423828125 0.1259765625 0.08447265625
0 0.35205078125 0.47705078125 0.0400390625 0.02197265625
0 0.38818359375 0.47900390625 0.0185546875 0.0234375
0 0.4248046875 0.47998046875 0.041015625 0.02197265625
0 0.47509765625 0.48388671875 0.0419921875 0.02490234375
0 0.91943359375 0.65771484375 0.0107421875 0.015625
0 0.92626953125 0.787109375 0.0166015625 0.02490234375