0 0.0712890625 0.07275390625 0.111328125 0.1455078125
0 0.205078125 0.07470703125 0.140625 0.1494140625
0 0.265625 0.349609375 0.3671875 0.271484375
0 0.0302734375 0.51513671875 0.060546875 0.0556640625
0 0.111328125 0.52294921875 0.08447265625 0.05810546875
0 0.1826171875 0.51904296875 0.0517578125 0.0498046875
0 0.27099609375 0.52294921875 0.0810546875 0.05419921875
0 0.421875 0.52587890625 0.0546875 0.0517578125
0 0.60546875 0.15625 0.15380859375 0.17822265625
0 0.78466796875 0.17626953125 0.20263671875 0.181640625
0 0.72509765625 0.29296875 0.12353515625 0.0849609375
0 0.86572265625 0.30322265625 0.15478515625 0.0849609375
0 0.5869140625 0.35546875 0.125 0.08642578125
0 0.69580078125 0.361328125 0.08984375 0.0751953125
0 0.8076171875 0.37646484375 0.12646484375 0.07177734375
0 0.8984375 0.37744140625 0.0673828125 0.0634765625
0 0.59033203125 0.44287109375 0.14111328125 0.068359375
0 0.0146484375 0.86474609375 0.029296875 0.0341796875
0 0.66357421875 0.822265625 0.4287109375 0.35546875
0 0.74267578125 0.9697265625 0.1865234375 0.060546875
0 0.92822265625 0.92333984375 0.1435546875 0.1123046875
0 0.8447265625 0.9638671875 0.0146484375 0.01416015625