0 0.2568359375 0.333984375 0.0224609375 0.015625
0 0.27783203125 0.33642578125 0.0126953125 0.01171875
0 0.3017578125 0.33642578125 0.02880859375 0.0107421875
0 0.28662109375 0.373046875 0.041015625 0.052734375
0 0.35302734375 0.3671875 0.0673828125 0.04931640625
0 0.43408203125 0.3701171875 0.06689453125 0.044921875
0 0.5078125 0.36962890625 0.04931640625 0.0439453125
0 0.56201171875 0.37158203125 0.037109375 0.04296875
0 0.62255859375 0.3779296875 0.07275390625 0.04248046875
0 0.7060546875 0.375 0.07275390625 0.03564453125
0 0.404296875 0.416015625 0.03857421875 0.03369140625
0 0.45654296875 0.421875 0.04931640625 0.02197265625
0 0.52587890625 0.4189453125 0.06689453125 0.02880859375
0 0.59375 0.4189453125 0.04931640625 0.029296875
0 0.68701171875 0.4365234375 0.01806640625 0.01171875
0 0.73388671875 0.4365234375 0.07421875 0.0126953125
0 0.97314453125 0.67578125 0.00830078125 0.0107421875
0 0.97607421875 0.72265625 0.017578125 0.0185546875
0 0.69775390625 0.33837890625 0.03076171875 0.0166015625
0 0.7294921875 0.34033203125 0.029296875 0.01611328125