0 0.31982421875 0.01611328125 0.0673828125 0.0322265625
0 0.38037109375 0.03564453125 0.0478515625 0.0712890625
0 0.43798828125 0.04541015625 0.0576171875 0.0908203125
0 0.662109375 0.0888671875 0.134765625 0.13671875
0 0.60791015625 0.21337890625 0.10302734375 0.1298828125
0 0.70263671875 0.12646484375 0.0537109375 0.1708984375
0 0.91162109375 0.11669921875 0.11279296875 0.0302734375
0 0.8447265625 0.18994140625 0.02001953125 0.02197265625
0 0.88525390625 0.18896484375 0.0234375 0.0234375
0 0.90869140625 0.18994140625 0.02685546875 0.02197265625
0 0.92822265625 0.1884765625 0.01171875 0.0185546875
0 0.94580078125 0.1875 0.0234375 0.02001953125
0 0.974609375 0.1884765625 0.037109375 0.02197265625
0 0.87109375 0.21337890625 0.0322265625 0.0185546875
0 0.01611328125 0.646484375 0.0322265625 0.02734375
0 0.00244140625 0.71435546875 0.0048828125 0.0185546875
0 0.0126953125 0.71337890625 0.01318359375 0.0185546875
0 0.02783203125 0.71484375 0.01416015625 0.01904296875
0 0.26318359375 0.80810546875 0.478515625 0.15478515625
0 0.515625 0.9140625 0.26708984375 0.14404296875
0 0.96826171875 0.564453125 0.0634765625 0.048828125
0 0.94189453125 0.60205078125 0.1162109375 0.0400390625