0 0.23193359375 0.2255859375 0.21826171875 0.3291015625
0 0.02197265625 0.51806640625 0.0439453125 0.0419921875
0 0.1494140625 0.478515625 0.046875 0.06298828125
0 0.10791015625 0.49951171875 0.02001953125 0.06884765625
0 0.19091796875 0.46044921875 0.0400390625 0.06298828125
0 0.31103515625 0.4228515625 0.080078125 0.06591796875
0 0.6474609375 0.02734375 0.060546875 0.04931640625
0 0.7421875 0.02587890625 0.1171875 0.0517578125
0 0.1943359375 0.7099609375 0.30078125 0.341796875
0 0.7705078125 0.59326171875 0.341796875 0.1083984375
0 0.72412109375 0.744140625 0.08203125 0.06396484375
0 0.8359375 0.732421875 0.14599609375 0.0869140625
0 0.95458984375 0.73046875 0.0908203125 0.095703125
0 0.68701171875 0.85986328125 0.1748046875 0.0986328125
0 0.88623046875 0.8408203125 0.2275390625 0.095703125
0 0.9306640625 0.98779296875 0.072265625 0.0244140625
0 0.9833984375 0.986328125 0.033203125 0.02734375