0 0.13671875 0.0771484375 0.240234375 0.154296875
0 0.369140625 0.0810546875 0.177734375 0.12255859375
0 0.5205078125 0.0830078125 0.078125 0.166015625
0 0.04296875 0.3447265625 0.041015625 0.03857421875
0 0.0908203125 0.3466796875 0.05078125 0.0576171875
0 0.1376953125 0.3408203125 0.0390625 0.05029296875
0 0.271484375 0.34912109375 0.044921875 0.04345703125
0 0.322265625 0.3505859375 0.052734375 0.05517578125
0 0.3740234375 0.34912109375 0.0390625 0.0478515625
0 0.5224609375 0.3515625 0.04296875 0.04345703125
0 0.552734375 0.3525390625 0.013671875 0.041015625
0 0.58251953125 0.021484375 0.0458984375 0.04296875
0 0.6630859375 0.013671875 0.095703125 0.02734375
0 0.78173828125 0.01611328125 0.1259765625 0.0322265625
0 0.89306640625 0.0078125 0.0830078125 0.015625
0 0.6142578125 0.068359375 0.109375 0.029296875
0 0.720703125 0.0595703125 0.091796875 0.02490234375
0 0.82421875 0.0537109375 0.107421875 0.02880859375
0 0.923828125 0.04638671875 0.083984375 0.02490234375
0 0.708984375 0.36962890625 0.271484375 0.05322265625
0 0.5869140625 0.51416015625 0.037109375 0.04052734375
0 0.6396484375 0.5126953125 0.0546875 0.03759765625
0 0.70751953125 0.50732421875 0.0693359375 0.03759765625
0 0.7841796875 0.50146484375 0.0703125 0.03369140625
0 0.8388671875 0.49951171875 0.03515625 0.03515625
0 0.87744140625 0.49951171875 0.0361328125 0.04052734375
0 0.9150390625 0.49365234375 0.03515625 0.02880859375
0 0.96240234375 0.49462890625 0.0498046875 0.04296875
0 0.58935546875 0.54443359375 0.0595703125 0.0107421875
0 0.70751953125 0.53955078125 0.1083984375 0.0205078125
0 0.6337890625 0.54443359375 0.033203125 0.0107421875
0 0.11328125 0.61279296875 0.2265625 0.1259765625
0 0.3369140625 0.6142578125 0.1875 0.12890625
0 0.1318359375 0.7958984375 0.263671875 0.228515625
0 0.4306640625 0.81689453125 0.22607421875 0.1943359375
0 0.0458984375 0.9873046875 0.08203125 0.025390625
0 0.15771484375 0.9755859375 0.1455078125 0.048828125
0 0.31640625 0.97265625 0.169921875 0.0546875
0 0.724609375 0.7255859375 0.1083984375 0.1201171875
0 0.62548828125 0.71630859375 0.02392578125 0.03759765625
0 0.732421875 0.82470703125 0.228515625 0.18994140625
0 0.7216796875 0.892578125 0.09619140625 0.0908203125
0 0.830078125 0.94775390625 0.0361328125 0.0615234375
0 0.97509765625 0.9111328125 0.0498046875 0.177734375