0 0.43212890625 0.12646484375 0.1142578125 0.046875
0 0.49462890625 0.11083984375 0.01708984375 0.03759765625
0 0.4091796875 0.2353515625 0.1875 0.06396484375
0 0.5625 0.2392578125 0.1435546875 0.06884765625
0 0.5263671875 0.3115234375 0.11865234375 0.0517578125
0 0.6455078125 0.30859375 0.13134765625 0.06103515625
0 0.53759765625 0.3525390625 0.13427734375 0.0234375
0 0.4326171875 0.3828125 0.06884765625 0.03125
0 0.49365234375 0.3818359375 0.05322265625 0.03271484375
0 0.5380859375 0.38427734375 0.0419921875 0.0283203125
0 0.58349609375 0.3837890625 0.04833984375 0.02978515625
0 0.6376953125 0.3798828125 0.05615234375 0.0283203125
0 0.36962890625 0.52197265625 0.09228515625 0.04052734375
0 0.4697265625 0.5224609375 0.1044921875 0.0390625
0 0.68115234375 0.5224609375 0.11865234375 0.0419921875
0 0.40771484375 0.5654296875 0.0498046875 0.02490234375
0 0.46875 0.5673828125 0.046875 0.02490234375
0 0.53369140625 0.56494140625 0.0517578125 0.02978515625
0 0.5947265625 0.5673828125 0.0419921875 0.0283203125
0 0.64599609375 0.57177734375 0.0576171875 0.03125
0 0.32421875 0.6064453125 0.0546875 0.02490234375
0 0.3720703125 0.6123046875 0.05322265625 0.0283203125
0 0.42333984375 0.60693359375 0.0498046875 0.0234375
0 0.49365234375 0.60693359375 0.05615234375 0.0234375
0 0.54150390625 0.61328125 0.04833984375 0.0263671875
0 0.5888671875 0.6083984375 0.0439453125 0.03271484375
0 0.63427734375 0.61181640625 0.046875 0.02978515625
0 0.68115234375 0.60791015625 0.046875 0.0341796875
0 0.7333984375 0.60791015625 0.0576171875 0.02490234375
0 0.35693359375 0.70849609375 0.1142578125 0.04541015625
0 0.4658203125 0.70849609375 0.0966796875 0.0419921875
0 0.57275390625 0.70556640625 0.1142578125 0.0517578125
0 0.6748046875 0.71484375 0.078125 0.0546875
0 0.3662109375 0.7724609375 0.0888671875 0.03271484375
0 0.453125 0.77734375 0.0810546875 0.0419921875
0 0.5390625 0.77197265625 0.0654296875 0.0341796875
0 0.6220703125 0.7734375 0.046875 0.03125
0 0.4150390625 0.9248046875 0.10791015625 0.0625