0 0.060546875 0.1005859375 0.12109375 0.1328125
0 0.2958984375 0.08349609375 0.32568359375 0.0625
0 0.2119140625 0.12109375 0.08837890625 0.03076171875
0 0.2978515625 0.12646484375 0.0703125 0.03564453125
0 0.3759765625 0.13525390625 0.07568359375 0.03173828125
0 0.10009765625 0.0908203125 0.0361328125 0.0126953125
0 0.8095703125 0.04931640625 0.380859375 0.0986328125
0 0.671875 0.16259765625 0.10546875 0.0732421875
0 0.7607421875 0.1630859375 0.06982421875 0.0732421875
0 0.8974609375 0.1640625 0.205078125 0.076171875
0 0.6552734375 0.35546875 0.072265625 0.076171875
0 0.9130859375 0.359375 0.07177734375 0.06298828125
0 0.97607421875 0.35791015625 0.0478515625 0.0654296875
0 0.77099609375 0.4326171875 0.2216796875 0.013671875
0 0.72705078125 0.35302734375 0.0634765625 0.05517578125
0 0.1943359375 0.79541015625 0.05859375 0.0732421875
0 0.25 0.7978515625 0.0498046875 0.06298828125
0 0.3056640625 0.78271484375 0.05859375 0.06787109375
0 0.173828125 0.8681640625 0.13720703125 0.05810546875
0 0.2900390625 0.86328125 0.095703125 0.052734375
0 0.07373046875 0.46044921875 0.02587890625 0.0224609375
0 0.625 0.44775390625 0.01171875 0.0166015625
0 0.6416015625 0.44775390625 0.025390625 0.0166015625
0 0.6982421875 0.45068359375 0.025390625 0.0224609375
0 0.7744140625 0.4521484375 0.091796875 0.025390625