0 0.2431640625 0.0537109375 0.21875 0.107421875
0 0.01220703125 0.1865234375 0.0244140625 0.05078125
0 0.076171875 0.193359375 0.0810546875 0.0517578125
0 0.14013671875 0.201171875 0.04296875 0.04296875
0 0.19189453125 0.2138671875 0.060546875 0.0419921875
0 0.25244140625 0.220703125 0.04931640625 0.0419921875
0 0.29052734375 0.22216796875 0.03515625 0.037109375
0 0.3212890625 0.2265625 0.03173828125 0.037109375
0 0.72412109375 0.14697265625 0.0361328125 0.01220703125
0 0.02099609375 0.623046875 0.0419921875 0.107421875
0 0.06982421875 0.68017578125 0.07763671875 0.11962890625
0 0.31005859375 0.70654296875 0.02880859375 0.0595703125
0 0.345703125 0.70166015625 0.03759765625 0.04296875
0 0.38232421875 0.703125 0.04443359375 0.0595703125
0 0.09521484375 0.57958984375 0.0263671875 0.0205078125
0 0.62109375 0.982421875 0.033203125 0.03515625
0 0.64697265625 0.984375 0.02294921875 0.03125
0 0.73828125 0.9814453125 0.056640625 0.037109375
0 0.783203125 0.9833984375 0.037109375 0.033203125
0 0.8212890625 0.98486328125 0.0390625 0.0302734375
0 0.87353515625 0.9833984375 0.0634765625 0.033203125
0 0.9365234375 0.9853515625 0.0625 0.029296875
0 0.9833984375 0.98486328125 0.03125 0.0302734375