0 0.50439453125 0.548828125 0.06982421875 0.125
0 0.591796875 0.55126953125 0.09228515625 0.11376953125
0 0.71875 0.5595703125 0.14697265625 0.125
0 0.57177734375 0.66796875 0.1259765625 0.06396484375
0 0.6953125 0.658203125 0.10009765625 0.07763671875
0 0.51513671875 0.7568359375 0.03955078125 0.04736328125
0 0.5546875 0.7470703125 0.03955078125 0.0498046875
0 0.57568359375 0.759765625 0.00927734375 0.03076171875
0 0.59765625 0.7568359375 0.02880859375 0.0361328125
0 0.63330078125 0.7626953125 0.03955078125 0.04736328125
0 0.67138671875 0.75830078125 0.033203125 0.0556640625
0 0.7021484375 0.75439453125 0.02587890625 0.04736328125
0 0.7392578125 0.7626953125 0.03955078125 0.052734375