0 0.134765625 0.19091796875 0.26953125 0.1962890625
0 0.0615234375 0.330078125 0.123046875 0.134765625
0 0.3779296875 0.04052734375 0.076171875 0.0810546875
0 0.4404296875 0.03759765625 0.048828125 0.0751953125
0 0.498046875 0.0458984375 0.0625 0.08203125
0 0.3759765625 0.12109375 0.072265625 0.0673828125
0 0.4521484375 0.12841796875 0.080078125 0.05859375
0 0.51171875 0.12939453125 0.03515625 0.0673828125
0 0.373046875 0.2001953125 0.05859375 0.0615234375
0 0.439453125 0.2060546875 0.0703125 0.0556640625
0 0.501953125 0.21435546875 0.0546875 0.0673828125
0 0.361328125 0.30712890625 0.04296875 0.041015625
0 0.39453125 0.30859375 0.02734375 0.0380859375
0 0.4248046875 0.3115234375 0.037109375 0.0439453125
0 0.4677734375 0.31591796875 0.033203125 0.041015625
0 0.5048828125 0.31591796875 0.044921875 0.041015625
0 0.3935546875 0.373046875 0.111328125 0.0615234375
0 0.4697265625 0.38037109375 0.037109375 0.052734375
0 0.5087890625 0.38720703125 0.041015625 0.0556640625
0 0.578125 0.04638671875 0.09765625 0.0927734375
0 0.9150390625 0.27197265625 0.14404296875 0.12939453125
0 0.86083984375 0.380859375 0.06689453125 0.15234375
0 0.955078125 0.40380859375 0.07568359375 0.14306640625
0 0.7080078125 0.42041015625 0.0546875 0.1181640625
0 0.61083984375 0.69580078125 0.11083984375 0.21240234375
0 0.744140625 0.7021484375 0.140625 0.20849609375
0 0.810546875 0.93505859375 0.37890625 0.1298828125