0 0.24853515625 0.19677734375 0.13671875 0.04833984375
0 0.40478515625 0.185546875 0.04638671875 0.02587890625
0 0.45166015625 0.185546875 0.04443359375 0.0224609375
0 0.49365234375 0.18701171875 0.04296875 0.0224609375
0 0.5322265625 0.18701171875 0.03369140625 0.02587890625
0 0.560546875 0.18896484375 0.02294921875 0.0224609375
0 0.58251953125 0.18701171875 0.02294921875 0.0224609375
0 0.615234375 0.18798828125 0.0400390625 0.02392578125
0 0.65625 0.18701171875 0.0478515625 0.02587890625
0 0.69677734375 0.189453125 0.037109375 0.02734375
0 0.734375 0.1904296875 0.03857421875 0.0224609375
0 0.3974609375 0.21142578125 0.0322265625 0.01904296875
0 0.4453125 0.21142578125 0.06298828125 0.01904296875
0 0.49560546875 0.21484375 0.03369140625 0.0224609375
0 0.53369140625 0.212890625 0.04296875 0.01904296875
0 0.46142578125 0.27587890625 0.06787109375 0.03466796875
0 0.51318359375 0.2783203125 0.029296875 0.029296875
0 0.3544921875 0.361328125 0.0693359375 0.0361328125
0 0.41845703125 0.359375 0.05517578125 0.03955078125
0 0.4814453125 0.3603515625 0.06787109375 0.0380859375
0 0.54296875 0.3623046875 0.05517578125 0.03466796875
0 0.6005859375 0.3681640625 0.05078125 0.04296875
0 0.3271484375 0.45947265625 0.0966796875 0.03955078125
0 0.39599609375 0.4560546875 0.04150390625 0.04296875
0 0.4521484375 0.45751953125 0.07080078125 0.03955078125
0 0.5439453125 0.45947265625 0.0751953125 0.03955078125
0 0.626953125 0.45849609375 0.087890625 0.04150390625
0 0.4462890625 0.56640625 0.0986328125 0.04638671875
0 0.52685546875 0.5732421875 0.06005859375 0.0498046875
0 0.40087890625 0.6845703125 0.10009765625 0.04833984375
0 0.50390625 0.68212890625 0.10009765625 0.04638671875
0 0.57861328125 0.68701171875 0.05224609375 0.03955078125
0 0.314453125 0.76220703125 0.05078125 0.02392578125
0 0.35693359375 0.7626953125 0.0244140625 0.02587890625
0 0.388671875 0.763671875 0.029296875 0.0205078125
0 0.42626953125 0.7626953125 0.04638671875 0.029296875
0 0.4755859375 0.7626953125 0.04638671875 0.029296875
0 0.51904296875 0.76025390625 0.03515625 0.02734375
0 0.5732421875 0.75927734375 0.0693359375 0.02587890625
0 0.640625 0.76220703125 0.05712890625 0.03125
0 0.40771484375 0.7939453125 0.24609375 0.029296875
0 0.931640625 0.013671875 0.0693359375 0.02392578125
0 0.92236328125 0.04150390625 0.0537109375 0.02392578125
0 0.97509765625 0.041015625 0.0498046875 0.0234375
0 0.94140625 0.08203125 0.06787109375 0.02587890625
0 0.982421875 0.08251953125 0.01708984375 0.0205078125
0 0.93994140625 0.11376953125 0.05224609375 0.03125