0 0.21044921875 0.279296875 0.19970703125 0.271484375
0 0.32373046875 0.2744140625 0.0810546875 0.2607421875
0 0.4384765625 0.27978515625 0.17431640625 0.267578125
0 0.54443359375 0.2744140625 0.068359375 0.26513671875
0 0.61083984375 0.27978515625 0.0791015625 0.267578125
0 0.67529296875 0.27490234375 0.06103515625 0.26904296875
0 0.79052734375 0.279296875 0.18408203125 0.2783203125
0 0.248046875 0.54052734375 0.2060546875 0.14013671875
0 0.4609375 0.54150390625 0.1884765625 0.146484375
0 0.6435546875 0.5390625 0.16064453125 0.1279296875
0 0.79296875 0.5458984375 0.1162109375 0.1376953125
0 0.1123046875 0.705078125 0.10302734375 0.12060546875
0 0.208984375 0.71630859375 0.07080078125 0.1455078125
0 0.29541015625 0.7060546875 0.07373046875 0.126953125
0 0.44189453125 0.71484375 0.2041015625 0.1484375
0 0.646484375 0.7138671875 0.18505859375 0.14404296875
0 0.79052734375 0.7177734375 0.08447265625 0.140625
0 0.88427734375 0.70703125 0.091796875 0.12158203125
0 0.9814453125 0.16748046875 0.03515625 0.0361328125
0 0.9814453125 0.22021484375 0.02392578125 0.0302734375
0 0.9873046875 0.2939453125 0.02099609375 0.0234375
0 0.978515625 0.62841796875 0.029296875 0.04248046875
0 0.98681640625 0.6611328125 0.02197265625 0.01904296875
0 0.99462890625 0.72119140625 0.0107421875 0.0146484375
0 0.98681640625 0.7412109375 0.0224609375 0.01220703125
0 0.98388671875 0.7578125 0.01025390625 0.013671875