0 0.0166015625 0.0126953125 0.033203125 0.025390625
0 0.0537109375 0.01220703125 0.041015625 0.0244140625
0 0.10986328125 0.01171875 0.0712890625 0.0234375
0 0.20166015625 0.0126953125 0.0751953125 0.025390625
0 0.28515625 0.0126953125 0.087890625 0.025390625
0 0.1044921875 0.11328125 0.0986328125 0.04638671875
0 0.18505859375 0.1201171875 0.06005859375 0.0498046875
0 0.05908203125 0.2314453125 0.10009765625 0.04833984375
0 0.162109375 0.22900390625 0.10009765625 0.04638671875
0 0.23681640625 0.23388671875 0.05224609375 0.03955078125
0 0.01513671875 0.3095703125 0.0244140625 0.02587890625
0 0.046875 0.310546875 0.029296875 0.0205078125
0 0.08447265625 0.3095703125 0.04638671875 0.029296875
0 0.1337890625 0.3095703125 0.04638671875 0.029296875
0 0.17724609375 0.30712890625 0.03515625 0.02734375
0 0.2314453125 0.30615234375 0.0693359375 0.02587890625
0 0.298828125 0.30908203125 0.05712890625 0.03125
0 0.09423828125 0.3408203125 0.1884765625 0.029296875
0 0.72900390625 0.2734375 0.0830078125 0.0439453125
0 0.8271484375 0.26708984375 0.0986328125 0.04736328125
0 0.91162109375 0.27099609375 0.05712890625 0.0390625
0 0.72802734375 0.3173828125 0.06103515625 0.04736328125
0 0.78271484375 0.32373046875 0.04150390625 0.0341796875
0 0.82958984375 0.32568359375 0.04736328125 0.03759765625
0 0.35400390625 0.56005859375 0.0712890625 0.0556640625
0 0.30126953125 0.64501953125 0.05615234375 0.07177734375
0 0.36376953125 0.62744140625 0.0517578125 0.1005859375
0 0.50537109375 0.8154296875 0.06103515625 0.03369140625
0 0.56787109375 0.82080078125 0.05615234375 0.03759765625
0 0.6201171875 0.818359375 0.041015625 0.03564453125
0 0.5341796875 0.8583984375 0.048828125 0.03369140625
0 0.58544921875 0.859375 0.048828125 0.0283203125
0 0.47412109375 0.89794921875 0.07373046875 0.03369140625
0 0.53857421875 0.89892578125 0.052734375 0.0244140625
0 0.59765625 0.89697265625 0.06103515625 0.03173828125
0 0.65478515625 0.89794921875 0.04736328125 0.02978515625