0 0.08056640625 0.357421875 0.11767578125 0.0498046875
0 0.18896484375 0.35302734375 0.07373046875 0.044921875
0 0.3095703125 0.3466796875 0.1474609375 0.04833984375
0 0.4814453125 0.34375 0.17578125 0.056640625
0 0.06201171875 0.44677734375 0.1240234375 0.1181640625
0 0.3564453125 0.42138671875 0.40869140625 0.12158203125
0 0.01220703125 0.52587890625 0.0244140625 0.0478515625
0 0.068359375 0.52490234375 0.068359375 0.0498046875
0 0.126953125 0.5244140625 0.048828125 0.05078125
0 0.203125 0.5224609375 0.080078125 0.0546875
0 0.26708984375 0.5224609375 0.0517578125 0.0546875
0 0.314453125 0.52099609375 0.046875 0.0576171875
0 0.37890625 0.5224609375 0.0537109375 0.046875
0 0.4306640625 0.51416015625 0.05517578125 0.0634765625
0 0.484375 0.51806640625 0.052734375 0.05517578125
0 0.53466796875 0.51171875 0.0498046875 0.05810546875
0 0.8369140625 0.23779296875 0.1484375 0.15869140625
0 0.96533203125 0.24609375 0.0693359375 0.154296875
0 0.83203125 0.38818359375 0.14453125 0.13134765625
0 0.97314453125 0.404296875 0.0537109375 0.12109375
0 0.86279296875 0.50732421875 0.2119140625 0.0849609375