0 0.1279296875 0.38671875 0.048828125 0.125
0 0.287109375 0.25244140625 0.13134765625 0.11083984375
0 0.42041015625 0.244140625 0.12451171875 0.123046875
0 0.22265625 0.39404296875 0.02734375 0.1103515625
0 0.265625 0.36474609375 0.05419921875 0.06005859375
0 0.32275390625 0.3564453125 0.05419921875 0.05322265625
0 0.38427734375 0.35986328125 0.06884765625 0.0556640625
0 0.4453125 0.36962890625 0.05322265625 0.06494140625
0 0.28955078125 0.42041015625 0.0517578125 0.0576171875
0 0.35498046875 0.4169921875 0.0771484375 0.064453125
0 0.431640625 0.41943359375 0.068359375 0.0595703125
0 0.4833984375 0.42626953125 0.03125 0.0458984375
0 0.9140625 0.08251953125 0.0859375 0.046875
0 0.9794921875 0.08203125 0.041015625 0.041015625
0 0.7939453125 0.1240234375 0.041015625 0.04150390625
0 0.8525390625 0.12548828125 0.076171875 0.04443359375
0 0.912109375 0.1279296875 0.03515625 0.03369140625
0 0.96484375 0.1240234375 0.0625 0.03662109375
0 0.904296875 0.17626953125 0.0625 0.03662109375
0 0.9677734375 0.1708984375 0.064453125 0.046875
0 0.86328125 0.22314453125 0.046875 0.04150390625
0 0.892578125 0.22412109375 0.01953125 0.0390625
0 0.9169921875 0.22021484375 0.037109375 0.03125
0 0.9404296875 0.22314453125 0.017578125 0.04150390625
0 0.9736328125 0.2197265625 0.052734375 0.037109375
0 0.041015625 0.54248046875 0.06982421875 0.02978515625
0 0.01025390625 0.57958984375 0.0205078125 0.0419921875
0 0.0498046875 0.58251953125 0.0517578125 0.033203125
0 0.029296875 0.6201171875 0.05859375 0.0234375
0 0.01611328125 0.6513671875 0.0322265625 0.01171875
0 0.0400390625 0.67919921875 0.07177734375 0.03662109375
0 0.2265625 0.49072265625 0.03173828125 0.02978515625
0 0.20263671875 0.52490234375 0.06005859375 0.03515625
0 0.25732421875 0.5224609375 0.0400390625 0.03662109375
0 0.2119140625 0.55224609375 0.03515625 0.0234375
0 0.24169921875 0.5517578125 0.02490234375 0.021484375
0 0.17822265625 0.58251953125 0.044921875 0.033203125
0 0.2216796875 0.58056640625 0.03515625 0.03662109375
0 0.2685546875 0.580078125 0.05517578125 0.03857421875
0 0.25927734375 0.654296875 0.02685546875 0.03662109375
0 0.296875 0.654296875 0.044921875 0.02685546875
0 0.26513671875 0.68408203125 0.04150390625 0.0166015625
0 0.30517578125 0.68505859375 0.03173828125 0.021484375
0 0.267578125 0.7158203125 0.04345703125 0.033203125
0 0.30517578125 0.71826171875 0.03173828125 0.03515625
0 0.25830078125 0.74072265625 0.0283203125 0.01318359375
0 0.296875 0.74072265625 0.044921875 0.01318359375
0 0.421875 0.56640625 0.0615234375 0.0185546875
0 0.47021484375 0.5673828125 0.02490234375 0.02001953125
0 0.40771484375 0.5400390625 0.0400390625 0.02490234375
0 0.45849609375 0.5439453125 0.04833984375 0.02685546875
0 0.421875 0.5166015625 0.0615234375 0.0185546875
0 0.46826171875 0.515625 0.02490234375 0.02001953125
0 0.43603515625 0.6064453125 0.0966796875 0.05810546875
0 0.43994140625 0.66064453125 0.08154296875 0.046875
0 0.61767578125 0.57177734375 0.0732421875 0.03173828125
0 0.6259765625 0.6005859375 0.056640625 0.02685546875
0 0.619140625 0.623046875 0.033203125 0.01513671875
0 0.6474609375 0.62158203125 0.0166015625 0.01513671875
0 0.62841796875 0.6416015625 0.05810546875 0.02490234375
0 0.66259765625 0.64404296875 0.0146484375 0.0166015625
0 0.89208984375 0.5751953125 0.2158203125 0.1484375
0 0.87841796875 0.826171875 0.22607421875 0.31982421875