0 0.01123046875 0.27001953125 0.0224609375 0.0400390625
0 0.04638671875 0.27099609375 0.037109375 0.03564453125
0 0.09619140625 0.27001953125 0.05322265625 0.03662109375
0 0.12939453125 0.26806640625 0.0078125 0.0283203125
0 0.00341796875 0.310546875 0.0068359375 0.02734375
0 0.02490234375 0.310546875 0.0322265625 0.02734375
0 0.05224609375 0.30859375 0.0185546875 0.0263671875
0 0.07275390625 0.3046875 0.01904296875 0.0283203125
0 0.09814453125 0.3037109375 0.029296875 0.02587890625
0 0.1240234375 0.30419921875 0.01904296875 0.0322265625
0 0.24951171875 0.275390625 0.013671875 0.0087890625
0 0.263671875 0.27392578125 0.01318359375 0.00732421875
0 0.27783203125 0.27392578125 0.013671875 0.0087890625
0 0.28955078125 0.2744140625 0.009765625 0.00927734375
0 0.3544921875 0.25 0.06005859375 0.0185546875
0 0.3291015625 0.2626953125 0.00830078125 0.0078125
0 0.33740234375 0.2626953125 0.0087890625 0.0078125
0 0.3525390625 0.263671875 0.02001953125 0.0087890625
0 0.11279296875 0.5234375 0.0087890625 0.01171875
0 0.0615234375 0.46142578125 0.00830078125 0.01318359375
0 0.13427734375 0.5244140625 0.00439453125 0.00634765625
0 0.1337890625 0.5283203125 0.00390625 0.001953125
0 0.15478515625 0.52392578125 0.0068359375 0.00537109375
0 0.15380859375 0.52783203125 0.0068359375 0.0029296875
0 0.41796875 0.4140625 0.01318359375 0.0166015625
0 0.42578125 0.40576171875 0.0078125 0.01025390625
0 0.4287109375 0.400390625 0.001953125 0.009765625
0 0.44482421875 0.296875 0.0302734375 0.029296875
0 0.4853515625 0.2939453125 0.05126953125 0.033203125
0 0.59521484375 0.24072265625 0.076171875 0.046875
0 0.6650390625 0.244140625 0.05126953125 0.046875
0 0.744140625 0.2392578125 0.09619140625 0.056640625
0 0.84326171875 0.2421875 0.08984375 0.0498046875
0 0.94482421875 0.23876953125 0.1103515625 0.0537109375
0 0.462890625 0.40673828125 0.06640625 0.0927734375
0 0.611328125 0.419921875 0.20361328125 0.1083984375
0 0.83984375 0.4267578125 0.2099609375 0.08154296875
0 0.9794921875 0.404296875 0.041015625 0.087890625
0 0.82470703125 0.51806640625 0.1005859375 0.0224609375
0 0.142578125 0.63134765625 0.06982421875 0.091796875
0 0.22705078125 0.638671875 0.08642578125 0.08984375
0 0.15673828125 0.74462890625 0.0888671875 0.09814453125
0 0.24951171875 0.75244140625 0.0888671875 0.103515625
0 0.15380859375 0.849609375 0.0673828125 0.09814453125
0 0.2333984375 0.861328125 0.076171875 0.1015625
0 0.3017578125 0.8740234375 0.05859375 0.08642578125
0 0.2275390625 0.96337890625 0.072265625 0.0732421875
0 0.31103515625 0.96435546875 0.0849609375 0.0712890625