0 0.1357421875 0.06689453125 0.13134765625 0.11083984375
0 0.2685546875 0.06005859375 0.125 0.1201171875
0 0.07177734375 0.22607421875 0.02783203125 0.14453125
0 0.1142578125 0.17919921875 0.05419921875 0.06005859375
0 0.17138671875 0.1708984375 0.05419921875 0.05322265625
0 0.23291015625 0.17431640625 0.06884765625 0.0556640625
0 0.2939453125 0.18408203125 0.05322265625 0.06494140625
0 0.13818359375 0.23681640625 0.0517578125 0.06005859375
0 0.2041015625 0.23583984375 0.0771484375 0.072265625
0 0.28076171875 0.23828125 0.06884765625 0.0673828125
0 0.33251953125 0.2451171875 0.03173828125 0.05322265625
0 0.91455078125 0.20263671875 0.064453125 0.02783203125
0 0.97265625 0.1923828125 0.044921875 0.0263671875
0 0.83154296875 0.23974609375 0.0625 0.03759765625
0 0.91650390625 0.2255859375 0.0947265625 0.04296875
0 0.986328125 0.20654296875 0.02734375 0.0439453125
0 0.7763671875 0.2734375 0.05615234375 0.02490234375
0 0.82421875 0.26904296875 0.03564453125 0.02099609375
0 0.87548828125 0.2568359375 0.03662109375 0.0224609375
0 0.9248046875 0.25 0.05126953125 0.0224609375
0 0.97802734375 0.2412109375 0.0283203125 0.0234375
0 0.8779296875 0.27294921875 0.013671875 0.009765625
0 0.89013671875 0.27001953125 0.01123046875 0.0126953125
0 0.9033203125 0.26953125 0.0146484375 0.01123046875
0 0.93603515625 0.26318359375 0.044921875 0.01513671875
0 0.97314453125 0.25830078125 0.0166015625 0.013671875
0 0.98779296875 0.255859375 0.0146484375 0.01123046875
0 0.0634765625 0.611328125 0.126953125 0.14453125
0 0.20654296875 0.61181640625 0.1279296875 0.1455078125
0 0.3974609375 0.61669921875 0.21630859375 0.13818359375
0 0.56591796875 0.6435546875 0.0732421875 0.0703125
0 0.6416015625 0.6357421875 0.08251953125 0.06005859375
0 0.73828125 0.6474609375 0.10546875 0.0634765625
0 0.84228515625 0.63232421875 0.1025390625 0.07373046875
0 0.92626953125 0.63427734375 0.05517578125 0.0703125
0 0.64892578125 0.732421875 0.2392578125 0.080078125
0 0.81982421875 0.7294921875 0.087890625 0.06689453125
0 0.62744140625 0.9228515625 0.1962890625 0.154296875