0 0.1982421875 0.34423828125 0.20751953125 0.16796875
0 0.38037109375 0.39013671875 0.1181640625 0.1884765625
0 0.0205078125 0.38427734375 0.041015625 0.0595703125
0 0.009765625 0.29248046875 0.01953125 0.0498046875
0 0.11669921875 0.4072265625 0.05859375 0.04736328125
0 0.197265625 0.4248046875 0.095703125 0.06396484375
0 0.28173828125 0.44384765625 0.0693359375 0.044921875
0 0.35986328125 0.4638671875 0.08349609375 0.0615234375
0 0.42919921875 0.47900390625 0.0205078125 0.0400390625
0 0.06396484375 0.49267578125 0.1279296875 0.1064453125
0 0.2109375 0.52392578125 0.1611328125 0.08251953125
0 0.3740234375 0.54638671875 0.1044921875 0.08056640625
0 0.5146484375 0.05078125 0.0234375 0.017578125
0 0.53125 0.0341796875 0.02734375 0.02197265625
0 0.54296875 0.01513671875 0.0205078125 0.02099609375
0 0.55322265625 0.00341796875 0.0263671875 0.0068359375
0 0.546875 0.30419921875 0.013671875 0.015625
0 0.552734375 0.28955078125 0.0166015625 0.02099609375
0 0.5576171875 0.2734375 0.01025390625 0.01513671875
0 0.56005859375 0.25390625 0.01416015625 0.01953125
0 0.8515625 0.0244140625 0.0185546875 0.04443359375
0 0.876953125 0.109375 0.025390625 0.0244140625
0 0.896484375 0.1083984375 0.05224609375 0.07568359375
0 0.99267578125 0.12158203125 0.0146484375 0.0205078125
0 0.94921875 0.18505859375 0.03955078125 0.02587890625
0 0.79248046875 0.2255859375 0.02099609375 0.02978515625
0 0.86767578125 0.2587890625 0.01123046875 0.04248046875
0 0.896484375 0.27197265625 0.0146484375 0.04638671875
0 0.45654296875 0.47216796875 0.0146484375 0.013671875
0 0.4501953125 0.46240234375 0.01123046875 0.00634765625
0 0.4453125 0.45556640625 0.01171875 0.0068359375
0 0.4541015625 0.6103515625 0.01611328125 0.01953125
0 0.45556640625 0.59375 0.0224609375 0.02099609375
0 0.45849609375 0.5771484375 0.02294921875 0.01318359375
0 0.45068359375 0.56298828125 0.0224609375 0.0185546875
0 0.47021484375 0.58154296875 0.01513671875 0.0126953125
0 0.7392578125 0.71728515625 0.0107421875 0.02099609375
0 0.95947265625 0.671875 0.0146484375 0.01953125
0 0.98583984375 0.69970703125 0.02001953125 0.0400390625
0 0.94189453125 0.70361328125 0.041015625 0.0400390625
0 0.837890625 0.474609375 0.02734375 0.03076171875
0 0.80126953125 0.505859375 0.060546875 0.10888671875
0 0.8251953125 0.52587890625 0.0234375 0.0380859375
0 0.83935546875 0.5205078125 0.02587890625 0.03466796875
0 0.8603515625 0.54541015625 0.03369140625 0.04296875
0 0.90283203125 0.32763671875 0.01904296875 0.02099609375
0 0.9248046875 0.31201171875 0.0439453125 0.06396484375
0 0.18896484375 0.7919921875 0.1923828125 0.083984375
0 0.16455078125 0.87109375 0.30615234375 0.10205078125
0 0.05712890625 0.9404296875 0.10888671875 0.048828125
0 0.15576171875 0.9423828125 0.07763671875 0.04931640625
0 0.2666015625 0.9443359375 0.12646484375 0.04931640625
0 0.3984375 0.7763671875 0.0546875 0.052734375
0 0.39013671875 0.8671875 0.06884765625 0.10595703125
0 0.3701171875 0.9794921875 0.029296875 0.041015625
0 0.56103515625 0.875 0.1630859375 0.25
0 0.83056640625 0.9033203125 0.3388671875 0.193359375