0 0.09619140625 0.69873046875 0.0439453125 0.029296875
0 0.1357421875 0.7001953125 0.0390625 0.02197265625
0 0.1669921875 0.69873046875 0.02294921875 0.029296875
0 0.189453125 0.69775390625 0.02587890625 0.02685546875
0 0.22314453125 0.69873046875 0.03759765625 0.0244140625
0 0.27392578125 0.6962890625 0.06201171875 0.029296875
0 0.3212890625 0.6953125 0.03271484375 0.02685546875
0 0.35302734375 0.7001953125 0.03076171875 0.03173828125
0 0.3837890625 0.69482421875 0.03125 0.0263671875
0 0.125 0.80908203125 0.056640625 0.0400390625
0 0.1640625 0.8076171875 0.021484375 0.04296875
0 0.20947265625 0.8076171875 0.0673828125 0.04296875
0 0.2724609375 0.8134765625 0.05859375 0.03125
0 0.34326171875 0.80859375 0.0830078125 0.041015625
0 0.38330078125 0.2998046875 0.02587890625 0.0244140625
0 0.00439453125 0.248046875 0.0087890625 0.0390625
0 0.0048828125 0.283203125 0.009765625 0.037109375
0 0.05810546875 0.2353515625 0.029296875 0.03662109375
0 0.02392578125 0.2451171875 0.01318359375 0.03173828125
0 0.0341796875 0.240234375 0.0146484375 0.03173828125
0 0.04345703125 0.255859375 0.009765625 0.0146484375
0 0.6201171875 0.294921875 0.044921875 0.07080078125
0 0.65380859375 0.30078125 0.0224609375 0.07080078125
0 0.60205078125 0.36474609375 0.0400390625 0.072265625
0 0.654296875 0.36865234375 0.041015625 0.06884765625
0 0.70751953125 0.8232421875 0.0224609375 0.01171875
0 0.7236328125 0.82470703125 0.01171875 0.0087890625
0 0.92236328125 0.38427734375 0.0244140625 0.041015625
0 0.91748046875 0.4287109375 0.0166015625 0.041015625
0 0.15380859375 0.95458984375 0.1591796875 0.0908203125
0 0.29296875 0.95361328125 0.138671875 0.0927734375
0 0.322265625 0.9892578125 0.0390625 0.021484375
0 0.40380859375 0.8779296875 0.0087890625 0.021484375
0 0.4150390625 0.87646484375 0.01318359375 0.01708984375
0 0.43017578125 0.8759765625 0.017578125 0.01708984375
0 0.4482421875 0.8740234375 0.017578125 0.01806640625
0 0.46484375 0.87255859375 0.01318359375 0.0185546875
0 0.47998046875 0.8740234375 0.01416015625 0.01904296875
0 0.71484375 0.94482421875 0.478515625 0.1103515625