0 0.298828125 0.08642578125 0.162109375 0.087890625
0 0.18310546875 0.21875 0.08984375 0.1171875
0 0.27587890625 0.244140625 0.087890625 0.11474609375
0 0.39794921875 0.2412109375 0.14013671875 0.109375
0 0.18017578125 0.55712890625 0.05615234375 0.04248046875
0 0.2431640625 0.5546875 0.05810546875 0.05322265625
0 0.30322265625 0.56689453125 0.05419921875 0.05078125
0 0.380859375 0.5625 0.10205078125 0.04248046875
0 0.2421875 0.61181640625 0.080078125 0.0400390625
0 0.35009765625 0.61328125 0.083984375 0.037109375
0 0.14599609375 0.6455078125 0.0400390625 0.04248046875
0 0.19677734375 0.64794921875 0.05810546875 0.04248046875
0 0.2529296875 0.65185546875 0.05419921875 0.0400390625
0 0.3232421875 0.65576171875 0.08203125 0.04248046875
0 0.38818359375 0.65576171875 0.0478515625 0.04248046875
0 0.43603515625 0.65478515625 0.0439453125 0.03466796875
0 0.23681640625 0.7001953125 0.05419921875 0.0400390625
0 0.29296875 0.701171875 0.05419921875 0.037109375
0 0.35107421875 0.70556640625 0.05810546875 0.04541015625
0 0.18212890625 0.75048828125 0.0439453125 0.0400390625
0 0.2412109375 0.75341796875 0.07421875 0.04541015625
0 0.30517578125 0.751953125 0.05419921875 0.037109375
0 0.35693359375 0.7548828125 0.0498046875 0.04248046875
0 0.4072265625 0.755859375 0.0498046875 0.03466796875
0 0.32080078125 0.79443359375 0.02978515625 0.0322265625
0 0.35400390625 0.79345703125 0.0361328125 0.02392578125
0 0.39404296875 0.79345703125 0.0322265625 0.02392578125