0 0.0712890625 0.00830078125 0.080078125 0.0166015625
0 0.162109375 0.00537109375 0.09765625 0.0107421875
0 0.0205078125 0.0419921875 0.041015625 0.037109375
0 0.087890625 0.04248046875 0.03515625 0.03125
0 0.11328125 0.04541015625 0.015625 0.03662109375
0 0.1357421875 0.04150390625 0.037109375 0.03369140625
0 0.16015625 0.0439453125 0.015625 0.03369140625
0 0.75439453125 0.2724609375 0.08447265625 0.10986328125
0 0.1201171875 0.79345703125 0.146484375 0.0458984375
0 0.2412109375 0.794921875 0.0849609375 0.0390625
0 0.34423828125 0.79248046875 0.1015625 0.0439453125
0 0.69140625 0.65087890625 0.1171875 0.16650390625
0 0.7861328125 0.6875 0.076171875 0.16162109375
0 0.6650390625 0.74853515625 0.056640625 0.08056640625
0 0.75390625 0.79296875 0.08203125 0.1015625
0 0.8515625 0.83837890625 0.078125 0.09912109375
0 0.6474609375 0.80322265625 0.041015625 0.0703125
0 0.6845703125 0.82275390625 0.037109375 0.06787109375
0 0.73046875 0.84521484375 0.03515625 0.07568359375
0 0.765625 0.86572265625 0.03515625 0.06494140625
0 0.814453125 0.89599609375 0.04296875 0.0625
0 0.865234375 0.921875 0.05859375 0.07275390625
0 0.90625 0.42431640625 0.1328125 0.140625
0 0.90234375 0.52587890625 0.15625 0.15087890625