0 0.62890625 0.123046875 0.05859375 0.056640625
0 0.67626953125 0.1240234375 0.0185546875 0.04541015625
0 0.72216796875 0.1181640625 0.05810546875 0.06689453125
0 0.77392578125 0.126953125 0.033203125 0.05322265625
0 0.83642578125 0.12744140625 0.08544921875 0.05908203125
0 0.9140625 0.12890625 0.05078125 0.06005859375
0 0.9638671875 0.1328125 0.037109375 0.056640625
0 0.994140625 0.14208984375 0.01171875 0.0654296875
0 0.6279296875 0.28564453125 0.044921875 0.0732421875
0 0.68994140625 0.28759765625 0.06494140625 0.07421875
0 0.7646484375 0.28662109375 0.072265625 0.0849609375
0 0.8271484375 0.29296875 0.0390625 0.072265625
0 0.865234375 0.2861328125 0.0283203125 0.08544921875
0 0.9111328125 0.28369140625 0.05078125 0.0908203125
0 0.96728515625 0.2890625 0.0498046875 0.080078125
0 0.17626953125 0.56201171875 0.05517578125 0.04052734375
0 0.2255859375 0.556640625 0.03466796875 0.04248046875
0 0.2822265625 0.5517578125 0.0693359375 0.03662109375
0 0.169921875 0.61279296875 0.0517578125 0.03759765625
0 0.22998046875 0.60791015625 0.060546875 0.03955078125
0 0.2783203125 0.6064453125 0.02978515625 0.03466796875
0 0.62744140625 0.54443359375 0.0556640625 0.1103515625
0 0.73095703125 0.564453125 0.1240234375 0.11376953125
0 0.84228515625 0.541015625 0.08984375 0.1103515625