0 0.583984375 0.13232421875 0.2587890625 0.12646484375
0 0.76611328125 0.13134765625 0.12744140625 0.095703125
0 0.54296875 0.23583984375 0.1435546875 0.0576171875
0 0.685546875 0.23779296875 0.1025390625 0.06005859375
0 0.79296875 0.2451171875 0.07177734375 0.041015625
0 0.32763671875 0.525390625 0.0439453125 0.048828125
0 0.30126953125 0.56298828125 0.0966796875 0.0400390625
0 0.60986328125 0.52880859375 0.16552734375 0.12548828125
0 0.7392578125 0.54736328125 0.080078125 0.0888671875
0 0.861328125 0.5537109375 0.16015625 0.0888671875
0 0.59423828125 0.68798828125 0.30859375 0.09716796875
0 0.8203125 0.6923828125 0.14111328125 0.1318359375
0 0.9462890625 0.69775390625 0.107421875 0.0908203125