0 0.38720703125 0.7578125 0.0673828125 0.0810546875
0 0.44970703125 0.75537109375 0.06103515625 0.072265625
0 0.51416015625 0.75537109375 0.0478515625 0.06787109375
0 0.56640625 0.75341796875 0.05419921875 0.072265625
0 0.29296875 0.8935546875 0.04931640625 0.05029296875
0 0.349609375 0.8935546875 0.0673828125 0.0458984375
0 0.42822265625 0.8935546875 0.083984375 0.04150390625
0 0.4892578125 0.89013671875 0.041015625 0.0439453125
0 0.55859375 0.8837890625 0.09375 0.052734375
0 0.6396484375 0.8837890625 0.0625 0.04833984375
0 0.7041015625 0.8828125 0.06591796875 0.05029296875