0 0.189453125 0.0966796875 0.37890625 0.193359375
0 0.1162109375 0.234375 0.232421875 0.134765625
0 0.4853515625 0.029296875 0.072265625 0.05859375
0 0.53564453125 0.0322265625 0.0283203125 0.05859375
0 0.482421875 0.1044921875 0.05859375 0.0615234375
0 0.53173828125 0.10986328125 0.0361328125 0.0556640625
0 0.470703125 0.21142578125 0.04296875 0.041015625
0 0.50390625 0.212890625 0.02734375 0.0380859375
0 0.53271484375 0.21533203125 0.0341796875 0.0439453125
0 0.49853515625 0.27685546875 0.1025390625 0.0615234375
0 0.47509765625 0.59716796875 0.1494140625 0.0556640625
0 0.4755859375 0.640625 0.095703125 0.037109375