0 0.2490234375 0.39111328125 0.20751953125 0.16796875
0 0.4833984375 0.4375 0.2216796875 0.18896484375
0 0.7294921875 0.51416015625 0.22509765625 0.14892578125
0 0.05517578125 0.431640625 0.07470703125 0.05908203125
0 0.03564453125 0.33935546875 0.07080078125 0.0498046875
0 0.16748046875 0.4541015625 0.05859375 0.04736328125
0 0.248046875 0.4716796875 0.095703125 0.06396484375
0 0.33251953125 0.49072265625 0.0693359375 0.044921875
0 0.41064453125 0.5107421875 0.08349609375 0.0615234375
0 0.49560546875 0.52587890625 0.05126953125 0.0400390625
0 0.541015625 0.54150390625 0.0390625 0.04736328125
0 0.107421875 0.5400390625 0.1435546875 0.1064453125
0 0.26171875 0.57080078125 0.1611328125 0.08251953125
0 0.4248046875 0.59326171875 0.1044921875 0.08056640625
0 0.517578125 0.62158203125 0.07470703125 0.07080078125
0 0.61083984375 0.63134765625 0.1083984375 0.07568359375
0 0.7119140625 0.65478515625 0.09765625 0.07080078125
0 0.8056640625 0.66650390625 0.09375 0.06640625
0 0.74658203125 0.58984375 0.19140625 0.068359375
0 0.85107421875 0.49072265625 0.03564453125 0.05419921875
0 0.875 0.47998046875 0.0302734375 0.056640625
0 0.87255859375 0.5458984375 0.05322265625 0.07080078125
0 0.8837890625 0.60888671875 0.05517578125 0.0732421875
0 0.89453125 0.67138671875 0.05126953125 0.06640625