0 0.20361328125 0.01318359375 0.3251953125 0.0263671875
0 0.20751953125 0.0791015625 0.2490234375 0.04296875
0 0.19287109375 0.15380859375 0.31494140625 0.04296875
0 0.091796875 0.22705078125 0.10302734375 0.052734375
0 0.2197265625 0.2275390625 0.11328125 0.05322265625
0 0.10302734375 0.2802734375 0.125 0.05224609375
0 0.24365234375 0.29052734375 0.15869140625 0.05419921875
0 0.0771484375 0.3310546875 0.07861328125 0.04296875
0 0.1298828125 0.3330078125 0.02685546875 0.04052734375
0 0.1943359375 0.33740234375 0.076171875 0.04443359375
0 0.4482421875 0.212890625 0.04296875 0.046875
0 0.5712890625 0.84375 0.203125 0.134765625
0 0.79052734375 0.9296875 0.21142578125 0.130859375
0 0.5048828125 0.890625 0.0703125 0.052734375
0 0.59130859375 0.92138671875 0.09765625 0.06103515625
0 0.6767578125 0.951171875 0.06396484375 0.04638671875
0 0.748046875 0.9736328125 0.07421875 0.052734375
0 0.8212890625 0.98583984375 0.06640625 0.0283203125
0 0.580078125 0.955078125 0.220703125 0.08984375