0 0.07763671875 0.03466796875 0.1552734375 0.0693359375
0 0.0576171875 0.13916015625 0.115234375 0.1162109375
0 0.09521484375 0.26025390625 0.1904296875 0.1123046875
0 0.1201171875 0.4013671875 0.19482421875 0.15673828125
0 0.1142578125 0.5048828125 0.228515625 0.068359375
0 0.60986328125 0.1953125 0.24951171875 0.158203125
0 0.86376953125 0.19580078125 0.2724609375 0.1591796875
0 0.60107421875 0.3447265625 0.21826171875 0.10400390625
0 0.8046875 0.33740234375 0.15771484375 0.07763671875
0 0.94775390625 0.32958984375 0.1044921875 0.0908203125
0 0.52978515625 0.44384765625 0.05517578125 0.0576171875
0 0.58837890625 0.4423828125 0.0537109375 0.0859375
0 0.64892578125 0.44921875 0.0537109375 0.07177734375
0 0.70751953125 0.451171875 0.0537109375 0.07177734375
0 0.76123046875 0.44091796875 0.04443359375 0.0673828125
0 0.80712890625 0.45263671875 0.03857421875 0.0732421875
0 0.85791015625 0.44091796875 0.048828125 0.06396484375
0 0.90625 0.44970703125 0.037109375 0.0673828125
0 0.9638671875 0.455078125 0.06884765625 0.0732421875
0 0.52734375 0.5146484375 0.05078125 0.048828125
0 0.58740234375 0.52001953125 0.0576171875 0.0380859375
0 0.65234375 0.5146484375 0.0625 0.048828125
0 0.72021484375 0.51904296875 0.0595703125 0.0400390625
0 0.78662109375 0.5146484375 0.0654296875 0.048828125
0 0.87158203125 0.513671875 0.0966796875 0.05078125
0 0.94921875 0.5166015625 0.05078125 0.044921875
0 0.03564453125 0.78125 0.0712890625 0.072265625
0 0.11279296875 0.8583984375 0.2255859375 0.12109375
0 0.0419921875 0.95654296875 0.06640625 0.0302734375
0 0.10400390625 0.94775390625 0.0517578125 0.03173828125
0 0.1796875 0.9423828125 0.08935546875 0.03173828125
0 0.24609375 0.9365234375 0.03369140625 0.02783203125
0 0.0478515625 0.984375 0.095703125 0.03125
0 0.35986328125 0.9345703125 0.1201171875 0.09375