0 0.298828125 0.0166015625 0.0859375 0.033203125
0 0.3603515625 0.0244140625 0.037109375 0.0380859375
0 0.39501953125 0.02587890625 0.0283203125 0.0419921875
0 0.2998046875 0.15478515625 0.064453125 0.111328125
0 0.37451171875 0.16845703125 0.0693359375 0.0830078125
0 0.1826171875 0.26611328125 0.048828125 0.08349609375
0 0.25 0.27099609375 0.0703125 0.07275390625
0 0.3330078125 0.27294921875 0.076171875 0.0693359375
0 0.39404296875 0.26220703125 0.0302734375 0.0693359375
0 0.306640625 0.34912109375 0.04296875 0.048828125
0 0.3603515625 0.35791015625 0.056640625 0.05908203125
0 0.39892578125 0.3564453125 0.0205078125 0.0625
0 0.73583984375 0.0693359375 0.30224609375 0.1181640625
0 0.94677734375 0.0908203125 0.06396484375 0.07958984375
0 0.6806640625 0.16748046875 0.11376953125 0.05126953125
0 0.84423828125 0.1708984375 0.17578125 0.05126953125
0 0.02783203125 0.55859375 0.0556640625 0.052734375
0 0.146484375 0.556640625 0.15478515625 0.04833984375
0 0.28369140625 0.5576171875 0.11767578125 0.0498046875
0 0.3818359375 0.552734375 0.0546875 0.044921875
0 0.16357421875 0.64697265625 0.3271484375 0.1181640625
0 0.0078125 0.73876953125 0.015625 0.0498046875
0 0.03125 0.73828125 0.02734375 0.0517578125
0 0.05078125 0.74853515625 0.0185546875 0.03173828125
0 0.07568359375 0.73583984375 0.03369140625 0.05322265625
0 0.09521484375 0.74755859375 0.0126953125 0.02978515625
0 0.130859375 0.74169921875 0.05126953125 0.0615234375
0 0.18994140625 0.732421875 0.0751953125 0.06005859375
0 0.27197265625 0.73095703125 0.06884765625 0.06005859375
0 0.33056640625 0.7275390625 0.048828125 0.056640625
0 0.3876953125 0.724609375 0.04296875 0.05859375
0 0.01123046875 0.796875 0.0224609375 0.03515625
0 0.0625 0.794921875 0.0849609375 0.04150390625
0 0.11572265625 0.79345703125 0.0185546875 0.03515625
0 0.12890625 0.7958984375 0.017578125 0.033203125
0 0.142578125 0.79150390625 0.017578125 0.03173828125
0 0.2001953125 0.78662109375 0.09765625 0.04150390625
0 0.2626953125 0.7900390625 0.02001953125 0.03173828125
0 0.3076171875 0.78857421875 0.04248046875 0.03515625
0 0.3583984375 0.78173828125 0.05859375 0.03515625
0 0.39892578125 0.7802734375 0.0205078125 0.03515625
0 0.55810546875 0.6630859375 0.2978515625 0.38671875
0 0.4443359375 0.90283203125 0.0703125 0.1630859375
0 0.51318359375 0.88525390625 0.05078125 0.12060546875
0 0.62548828125 0.8232421875 0.173828125 0.20751953125