0 0.62841796875 0.30517578125 0.072265625 0.08154296875
0 0.7314453125 0.2998046875 0.10986328125 0.07275390625
0 0.68994140625 0.39013671875 0.19580078125 0.0927734375
0 0.71435546875 0.47705078125 0.048828125 0.01513671875
0 0.7470703125 0.4775390625 0.013671875 0.013671875
0 0.76416015625 0.47607421875 0.01806640625 0.013671875
0 0.70703125 0.49853515625 0.03564453125 0.025390625
0 0.7509765625 0.49560546875 0.04833984375 0.02294921875
0 0.7021484375 0.54833984375 0.02734375 0.0126953125
0 0.7216796875 0.548828125 0.01171875 0.0087890625
0 0.73291015625 0.548828125 0.009765625 0.0087890625
0 0.716796875 0.56884765625 0.05615234375 0.029296875
0 0.76513671875 0.5693359375 0.0341796875 0.02587890625
0 0.58203125 0.89990234375 0.0859375 0.0751953125
0 0.91259765625 0.70703125 0.05078125 0.05078125
0 0.654296875 0.8232421875 0.0185546875 0.013671875
0 0.80078125 0.82666015625 0.00927734375 0.00537109375
0 0.71728515625 0.8642578125 0.0068359375 0.00830078125
0 0.541015625 0.78076171875 0.013671875 0.01953125
0 0.5107421875 0.76416015625 0.01123046875 0.02783203125
0 0.4033203125 0.48828125 0.005859375 0.005859375
0 0.40966796875 0.48828125 0.005859375 0.005859375
0 0.4150390625 0.48779296875 0.005859375 0.005859375
0 0.4228515625 0.48828125 0.01025390625 0.00537109375
0 0.408203125 0.4951171875 0.009765625 0.0048828125
0 0.4169921875 0.4951171875 0.00830078125 0.005859375
0 0.4228515625 0.49560546875 0.00390625 0.00537109375
0 0.41015625 0.50048828125 0.0078125 0.00537109375
0 0.4169921875 0.50146484375 0.005859375 0.0048828125
0 0.12841796875 0.40576171875 0.0361328125 0.0458984375
0 0.12841796875 0.45068359375 0.03857421875 0.04931640625
0 0.16455078125 0.4296875 0.02978515625 0.0859375
0 0.1884765625 0.40234375 0.021484375 0.0400390625
0 0.220703125 0.396484375 0.03564453125 0.0478515625
0 0.2607421875 0.39501953125 0.04052734375 0.04345703125
0 0.24169921875 0.4521484375 0.08251953125 0.04150390625
0 0.14794921875 0.5107421875 0.0068359375 0.02197265625
0 0.1689453125 0.505859375 0.0322265625 0.02978515625
0 0.19140625 0.51025390625 0.0087890625 0.01220703125
0 0.21435546875 0.509765625 0.03369140625 0.021484375
0 0.234375 0.50439453125 0.0078125 0.01513671875
0 0.06005859375 0.42431640625 0.013671875 0.01318359375
0 0.0732421875 0.4228515625 0.0146484375 0.01611328125
0 0.0517578125 0.4697265625 0.00390625 0.00927734375
0 0.06884765625 0.46923828125 0.03076171875 0.0107421875
0 0.08544921875 0.46923828125 0.00341796875 0.00830078125