0 0.62548828125 0.0439453125 0.0400390625 0.04296875
0 0.1650390625 0.251953125 0.01611328125 0.06787109375
0 0.18798828125 0.251953125 0.0263671875 0.0595703125
0 0.21337890625 0.25830078125 0.0224609375 0.05517578125
0 0.23486328125 0.255859375 0.017578125 0.0595703125
0 0.2548828125 0.251953125 0.02490234375 0.0595703125
0 0.2783203125 0.26025390625 0.02392578125 0.05126953125
0 0.1337890625 0.3134765625 0.0390625 0.046875
0 0.17138671875 0.3134765625 0.03369140625 0.05517578125
0 0.20703125 0.30908203125 0.03271484375 0.05517578125
0 0.24072265625 0.31787109375 0.03125 0.046875
0 0.26708984375 0.30712890625 0.01904296875 0.06787109375
0 0.28955078125 0.30908203125 0.021484375 0.06396484375
0 0.31689453125 0.31982421875 0.03125 0.04248046875
0 0.17236328125 0.4794921875 0.03759765625 0.140625
0 0.23486328125 0.4775390625 0.0751953125 0.1533203125
0 0.310546875 0.4814453125 0.06396484375 0.13623046875
0 0.36328125 0.48779296875 0.04150390625 0.11474609375
0 0.42626953125 0.5048828125 0.07666015625 0.08935546875
0 0.50146484375 0.48388671875 0.06396484375 0.1318359375
0 0.59375 0.4833984375 0.111328125 0.140625
0 0.46630859375 0.255859375 0.01904296875 0.06787109375
0 0.4921875 0.25830078125 0.0302734375 0.046875
0 0.51953125 0.2626953125 0.02490234375 0.05517578125
0 0.54150390625 0.24951171875 0.01611328125 0.05517578125
0 0.56689453125 0.24951171875 0.03125 0.05517578125
0 0.5986328125 0.251953125 0.03271484375 0.06787109375
0 0.39306640625 0.3115234375 0.0302734375 0.0595703125
0 0.42431640625 0.31982421875 0.0302734375 0.06787109375
0 0.45263671875 0.3134765625 0.0263671875 0.05517578125
0 0.478515625 0.3154296875 0.0224609375 0.06787109375
0 0.5087890625 0.31787109375 0.03369140625 0.046875
0 0.53955078125 0.31982421875 0.02783203125 0.0595703125
0 0.564453125 0.3115234375 0.01904296875 0.0595703125
0 0.58447265625 0.3115234375 0.01904296875 0.0595703125
0 0.61572265625 0.3134765625 0.04150390625 0.072265625
0 0.6435546875 0.3134765625 0.01171875 0.072265625
0 0.2724609375 0.65185546875 0.05517578125 0.11083984375
0 0.32470703125 0.64990234375 0.04150390625 0.1064453125
0 0.38427734375 0.64990234375 0.06787109375 0.09765625
0 0.439453125 0.6474609375 0.03759765625 0.11083984375
0 0.48779296875 0.658203125 0.05126953125 0.08935546875
0 0.53955078125 0.658203125 0.0478515625 0.1318359375
0 0.16455078125 0.77099609375 0.02490234375 0.11083984375
0 0.2099609375 0.77099609375 0.06005859375 0.11083984375
0 0.26123046875 0.79443359375 0.0400390625 0.1064453125
0 0.2958984375 0.775390625 0.0263671875 0.10205078125
0 0.337890625 0.775390625 0.05029296875 0.11083984375
0 0.39111328125 0.7880859375 0.048828125 0.119140625
0 0.44482421875 0.77734375 0.05126953125 0.1064453125
0 0.4931640625 0.78564453125 0.03759765625 0.08935546875
0 0.544921875 0.76904296875 0.0576171875 0.12353515625
0 0.59912109375 0.77734375 0.0439453125 0.1064453125
0 0.63623046875 0.7685546875 0.0263671875 0.115234375
0 0.216796875 0.91162109375 0.0615234375 0.09375
0 0.2705078125 0.90478515625 0.0390625 0.1064453125
0 0.30615234375 0.91162109375 0.02490234375 0.09375
0 0.33544921875 0.896484375 0.02783203125 0.12353515625
0 0.37353515625 0.90087890625 0.0439453125 0.11474609375
0 0.41748046875 0.921875 0.0390625 0.1064453125
0 0.45654296875 0.92431640625 0.03125 0.11083984375
0 0.5 0.91357421875 0.048828125 0.12353515625
0 0.5517578125 0.90478515625 0.04638671875 0.1064453125
0 0.60205078125 0.91357421875 0.04638671875 0.08935546875
0 0.35302734375 0.99365234375 0.0341796875 0.0126953125
0 0.7607421875 0.29541015625 0.11328125 0.04638671875
0 0.8525390625 0.3046875 0.0625 0.04638671875
0 0.7509765625 0.35888671875 0.15625 0.10498046875
0 0.7060546875 0.4306640625 0.11328125 0.052734375
0 0.6552734375 0.47265625 0.01171875 0.037109375
0 0.6796875 0.47607421875 0.025390625 0.03076171875
0 0.703125 0.47607421875 0.025390625 0.03076171875
0 0.759765625 0.47900390625 0.025390625 0.037109375
0 0.8359375 0.48193359375 0.091796875 0.037109375