0 0.2607421875 0.02197265625 0.478515625 0.0439453125
0 0.45458984375 0.07275390625 0.1494140625 0.1435546875
0 0.05615234375 0.38330078125 0.1064453125 0.0732421875
0 0.1826171875 0.36083984375 0.134765625 0.1181640625
0 0.29638671875 0.3662109375 0.08740234375 0.10693359375
0 0.4033203125 0.37158203125 0.11376953125 0.08935546875
0 0.4970703125 0.357421875 0.064453125 0.125
0 0.568359375 0.05908203125 0.078125 0.1083984375
0 0.658203125 0.0419921875 0.08984375 0.083984375
0 0.74951171875 0.02783203125 0.0888671875 0.0556640625
0 0.5634765625 0.154296875 0.068359375 0.078125
0 0.63037109375 0.13330078125 0.0703125 0.076171875
0 0.72265625 0.1083984375 0.1181640625 0.095703125
0 0.9765625 0.0869140625 0.0322265625 0.08349609375
0 0.9560546875 0.1953125 0.02490234375 0.09423828125
0 0.98486328125 0.16943359375 0.0302734375 0.1201171875
0 0.0234375 0.47607421875 0.046875 0.1005859375
0 0.134765625 0.48388671875 0.10009765625 0.10205078125
0 0.24169921875 0.49951171875 0.11474609375 0.095703125
0 0.37109375 0.58447265625 0.123046875 0.08740234375
0 0.48291015625 0.5986328125 0.0927734375 0.091796875
0 0.36376953125 0.67529296875 0.10009765625 0.08544921875
0 0.474609375 0.677734375 0.109375 0.087890625
0 0.36376953125 0.8837890625 0.06689453125 0.0771484375
0 0.43798828125 0.89013671875 0.06884765625 0.0771484375
0 0.51416015625 0.8935546875 0.0302734375 0.068359375
0 0.552734375 0.59326171875 0.03759765625 0.04296875
0 0.58935546875 0.5947265625 0.04443359375 0.0595703125
0 0.814453125 0.447265625 0.037109375 0.0546875
0 0.9072265625 0.59130859375 0.16455078125 0.15283203125
0 0.81591796875 0.6181640625 0.02685546875 0.09326171875
0 0.8271484375 0.69775390625 0.048828125 0.06640625