0 0.02587890625 0.35693359375 0.03955078125 0.04443359375
0 0.07763671875 0.35986328125 0.0634765625 0.0576171875
0 0.140625 0.36279296875 0.0625 0.0556640625
0 0.1875 0.35888671875 0.03125 0.04833984375
0 0.22705078125 0.36181640625 0.0478515625 0.0537109375
0 0.26708984375 0.36181640625 0.0341796875 0.04638671875
0 0.30224609375 0.36865234375 0.0341796875 0.0419921875
0 0.06494140625 0.4384765625 0.0908203125 0.0888671875
0 0.15771484375 0.44140625 0.078125 0.07568359375
0 0.26123046875 0.43994140625 0.1162109375 0.0927734375
0 0.63330078125 0.33056640625 0.01220703125 0.01904296875
0 0.64794921875 0.33251953125 0.01513671875 0.01318359375
0 0.66796875 0.33203125 0.02099609375 0.015625
0 0.6884765625 0.33203125 0.0166015625 0.015625
0 0.62744140625 0.35009765625 0.02685546875 0.015625
0 0.65087890625 0.34912109375 0.01708984375 0.017578125
0 0.66650390625 0.34912109375 0.01220703125 0.017578125
0 0.68115234375 0.35009765625 0.01513671875 0.01806640625
0 0.6982421875 0.35107421875 0.0205078125 0.01318359375
0 0.60986328125 0.36865234375 0.02197265625 0.015625
0 0.6279296875 0.369140625 0.01123046875 0.01220703125
0 0.6455078125 0.3701171875 0.0224609375 0.0146484375
0 0.6669921875 0.37109375 0.017578125 0.0166015625
0 0.689453125 0.36962890625 0.02587890625 0.013671875
0 0.71435546875 0.36962890625 0.01904296875 0.013671875
0 0.6005859375 0.39013671875 0.01953125 0.01513671875
0 0.61669921875 0.39013671875 0.01123046875 0.01513671875
0 0.63427734375 0.38818359375 0.02099609375 0.01318359375
0 0.65380859375 0.38818359375 0.01416015625 0.0146484375
0 0.67333984375 0.38916015625 0.02197265625 0.01611328125
0 0.6943359375 0.38818359375 0.01904296875 0.0146484375
0 0.71923828125 0.39013671875 0.0263671875 0.0146484375
0 0.5859375 0.43896484375 0.02001953125 0.03173828125
0 0.61474609375 0.43505859375 0.03076171875 0.04248046875
0 0.65380859375 0.435546875 0.041015625 0.0400390625
0 0.6845703125 0.43359375 0.01806640625 0.04345703125
0 0.7099609375 0.43701171875 0.02783203125 0.0458984375
0 0.3642578125 0.59912109375 0.08984375 0.0400390625
0 0.45263671875 0.60498046875 0.0869140625 0.0517578125
0 0.54248046875 0.6044921875 0.0849609375 0.05078125
0 0.6123046875 0.6083984375 0.046875 0.05859375
0 0.6943359375 0.61083984375 0.119140625 0.0634765625
0 0.78173828125 0.6123046875 0.0751953125 0.06640625
0 0.8388671875 0.61767578125 0.05615234375 0.06689453125
0 0.90673828125 0.62353515625 0.10400390625 0.06689453125
0 0.9765625 0.6396484375 0.046875 0.087890625
0 0.39599609375 0.68408203125 0.1533203125 0.1259765625
0 0.53564453125 0.69775390625 0.1162109375 0.0966796875
0 0.646484375 0.70068359375 0.09619140625 0.11181640625
0 0.74755859375 0.71142578125 0.10595703125 0.099609375
0 0.88525390625 0.71484375 0.18701171875 0.10693359375