0 0.5390625 0.2109375 0.05810546875 0.09033203125
0 0.61181640625 0.21240234375 0.080078125 0.09326171875
0 0.69677734375 0.2275390625 0.08203125 0.09326171875
0 0.81103515625 0.21826171875 0.06201171875 0.0751953125
0 0.77685546875 0.23046875 0.01806640625 0.05712890625
0 0.4931640625 0.216796875 0.02197265625 0.0419921875
0 0.494140625 0.33740234375 0.02001953125 0.0419921875
0 0.5400390625 0.32958984375 0.06396484375 0.099609375
0 0.59716796875 0.33154296875 0.0419921875 0.09619140625
0 0.64306640625 0.3388671875 0.0458984375 0.0751953125
0 0.78076171875 0.341796875 0.01806640625 0.05712890625
0 0.81787109375 0.33154296875 0.06005859375 0.078125
0 0.498046875 0.4609375 0.02001953125 0.0361328125
0 0.55419921875 0.44873046875 0.087890625 0.1083984375
0 0.6318359375 0.447265625 0.06787109375 0.099609375
0 0.69482421875 0.44580078125 0.05810546875 0.1025390625
0 0.78515625 0.45947265625 0.01416015625 0.05712890625
0 0.82080078125 0.4501953125 0.05810546875 0.08154296875
0 0.5 0.5830078125 0.02001953125 0.04541015625
0 0.5732421875 0.5830078125 0.1181640625 0.08154296875
0 0.7900390625 0.57958984375 0.01611328125 0.0634765625
0 0.8271484375 0.5693359375 0.05810546875 0.08447265625
0 0.501953125 0.7109375 0.02001953125 0.04833984375
0 0.5732421875 0.703125 0.10986328125 0.08740234375
0 0.65576171875 0.70166015625 0.06005859375 0.09033203125
0 0.71923828125 0.70458984375 0.05810546875 0.1025390625
0 0.77685546875 0.68505859375 0.05419921875 0.10546875
0 0.833984375 0.6884765625 0.05615234375 0.08740234375
0 0.505859375 0.8330078125 0.02392578125 0.04541015625
0 0.5478515625 0.828125 0.06787109375 0.09033203125
0 0.60009765625 0.81787109375 0.0439453125 0.10546875
0 0.65478515625 0.82958984375 0.05810546875 0.12353515625
0 0.7958984375 0.8193359375 0.02001953125 0.06640625
0 0.833984375 0.8115234375 0.06005859375 0.08740234375