0 0.4287109375 0.052734375 0.0888671875 0.02734375
0 0.42919921875 0.08251953125 0.1357421875 0.04638671875
0 0.14892578125 0.2236328125 0.13720703125 0.0390625
0 0.265625 0.2099609375 0.08837890625 0.04541015625
0 0.01513671875 0.24853515625 0.0302734375 0.0166015625
0 0.16357421875 0.27587890625 0.03759765625 0.021484375
0 0.20166015625 0.2802734375 0.03759765625 0.01220703125
0 0.236328125 0.27392578125 0.03662109375 0.0224609375
0 0.2626953125 0.2607421875 0.02880859375 0.02392578125
0 0.4091796875 0.2568359375 0.048828125 0.01416015625
0 0.44580078125 0.259765625 0.025390625 0.01708984375
0 0.48388671875 0.25830078125 0.0537109375 0.01904296875
0 0.1220703125 0.35888671875 0.244140625 0.0693359375
0 0.3310546875 0.3671875 0.15185546875 0.0791015625
0 0.03662109375 0.46875 0.0732421875 0.041015625
0 0.14453125 0.462890625 0.14453125 0.052734375
0 0.25244140625 0.4599609375 0.0732421875 0.05859375
0 0.35986328125 0.447265625 0.14794921875 0.06005859375
0 0.81396484375 0.10498046875 0.3720703125 0.2099609375
0 0.82666015625 0.306640625 0.08203125 0.06396484375
0 0.9326171875 0.29443359375 0.134765625 0.0869140625
0 0.65966796875 0.42529296875 0.10400390625 0.0986328125
0 0.78662109375 0.42236328125 0.18212890625 0.0986328125
0 0.9375 0.4033203125 0.125 0.095703125
0 0.10986328125 0.74951171875 0.20458984375 0.13525390625
0 0.32958984375 0.8349609375 0.21142578125 0.130859375
0 0.04345703125 0.79638671875 0.0712890625 0.05322265625
0 0.13037109375 0.82666015625 0.09765625 0.06103515625
0 0.2158203125 0.8564453125 0.06396484375 0.04638671875
0 0.28759765625 0.88134765625 0.07373046875 0.05615234375
0 0.36083984375 0.904296875 0.06640625 0.05322265625
0 0.4169921875 0.923828125 0.04638671875 0.0439453125
0 0.115234375 0.88671875 0.2294921875 0.14111328125