0 0.58056640625 0.14794921875 0.0185546875 0.0361328125
0 0.57177734375 0.19970703125 0.02001953125 0.03662109375
0 0.58642578125 0.2021484375 0.0068359375 0.04296875
0 0.41015625 0.06103515625 0.01025390625 0.01123046875
0 0.40283203125 0.09326171875 0.01171875 0.01806640625
0 0.41357421875 0.09228515625 0.0078125 0.0185546875
0 0.4326171875 0.09326171875 0.0244140625 0.01904296875
0 0.966796875 0.26904296875 0.06640625 0.0869140625
0 0.91552734375 0.43359375 0.03076171875 0.017578125
0 0.9443359375 0.43505859375 0.03369140625 0.015625
0 0.9736328125 0.4384765625 0.0263671875 0.01513671875
0 0.99267578125 0.4384765625 0.0146484375 0.015625
0 0.0546875 0.74951171875 0.109375 0.0771484375
0 0.2138671875 0.75146484375 0.17431640625 0.0693359375
0 0.3828125 0.75244140625 0.1240234375 0.06396484375
0 0.55712890625 0.7626953125 0.0244140625 0.0205078125
0 0.451171875 0.96728515625 0.0546875 0.03564453125
0 0.0185546875 0.80126953125 0.02587890625 0.0185546875
0 0.0439453125 0.80029296875 0.01953125 0.0244140625
0 0.06982421875 0.80224609375 0.02880859375 0.0205078125
0 0.0986328125 0.80126953125 0.01953125 0.0224609375
0 0.150390625 0.79931640625 0.05615234375 0.0224609375
0 0.19091796875 0.80322265625 0.01953125 0.0185546875
0 0.2333984375 0.80322265625 0.041015625 0.0263671875
0 0.99072265625 0.76318359375 0.0185546875 0.0400390625
0 0.98388671875 0.79248046875 0.0322265625 0.0361328125