0 0.025390625 0.0361328125 0.05078125 0.072265625
0 0.0869140625 0.03515625 0.072265625 0.0703125
0 0.17333984375 0.025390625 0.0830078125 0.05078125
0 0.28759765625 0.02685546875 0.1318359375 0.0537109375
0 0.50537109375 0.01806640625 0.0458984375 0.0361328125
0 0.57568359375 0.01953125 0.05908203125 0.0380859375
0 0.6611328125 0.0234375 0.07763671875 0.02880859375
0 0.78271484375 0.25146484375 0.0126953125 0.0107421875
0 0.79296875 0.25146484375 0.0087890625 0.009765625
0 0.8037109375 0.2509765625 0.01123046875 0.0087890625
0 0.814453125 0.2509765625 0.00927734375 0.0087890625
0 0.771484375 0.26171875 0.00537109375 0.01025390625
0 0.779296875 0.26171875 0.0087890625 0.009765625
0 0.7900390625 0.2626953125 0.01171875 0.01025390625
0 0.80224609375 0.26171875 0.01220703125 0.0087890625
0 0.81396484375 0.26171875 0.01123046875 0.00830078125
0 0.83251953125 0.2626953125 0.00390625 0.0087890625
0 0.8359375 0.26220703125 0.0029296875 0.0078125
0 0.6826171875 0.294921875 0.0068359375 0.0078125
0 0.689453125 0.29541015625 0.0068359375 0.0068359375
0 0.69580078125 0.29541015625 0.0068359375 0.00732421875
0 0.70068359375 0.294921875 0.00439453125 0.0078125
0 0.70556640625 0.294921875 0.005859375 0.00732421875
0 0.0166015625 0.4453125 0.021484375 0.05078125
0 0.01708984375 0.513671875 0.0224609375 0.072265625
0 0.01806640625 0.576171875 0.0224609375 0.03662109375
0 0.01611328125 0.623046875 0.025390625 0.041015625
0 0.01611328125 0.7509765625 0.0185546875 0.0498046875
0 0.015625 0.8349609375 0.0185546875 0.09765625
0 0.015625 0.9208984375 0.00732421875 0.01611328125
0 0.0146484375 0.939453125 0.00830078125 0.02392578125
0 0.0390625 0.435546875 0.00537109375 0.0087890625
0 0.0419921875 0.494140625 0.0107421875 0.05224609375
0 0.04150390625 0.55908203125 0.0126953125 0.0625
0 0.0419921875 0.68212890625 0.02001953125 0.0556640625
0 0.04052734375 0.72607421875 0.0185546875 0.04296875
0 0.0439453125 0.76611328125 0.01318359375 0.03857421875
0 0.041015625 0.79833984375 0.01904296875 0.0419921875
0 0.0439453125 0.89599609375 0.00732421875 0.017578125
0 0.04296875 0.91845703125 0.00830078125 0.02783203125
0 0.15625 0.43505859375 0.05029296875 0.02197265625
0 0.21923828125 0.43359375 0.0654296875 0.02734375
0 0.1748046875 0.4541015625 0.0146484375 0.01171875
0 0.1904296875 0.4541015625 0.01220703125 0.01123046875
0 0.205078125 0.45458984375 0.01513671875 0.013671875
0 0.166015625 0.57958984375 0.22900390625 0.16748046875
0 0.263671875 0.6484375 0.091796875 0.15966796875
0 0.17578125 0.673828125 0.095703125 0.06884765625
0 0.1865234375 0.7236328125 0.15966796875 0.0908203125
0 0.17822265625 0.80419921875 0.1689453125 0.12548828125
0 0.1171875 0.88427734375 0.029296875 0.0244140625
0 0.1455078125 0.88671875 0.02197265625 0.0185546875
0 0.17431640625 0.8935546875 0.029296875 0.0205078125
0 0.197265625 0.8955078125 0.00830078125 0.01611328125
0 0.220703125 0.90234375 0.03125 0.02197265625
0 0.25146484375 0.90771484375 0.021484375 0.01953125
0 0.12353515625 0.90283203125 0.021484375 0.01708984375
0 0.15625 0.91064453125 0.04052734375 0.02685546875
0 0.1875 0.91748046875 0.0146484375 0.0205078125
0 0.2138671875 0.921875 0.033203125 0.02685546875
0 0.2412109375 0.9248046875 0.015625 0.0166015625
0 0.150390625 0.9462890625 0.0107421875 0.0126953125
0 0.1630859375 0.95068359375 0.01611328125 0.0126953125
0 0.19287109375 0.94970703125 0.0107421875 0.00927734375
0 0.2041015625 0.9521484375 0.01318359375 0.01025390625
0 0.216796875 0.95458984375 0.01123046875 0.009765625
0 0.1923828125 0.9580078125 0.01025390625 0.00927734375
0 0.203125 0.9599609375 0.0107421875 0.009765625
0 0.21484375 0.962890625 0.01025390625 0.00927734375
0 0.2265625 0.9658203125 0.01416015625 0.01171875
0 0.380859375 0.447265625 0.005859375 0.00927734375
0 0.38232421875 0.54443359375 0.0107421875 0.0830078125
0 0.375 0.544921875 0.0087890625 0.06884765625
0 0.375 0.64453125 0.01806640625 0.07470703125
0 0.37255859375 0.70654296875 0.015625 0.0458984375
0 0.37255859375 0.76025390625 0.0166015625 0.06396484375
0 0.505859375 0.6875 0.080078125 0.07666015625
0 0.5751953125 0.693359375 0.0439453125 0.06494140625
0 0.626953125 0.681640625 0.044921875 0.09521484375
0 0.69189453125 0.6865234375 0.08251953125 0.078125
0 0.76953125 0.68896484375 0.0625 0.08349609375
0 0.8359375 0.68505859375 0.0673828125 0.0849609375
0 0.9150390625 0.69091796875 0.07373046875 0.08642578125
0 0.9794921875 0.69189453125 0.041015625 0.0830078125
0 0.64697265625 0.8349609375 0.3349609375 0.1650390625