0 0.07861328125 0.0146484375 0.0732421875 0.029296875
0 0.154296875 0.01953125 0.072265625 0.0390625
0 0.2216796875 0.02734375 0.04296875 0.0546875
0 0.0869140625 0.10107421875 0.09326171875 0.07421875
0 0.1796875 0.1103515625 0.08154296875 0.08642578125
0 0.24951171875 0.1240234375 0.0517578125 0.05859375
0 0.30859375 0.12255859375 0.05322265625 0.07421875
0 0.38818359375 0.13037109375 0.1015625 0.0771484375
0 0.10205078125 0.1796875 0.12353515625 0.07080078125
0 0.20068359375 0.18603515625 0.06689453125 0.06494140625
0 0.271484375 0.1923828125 0.07177734375 0.06494140625
0 0.33642578125 0.2138671875 0.04150390625 0.05859375
0 0.0869140625 0.28173828125 0.08984375 0.07080078125
0 0.1796875 0.28759765625 0.08154296875 0.08349609375
0 0.24951171875 0.298828125 0.04833984375 0.0615234375
0 0.34375 0.30322265625 0.12353515625 0.0771484375
0 0.09814453125 0.36181640625 0.1083984375 0.07080078125
0 0.1962890625 0.36474609375 0.07177734375 0.06494140625
0 0.259765625 0.38671875 0.04150390625 0.06494140625
0 0.9931640625 0.1396484375 0.013671875 0.068359375
0 0.990234375 0.265625 0.01953125 0.134765625
0 0.458984375 0.8349609375 0.0986328125 0.05517578125
0 0.54248046875 0.8271484375 0.0615234375 0.05517578125
0 0.4921875 0.89990234375 0.04150390625 0.02978515625
0 0.3701171875 0.9736328125 0.03076171875 0.03271484375
0 0.41162109375 0.96875 0.05224609375 0.03759765625
0 0.47509765625 0.97216796875 0.072265625 0.0400390625
0 0.53662109375 0.96728515625 0.0478515625 0.0498046875
0 0.5751953125 0.96533203125 0.029296875 0.0419921875
0 0.5380859375 0.99462890625 0.0390625 0.0107421875
0 0.57421875 0.99609375 0.02734375 0.0078125
0 0.7548828125 0.62939453125 0.076171875 0.04150390625
0 0.8115234375 0.6396484375 0.033203125 0.03125
0 0.8486328125 0.63037109375 0.037109375 0.04443359375
0 0.900390625 0.63427734375 0.0625 0.046875
0 0.7392578125 0.68115234375 0.107421875 0.03125
0 0.8173828125 0.68408203125 0.044921875 0.03125
0 0.8759765625 0.6787109375 0.068359375 0.04150390625
0 0.93359375 0.68017578125 0.05078125 0.0390625