0 0.15771484375 0.06103515625 0.1845703125 0.1220703125
0 0.0302734375 0.0810546875 0.060546875 0.044921875
0 0.10400390625 0.1015625 0.08349609375 0.0615234375
0 0.18896484375 0.11669921875 0.05126953125 0.0400390625
0 0.232421875 0.1318359375 0.03515625 0.046875
0 0.017578125 0.1611328125 0.03515625 0.08203125
0 0.1181640625 0.18408203125 0.1044921875 0.08056640625
0 0.2109375 0.21240234375 0.07470703125 0.07080078125
0 0.59814453125 0.00830078125 0.1201171875 0.0166015625
0 0.6904296875 0.01171875 0.05078125 0.0234375
0 0.75341796875 0.01220703125 0.0615234375 0.0244140625
0 0.81005859375 0.0107421875 0.0439453125 0.021484375
0 0.47705078125 0.6806640625 0.0244140625 0.0234375
0 0.48193359375 0.70263671875 0.0341796875 0.01708984375
0 0.25439453125 0.880859375 0.0087890625 0.021484375
0 0.2646484375 0.88232421875 0.01171875 0.01708984375
0 0.2841796875 0.884765625 0.0263671875 0.0185546875
0 0.30859375 0.8857421875 0.017578125 0.0185546875
0 0.330078125 0.88671875 0.02490234375 0.01806640625
0 0.283203125 0.95068359375 0.04443359375 0.08056640625
0 0.70654296875 0.98095703125 0.4501953125 0.0380859375