0 0.09130859375 0.181640625 0.0673828125 0.0810546875
0 0.15380859375 0.17919921875 0.06103515625 0.072265625
0 0.21826171875 0.17919921875 0.0478515625 0.06787109375
0 0.2705078125 0.17724609375 0.05419921875 0.072265625
0 0.0107421875 0.31689453125 0.021484375 0.0498046875
0 0.0537109375 0.3173828125 0.0673828125 0.0458984375
0 0.13232421875 0.3173828125 0.083984375 0.04150390625
0 0.193359375 0.31396484375 0.041015625 0.0439453125
0 0.2626953125 0.3076171875 0.09375 0.052734375
0 0.34375 0.3076171875 0.0625 0.04833984375
0 0.408203125 0.306640625 0.06591796875 0.05029296875
0 0.88623046875 0.35595703125 0.0517578125 0.02490234375
0 0.16015625 0.521484375 0.3203125 0.1875
0 0.01611328125 0.7138671875 0.0322265625 0.056640625
0 0.208984375 0.72265625 0.34326171875 0.06689453125
0 0.03466796875 0.81640625 0.06494140625 0.046875
0 0.0771484375 0.81494140625 0.02001953125 0.03662109375
0 0.12890625 0.81298828125 0.0478515625 0.0400390625
0 0.18115234375 0.8115234375 0.052734375 0.04345703125
0 0.2275390625 0.80810546875 0.03515625 0.04345703125
0 0.26416015625 0.8115234375 0.03271484375 0.03662109375
0 0.32275390625 0.8095703125 0.05517578125 0.046875
0 0.38330078125 0.81640625 0.06005859375 0.0537109375
0 0.4482421875 0.81640625 0.0703125 0.0537109375
0 0.03857421875 0.85791015625 0.0771484375 0.0361328125
0 0.11376953125 0.8583984375 0.06787109375 0.03662109375
0 0.18115234375 0.85498046875 0.03759765625 0.03662109375
0 0.22412109375 0.85986328125 0.0478515625 0.046875
0 0.015625 0.91650390625 0.03125 0.0400390625
0 0.22509765625 0.91357421875 0.06005859375 0.0400390625
0 0.6494140625 0.42529296875 0.099609375 0.0400390625
0 0.7236328125 0.421875 0.04296875 0.044921875
0 0.77294921875 0.42138671875 0.0498046875 0.0439453125
0 0.82421875 0.4169921875 0.044921875 0.03515625
0 0.8818359375 0.4189453125 0.060546875 0.0390625
0 0.96435546875 0.4130859375 0.0712890625 0.02734375
0 0.99560546875 0.55908203125 0.0087890625 0.0322265625
0 0.94921875 0.48388671875 0.1015625 0.1083984375
0 0.73828125 0.49365234375 0.27734375 0.1201171875
0 0.60498046875 0.57470703125 0.0107421875 0.0400390625
0 0.6298828125 0.57373046875 0.03369140625 0.03662109375
0 0.67431640625 0.568359375 0.052734375 0.0400390625
0 0.73681640625 0.57080078125 0.03759765625 0.03173828125
0 0.79248046875 0.56787109375 0.03857421875 0.03173828125
0 0.84033203125 0.564453125 0.05517578125 0.03515625
0 0.90185546875 0.5634765625 0.06005859375 0.033203125