0 0.2109375 0.3466796875 0.0390625 0.046875
0 0.248046875 0.3466796875 0.033203125 0.0546875
0 0.28369140625 0.34423828125 0.0322265625 0.0498046875
0 0.31787109375 0.35107421875 0.03125 0.046875
0 0.34375 0.3466796875 0.01953125 0.0546875
0 0.3662109375 0.3466796875 0.021484375 0.0546875
0 0.39404296875 0.35302734375 0.03125 0.04248046875
0 0.24951171875 0.5126953125 0.03759765625 0.140625
0 0.31201171875 0.5107421875 0.0751953125 0.1533203125
0 0.3876953125 0.5146484375 0.06396484375 0.13623046875
0 0.4404296875 0.52099609375 0.04150390625 0.11474609375
0 0.50341796875 0.5380859375 0.07666015625 0.08935546875
0 0.57275390625 0.51708984375 0.0537109375 0.1318359375
0 0.47021484375 0.3466796875 0.0302734375 0.0546875
0 0.50146484375 0.35302734375 0.0302734375 0.0673828125
0 0.52978515625 0.3466796875 0.0263671875 0.0546875
0 0.55517578125 0.3505859375 0.0224609375 0.0625
0 0.583984375 0.3505859375 0.03125 0.046875
0 0.349609375 0.68505859375 0.05517578125 0.11083984375
0 0.40185546875 0.68310546875 0.04150390625 0.1064453125
0 0.46142578125 0.68310546875 0.06787109375 0.09765625
0 0.5166015625 0.6806640625 0.03759765625 0.11083984375
0 0.56494140625 0.69140625 0.05126953125 0.08935546875
0 0.24169921875 0.80419921875 0.02490234375 0.11083984375
0 0.287109375 0.80419921875 0.06005859375 0.11083984375
0 0.33837890625 0.82763671875 0.0400390625 0.1064453125
0 0.373046875 0.80859375 0.0263671875 0.10205078125
0 0.4150390625 0.80859375 0.05029296875 0.11083984375
0 0.46826171875 0.8212890625 0.048828125 0.119140625
0 0.52197265625 0.810546875 0.05126953125 0.1064453125
0 0.5703125 0.81884765625 0.03759765625 0.08935546875
0 0.2939453125 0.94482421875 0.0615234375 0.09375
0 0.34765625 0.93798828125 0.0390625 0.1064453125
0 0.38330078125 0.94482421875 0.02490234375 0.09375
0 0.41259765625 0.9296875 0.02783203125 0.12353515625
0 0.45068359375 0.93408203125 0.0439453125 0.11474609375
0 0.494140625 0.95068359375 0.0390625 0.0986328125
0 0.533203125 0.95068359375 0.03125 0.0986328125
0 0.576171875 0.9423828125 0.046875 0.115234375
0 0.7900390625 0.33740234375 0.0625 0.0361328125
0 0.87548828125 0.33203125 0.0947265625 0.025390625
0 0.7353515625 0.37109375 0.05615234375 0.02490234375
0 0.783203125 0.36669921875 0.03564453125 0.02099609375
0 0.83447265625 0.3544921875 0.03662109375 0.0224609375
0 0.8837890625 0.34765625 0.05126953125 0.0224609375
0 0.93701171875 0.3388671875 0.0283203125 0.0234375
0 0.97314453125 0.3310546875 0.0380859375 0.0234375
0 0.8369140625 0.37060546875 0.013671875 0.009765625
0 0.84912109375 0.36767578125 0.01123046875 0.0126953125
0 0.8623046875 0.3671875 0.0146484375 0.01123046875
0 0.89501953125 0.36083984375 0.044921875 0.01513671875
0 0.93212890625 0.35595703125 0.0166015625 0.013671875
0 0.94677734375 0.353515625 0.0146484375 0.01123046875
0 0.638671875 0.666015625 0.078125 0.037109375
0 0.72509765625 0.658203125 0.08837890625 0.03466796875
0 0.6533203125 0.92626953125 0.08251953125 0.048828125
0 0.7529296875 0.92529296875 0.11474609375 0.0498046875
0 0.82763671875 0.9267578125 0.0302734375 0.052734375
0 0.625 0.99365234375 0.041015625 0.0126953125
0 0.68310546875 0.994140625 0.0283203125 0.01171875
0 0.705078125 0.99462890625 0.013671875 0.0107421875
0 0.72265625 0.99462890625 0.013671875 0.0107421875
0 0.74755859375 0.99462890625 0.0185546875 0.0107421875
0 0.765625 0.99609375 0.017578125 0.0078125
0 0.783203125 0.99609375 0.01953125 0.0078125