0 0.099609375 0.24853515625 0.1328125 0.140625
0 0.095703125 0.35009765625 0.15625 0.15087890625
0 0.26953125 0.26416015625 0.0859375 0.140625
0 0.2626953125 0.39306640625 0.103515625 0.14306640625
0 0.2626953125 0.486328125 0.080078125 0.0859375
0 0.0224609375 0.0869140625 0.044921875 0.072265625
0 0.0625 0.08837890625 0.02734375 0.04443359375
0 0.47607421875 0.39013671875 0.0126953125 0.0185546875
0 0.58544921875 0.28173828125 0.06884765625 0.08642578125
0 0.681640625 0.283203125 0.09619140625 0.08642578125
0 0.81396484375 0.29248046875 0.134765625 0.07177734375
0 0.9423828125 0.29638671875 0.09521484375 0.06982421875
0 0.623046875 0.40185546875 0.201171875 0.08349609375
0 0.80322265625 0.40087890625 0.12353515625 0.091796875
0 0.0107421875 0.84326171875 0.021484375 0.0263671875
0 0.0068359375 0.8193359375 0.013671875 0.029296875
0 0.0048828125 0.79638671875 0.009765625 0.0205078125
0 0.02392578125 0.7080078125 0.0478515625 0.158203125
0 0.05517578125 0.6181640625 0.09130859375 0.0654296875
0 0.11767578125 0.76806640625 0.18115234375 0.2275390625
0 0.23779296875 0.91015625 0.0263671875 0.03369140625
0 0.24365234375 0.86181640625 0.02783203125 0.05712890625
0 0.26220703125 0.876953125 0.01904296875 0.0498046875
0 0.26953125 0.8447265625 0.013671875 0.015625
0 0.2578125 0.908203125 0.0146484375 0.01025390625
0 0.01171875 0.96875 0.0234375 0.029296875
0 0.01611328125 0.93505859375 0.0322265625 0.0361328125
0 0.35791015625 0.9326171875 0.01171875 0.0078125
0 0.3662109375 0.9013671875 0.021484375 0.0498046875
0 0.37744140625 0.845703125 0.0185546875 0.0517578125
0 0.3955078125 0.75048828125 0.0185546875 0.0283203125
0 0.39990234375 0.71484375 0.01513671875 0.0361328125
0 0.40380859375 0.67822265625 0.01416015625 0.0283203125
0 0.396484375 0.6513671875 0.03125 0.01953125
0 0.39892578125 0.615234375 0.0361328125 0.0361328125
0 0.8017578125 0.56494140625 0.04296875 0.046875
0 0.8583984375 0.560546875 0.0546875 0.0615234375
0 0.703125 0.6162109375 0.091796875 0.0732421875
0 0.7802734375 0.62353515625 0.0546875 0.064453125
0 0.8544921875 0.63818359375 0.0859375 0.05859375
0 0.9208984375 0.6396484375 0.0390625 0.0439453125
0 0.7529296875 0.69091796875 0.0703125 0.05859375
0 0.80859375 0.69970703125 0.033203125 0.046875
0 0.853515625 0.7099609375 0.052734375 0.0615234375
0 0.7109375 0.75390625 0.044921875 0.0615234375
0 0.7548828125 0.765625 0.03515625 0.0439453125
0 0.806640625 0.76123046875 0.056640625 0.0703125
0 0.8720703125 0.77734375 0.0703125 0.0673828125