0 0.8310546875 0.39013671875 0.1767578125 0.06884765625
0 0.96630859375 0.39453125 0.0673828125 0.078125
0 0.8271484375 0.4638671875 0.0703125 0.03125
0 0.90966796875 0.46728515625 0.0888671875 0.0244140625
0 0.97412109375 0.46435546875 0.0439453125 0.0302734375
0 0.17724609375 0.75244140625 0.03759765625 0.03369140625
0 0.21923828125 0.7412109375 0.0439453125 0.03173828125
0 0.26025390625 0.73046875 0.03857421875 0.0283203125
0 0.17138671875 0.78076171875 0.02001953125 0.02294921875
0 0.19091796875 0.7783203125 0.0185546875 0.0283203125
0 0.2138671875 0.77197265625 0.029296875 0.02978515625
0 0.23583984375 0.76416015625 0.0126953125 0.0244140625
0 0.24755859375 0.76220703125 0.013671875 0.02099609375
0 0.28369140625 0.75341796875 0.05810546875 0.03515625
0 0.220703125 0.849609375 0.111328125 0.1005859375
0 0.32666015625 0.81787109375 0.08251953125 0.08984375
0 0.22314453125 0.9287109375 0.08740234375 0.08642578125
0 0.33154296875 0.9013671875 0.1103515625 0.0986328125
0 0.42529296875 0.86865234375 0.064453125 0.07568359375
0 0.1044921875 0.7939453125 0.0166015625 0.0634765625
0 0.11376953125 0.86376953125 0.0166015625 0.07568359375
0 0.12158203125 0.9375 0.015625 0.06884765625
0 0.54296875 0.74462890625 0.07373046875 0.12255859375
0 0.65087890625 0.74462890625 0.12158203125 0.09912109375
0 0.79052734375 0.73193359375 0.1396484375 0.11279296875
0 0.9345703125 0.73291015625 0.130859375 0.1259765625
0 0.517578125 0.90771484375 0.056640625 0.1455078125
0 0.77734375 0.89794921875 0.43505859375 0.2041015625