0 0.10986328125 0.04150390625 0.1220703125 0.0830078125
0 0.1025390625 0.19384765625 0.15771484375 0.28662109375
0 0.1962890625 0.26708984375 0.0498046875 0.09326171875
0 0.41015625 0.14990234375 0.37890625 0.2998046875
0 0.0927734375 0.388671875 0.1376953125 0.11669921875
0 0.22998046875 0.3955078125 0.1376953125 0.1435546875
0 0.3662109375 0.37548828125 0.125 0.10986328125
0 0.5166015625 0.365234375 0.1298828125 0.12353515625
0 0.05712890625 0.52294921875 0.1123046875 0.0927734375
0 0.18701171875 0.5263671875 0.1630859375 0.0859375
0 0.3369140625 0.5244140625 0.1328125 0.08984375
0 0.62109375 0.11669921875 0.04296875 0.0556640625
0 0.68505859375 0.11865234375 0.06494140625 0.0537109375
0 0.76220703125 0.11572265625 0.04345703125 0.06201171875
0 0.8212890625 0.12353515625 0.06396484375 0.044921875
0 0.904296875 0.1181640625 0.08984375 0.05908203125
0 0.9775390625 0.11767578125 0.044921875 0.0556640625
0 0.625 0.171875 0.04541015625 0.04052734375
0 0.69482421875 0.1748046875 0.05908203125 0.0380859375
0 0.7802734375 0.1787109375 0.07763671875 0.02880859375
0 0.90185546875 0.40673828125 0.0126953125 0.0107421875
0 0.912109375 0.40673828125 0.0087890625 0.009765625
0 0.9228515625 0.40625 0.01123046875 0.0087890625
0 0.93359375 0.40625 0.00927734375 0.0087890625
0 0.890625 0.4169921875 0.00537109375 0.01025390625
0 0.8984375 0.4169921875 0.0087890625 0.009765625
0 0.9091796875 0.41796875 0.01171875 0.01025390625
0 0.92138671875 0.4169921875 0.01220703125 0.0087890625
0 0.93310546875 0.4169921875 0.01123046875 0.00830078125
0 0.95166015625 0.41796875 0.00390625 0.0087890625
0 0.955078125 0.41748046875 0.0029296875 0.0078125
0 0.8017578125 0.4501953125 0.0068359375 0.0078125
0 0.80859375 0.45068359375 0.0068359375 0.0068359375
0 0.81494140625 0.45068359375 0.0068359375 0.00732421875
0 0.81982421875 0.4501953125 0.00439453125 0.0078125
0 0.82470703125 0.4501953125 0.005859375 0.00732421875
0 0.09716796875 0.6796875 0.08984375 0.07421875
0 0.17333984375 0.68359375 0.06201171875 0.0830078125
0 0.2470703125 0.68798828125 0.0859375 0.06298828125
0 0.34619140625 0.67529296875 0.10791015625 0.0771484375
0 0.42333984375 0.6826171875 0.06201171875 0.06298828125
0 0.4853515625 0.6767578125 0.06201171875 0.07421875
0 0.55859375 0.67822265625 0.08203125 0.0712890625
0 0.08935546875 0.75537109375 0.11376953125 0.0712890625
0 0.21142578125 0.75244140625 0.13818359375 0.0771484375
0 0.34814453125 0.75537109375 0.13623046875 0.06591796875
0 0.46044921875 0.75244140625 0.091796875 0.06591796875
0 0.54638671875 0.7568359375 0.080078125 0.080078125
0 0.09326171875 0.93359375 0.11376953125 0.1142578125
0 0.3330078125 0.94970703125 0.0419921875 0.037109375
0 0.39501953125 0.94091796875 0.078125 0.06005859375