0 0.08447265625 0.0498046875 0.03125 0.01904296875
0 0.267578125 0.1103515625 0.099609375 0.05419921875
0 0.35302734375 0.109375 0.0732421875 0.04345703125
0 0.20458984375 0.2255859375 0.11376953125 0.06298828125
0 0.314453125 0.21875 0.0595703125 0.076171875
0 0.388671875 0.22216796875 0.0576171875 0.07470703125
0 0.18310546875 0.31005859375 0.0771484375 0.0732421875
0 0.28759765625 0.30712890625 0.08642578125 0.07666015625
0 0.388671875 0.30908203125 0.072265625 0.076171875
0 0.2490234375 0.39794921875 0.08349609375 0.0771484375
0 0.33837890625 0.39892578125 0.05322265625 0.07568359375
0 0.248046875 0.49169921875 0.044921875 0.07568359375
0 0.31103515625 0.48681640625 0.08056640625 0.08154296875
0 0.2490234375 0.58251953125 0.068359375 0.07177734375
0 0.32666015625 0.58203125 0.0791015625 0.06298828125
0 0.18408203125 0.671875 0.05712890625 0.0732421875
0 0.24658203125 0.6669921875 0.0615234375 0.07177734375
0 0.30615234375 0.66455078125 0.05224609375 0.0673828125
0 0.3857421875 0.6669921875 0.06982421875 0.0830078125
0 0.2841796875 0.73974609375 0.0751953125 0.03955078125
0 0.35595703125 0.7333984375 0.0625 0.03662109375
0 0.4375 0.53857421875 0.0107421875 0.03857421875
0 0.43896484375 0.49560546875 0.01318359375 0.0234375
0 0.93701171875 0.35400390625 0.01025390625 0.00830078125
0 0.4599609375 0.28173828125 0.0126953125 0.02001953125
0 0.47216796875 0.1845703125 0.00830078125 0.01318359375
0 0.95361328125 0.26220703125 0.0048828125 0.005859375
0 0.951171875 0.2666015625 0.0048828125 0.00634765625
0 0.9560546875 0.267578125 0.00341796875 0.0048828125
0 0.8564453125 0.30078125 0.00439453125 0.01025390625
0 0.86572265625 0.31005859375 0.0029296875 0.0068359375
0 0.5419921875 0.4208984375 0.0166015625 0.0185546875
0 0.46728515625 0.3798828125 0.0458984375 0.03076171875