0 0.2783203125 0.02734375 0.1875 0.0546875
0 0.32421875 0.1416015625 0.13623046875 0.146484375
0 0.41845703125 0.1650390625 0.0224609375 0.10546875
0 0.248046875 0.2998046875 0.12890625 0.1298828125
0 0.39990234375 0.3095703125 0.0595703125 0.13671875
0 0.2822265625 0.4453125 0.08984375 0.091796875
0 0.38134765625 0.443359375 0.0966796875 0.1015625
0 0.2001953125 0.5654296875 0.0361328125 0.0849609375
0 0.26708984375 0.56396484375 0.03515625 0.08837890625
0 0.34521484375 0.5654296875 0.0537109375 0.0849609375
0 0.4150390625 0.56689453125 0.029296875 0.0810546875
0 0.2080078125 0.6669921875 0.05859375 0.0615234375
0 0.26416015625 0.6728515625 0.0439453125 0.07666015625
0 0.3603515625 0.67333984375 0.138671875 0.0556640625
0 0.5078125 0.3515625 0.0859375 0.02685546875
0 0.6142578125 0.35302734375 0.1240234375 0.03076171875
0 0.74853515625 0.35693359375 0.134765625 0.02392578125
0 0.84033203125 0.35791015625 0.03369140625 0.02880859375
0 0.92919921875 0.3583984375 0.125 0.03125
0 0.595703125 0.38916015625 0.05712890625 0.02197265625
0 0.638671875 0.39208984375 0.0361328125 0.02001953125
0 0.69091796875 0.3935546875 0.0556640625 0.01953125
0 0.7626953125 0.39453125 0.07763671875 0.02001953125
0 0.82080078125 0.39501953125 0.0361328125 0.01953125
0 0.85302734375 0.39892578125 0.03271484375 0.017578125
0 0.8974609375 0.39501953125 0.0546875 0.0224609375
0 0.94921875 0.3984375 0.041015625 0.0224609375
0 0.7216796875 0.7373046875 0.091796875 0.015625
0 0.82763671875 0.73681640625 0.0888671875 0.0146484375
0 0.77294921875 0.77490234375 0.1494140625 0.05029296875
0 0.71923828125 0.83203125 0.1298828125 0.04638671875
0 0.83056640625 0.8330078125 0.08837890625 0.0576171875
0 0.705078125 0.89306640625 0.1728515625 0.05224609375
0 0.86474609375 0.8974609375 0.1123046875 0.03759765625