0 0.12939453125 0.49853515625 0.00634765625 0.00927734375
0 0.416015625 0.1640625 0.02734375 0.03369140625
0 0.45849609375 0.15966796875 0.041015625 0.041015625
0 0.39794921875 0.24853515625 0.0625 0.0693359375
0 0.4833984375 0.24658203125 0.08740234375 0.1005859375
0 0.4091796875 0.31787109375 0.02734375 0.02880859375
0 0.43603515625 0.31689453125 0.02197265625 0.0283203125
0 0.455078125 0.31640625 0.01123046875 0.0185546875
0 0.74609375 0.4580078125 0.033203125 0.08984375
0 0.80908203125 0.48486328125 0.095703125 0.068359375
0 0.7568359375 0.541015625 0.0546875 0.025390625
0 0.81884765625 0.5400390625 0.0478515625 0.0283203125
0 0.88037109375 0.5400390625 0.05126953125 0.025390625
0 0.93701171875 0.5400390625 0.03759765625 0.025390625
0 0.07275390625 0.77734375 0.0791015625 0.03515625
0 0.19091796875 0.77880859375 0.1337890625 0.0380859375
0 0.3349609375 0.78173828125 0.12890625 0.0439453125
0 0.4755859375 0.7841796875 0.126953125 0.048828125
0 0.57470703125 0.787109375 0.06005859375 0.0439453125
0 0.64599609375 0.79052734375 0.06396484375 0.044921875
0 0.009765625 0.90380859375 0.01953125 0.0380859375
0 0.064453125 0.904296875 0.0849609375 0.04248046875
0 0.18896484375 0.91552734375 0.05615234375 0.03662109375
0 0.2490234375 0.9130859375 0.05712890625 0.0439453125
0 0.3671875 0.9111328125 0.05615234375 0.0439453125
0 0.4990234375 0.91552734375 0.04052734375 0.03662109375
0 0.5419921875 0.9130859375 0.04052734375 0.04150390625
0 0.5927734375 0.9169921875 0.05322265625 0.03759765625
0 0.7998046875 0.78271484375 0.064453125 0.0458984375
0 0.88720703125 0.77685546875 0.0986328125 0.0341796875
0 0.94775390625 0.9296875 0.1044921875 0.140625