0 0.03369140625 0.41162109375 0.04248046875 0.04638671875
0 0.1103515625 0.392578125 0.095703125 0.0810546875
0 0.1201171875 0.44970703125 0.240234375 0.11767578125
0 0.34130859375 0.44677734375 0.01806640625 0.013671875
0 0.37158203125 0.443359375 0.02294921875 0.01318359375
0 0.40283203125 0.4404296875 0.04052734375 0.01611328125
0 0.45068359375 0.43408203125 0.052734375 0.01904296875
0 0.49267578125 0.43017578125 0.0283203125 0.01318359375
0 0.4208984375 0.50146484375 0.13427734375 0.06884765625
0 0.35400390625 0.55419921875 0.048828125 0.04052734375
0 0.44580078125 0.5458984375 0.12060546875 0.0478515625
0 0.37646484375 0.5859375 0.02880859375 0.0263671875
0 0.39990234375 0.58642578125 0.0146484375 0.0205078125
0 0.4228515625 0.58154296875 0.02587890625 0.0263671875
0 0.45458984375 0.57958984375 0.0322265625 0.025390625
0 0.38623046875 0.60986328125 0.01171875 0.01025390625
0 0.42236328125 0.609375 0.05908203125 0.01123046875
0 0.3505859375 0.6396484375 0.01220703125 0.01123046875
0 0.36572265625 0.63916015625 0.01806640625 0.0107421875
0 0.38134765625 0.63818359375 0.0126953125 0.00927734375
0 0.39501953125 0.63720703125 0.013671875 0.01025390625
0 0.41259765625 0.63720703125 0.02099609375 0.01025390625
0 0.43115234375 0.63623046875 0.015625 0.0087890625
0 0.44482421875 0.6357421875 0.0087890625 0.01025390625
0 0.4638671875 0.63623046875 0.02783203125 0.0087890625
0 0.486328125 0.63525390625 0.0166015625 0.00830078125
0 0.576171875 0.54052734375 0.02099609375 0.0234375
0 0.59521484375 0.54296875 0.01025390625 0.0166015625
0 0.61572265625 0.53173828125 0.02783203125 0.02490234375
0 0.57763671875 0.552734375 0.02099609375 0.0234375
0 0.5751953125 0.52783203125 0.02099609375 0.0234375
0 0.591796875 0.5185546875 0.0107421875 0.01611328125
0 0.59326171875 0.53076171875 0.01025390625 0.015625
0 0.6142578125 0.5068359375 0.03076171875 0.02490234375
0 0.61474609375 0.51904296875 0.02978515625 0.02587890625