0 0.341796875 0.0234375 0.115234375 0.046875
0 0.50341796875 0.0283203125 0.1845703125 0.056640625
0 0.0244140625 0.04833984375 0.048828125 0.0830078125
0 0.162109375 0.07568359375 0.1689453125 0.0634765625
0 0.28759765625 0.083984375 0.064453125 0.06689453125
0 0.404296875 0.1005859375 0.1376953125 0.09326171875
0 0.947265625 0.1826171875 0.10546875 0.1015625
0 0.81689453125 0.32275390625 0.11767578125 0.111328125
0 0.9453125 0.2958984375 0.109375 0.115234375
0 0.90966796875 0.42919921875 0.1806640625 0.1044921875
0 0.0673828125 0.76953125 0.134765625 0.140625