0 0.21923828125 0.41015625 0.1044921875 0.10791015625
0 0.328125 0.39697265625 0.10302734375 0.10205078125
0 0.47998046875 0.384765625 0.14990234375 0.09423828125
0 0.6015625 0.3798828125 0.0615234375 0.05615234375
0 0.66796875 0.3720703125 0.0546875 0.0439453125
0 0.216796875 0.5322265625 0.1123046875 0.07177734375
0 0.2861328125 0.52099609375 0.0185546875 0.01416015625
0 0.34814453125 0.51123046875 0.0947265625 0.05810546875
0 0.40283203125 0.501953125 0.0146484375 0.01220703125
0 0.47607421875 0.48876953125 0.11767578125 0.078125
0 0.5849609375 0.47509765625 0.083984375 0.05810546875
0 0.66064453125 0.458984375 0.06689453125 0.05810546875
0 0.33544921875 0.7109375 0.1630859375 0.14990234375
0 0.4794921875 0.6650390625 0.1162109375 0.166015625
0 0.58544921875 0.65283203125 0.072265625 0.1259765625
0 0.38037109375 0.8427734375 0.2177734375 0.14599609375