0 0.4716796875 0.1337890625 0.03076171875 0.00732421875
0 0.498046875 0.1337890625 0.01953125 0.0068359375
0 0.5166015625 0.1328125 0.01611328125 0.0078125
0 0.53369140625 0.1337890625 0.015625 0.005859375
0 0.54833984375 0.1337890625 0.01123046875 0.00732421875
0 0.46435546875 0.142578125 0.033203125 0.00927734375
0 0.4892578125 0.146484375 0.021484375 0.01025390625
0 0.50341796875 0.14453125 0.01025390625 0.00634765625
0 0.51318359375 0.14501953125 0.01171875 0.0068359375
0 0.52685546875 0.1435546875 0.01904296875 0.00830078125
0 0.544921875 0.14453125 0.01708984375 0.01025390625
0 0.36376953125 0.21337890625 0.13427734375 0.0546875
0 0.5810546875 0.2216796875 0.25341796875 0.060546875
0 0.39404296875 0.3017578125 0.181640625 0.0947265625
0 0.39013671875 0.3935546875 0.1484375 0.046875
0 0.57763671875 0.400390625 0.19873046875 0.05029296875
0 0.49658203125 0.455078125 0.099609375 0.04736328125
0 0.38037109375 0.5166015625 0.18701171875 0.0478515625
0 0.59716796875 0.51513671875 0.20849609375 0.0546875
0 0.27587890625 0.5908203125 0.00927734375 0.01025390625
0 0.27490234375 0.5771484375 0.00537109375 0.01171875
0 0.5986328125 0.30078125 0.22216796875 0.05126953125
0 0.43896484375 0.5927734375 0.0078125 0.0107421875
0 0.4375 0.578125 0.00537109375 0.01171875
0 0.60693359375 0.5947265625 0.00830078125 0.01123046875
0 0.60546875 0.580078125 0.00537109375 0.01171875
0 0.9423828125 0.6259765625 0.017578125 0.00927734375
0 0.931640625 0.6357421875 0.01025390625 0.00927734375
0 0.9404296875 0.6357421875 0.009765625 0.009765625
0 0.95166015625 0.63671875 0.01416015625 0.00927734375
0 0.96337890625 0.6376953125 0.01025390625 0.009765625
0 0.9306640625 0.50390625 0.029296875 0.00537109375
0 0.912109375 0.5126953125 0.015625 0.00830078125
0 0.93017578125 0.51171875 0.01806640625 0.0107421875
0 0.94970703125 0.5126953125 0.017578125 0.01123046875
0 0.91943359375 0.12890625 0.03466796875 0.00537109375
0 0.90576171875 0.138671875 0.021484375 0.0087890625
0 0.93212890625 0.138671875 0.025390625 0.009765625
0 0.07470703125 0.716796875 0.01513671875 0.009765625