0 0.25634765625 0.06103515625 0.05322265625 0.03173828125
0 0.31787109375 0.0625 0.05419921875 0.0234375
0 0.3701171875 0.0576171875 0.03125 0.03076171875
0 0.31005859375 0.14111328125 0.1591796875 0.1298828125
0 0.23876953125 0.2939453125 0.126953125 0.1025390625
0 0.36279296875 0.28369140625 0.0537109375 0.1083984375
0 0.27978515625 0.392578125 0.0439453125 0.0390625
0 0.34375 0.392578125 0.078125 0.0390625
0 0.64306640625 0.583984375 0.0888671875 0.0361328125
0 0.71923828125 0.5908203125 0.0615234375 0.03515625
0 0.60205078125 0.61181640625 0.05224609375 0.03369140625
0 0.65185546875 0.6181640625 0.0439453125 0.03369140625
0 0.701171875 0.6201171875 0.0498046875 0.03662109375
0 0.7490234375 0.62646484375 0.044921875 0.033203125
0 0.67236328125 0.6552734375 0.20068359375 0.05859375
0 0.88525390625 0.47998046875 0.0732421875 0.03271484375
0 0.9462890625 0.48779296875 0.0419921875 0.03173828125
0 0.984375 0.49560546875 0.03125 0.0263671875
0 0.84521484375 0.6474609375 0.0517578125 0.02294921875
0 0.8779296875 0.65234375 0.013671875 0.01953125
0 0.8955078125 0.64990234375 0.01806640625 0.025390625
0 0.90869140625 0.654296875 0.0087890625 0.01806640625
0 0.9404296875 0.65576171875 0.04150390625 0.021484375
0 0.97607421875 0.65869140625 0.0263671875 0.017578125
0 0.998046875 0.66162109375 0.00390625 0.0185546875
0 0.94091796875 0.6865234375 0.0966796875 0.0263671875
0 0.92138671875 0.58642578125 0.01611328125 0.01318359375
0 0.94482421875 0.58984375 0.02880859375 0.0166015625
0 0.9375 0.599609375 0.0458984375 0.01611328125
0 0.4619140625 0.7802734375 0.013671875 0.005859375
0 0.458984375 0.7919921875 0.03662109375 0.00927734375
0 0.671875 0.9306640625 0.0947265625 0.03466796875
0 0.7685546875 0.92822265625 0.08349609375 0.03369140625
0 0.8544921875 0.9267578125 0.076171875 0.03857421875
0 0.91796875 0.923828125 0.0419921875 0.02978515625
0 0.9716796875 0.92138671875 0.056640625 0.0322265625
0 0.7138671875 0.9814453125 0.2109375 0.037109375
0 0.9423828125 0.9775390625 0.115234375 0.044921875