0 0.15771484375 0.125 0.107421875 0.1640625
0 0.26904296875 0.1337890625 0.11767578125 0.16259765625
0 0.3837890625 0.1396484375 0.10107421875 0.15673828125
0 0.48876953125 0.11376953125 0.10400390625 0.09423828125
0 0.59521484375 0.12841796875 0.11376953125 0.09033203125
0 0.69677734375 0.13623046875 0.09375 0.0859375
0 0.7841796875 0.146484375 0.06689453125 0.06787109375
0 0.34912109375 0.2666015625 0.10009765625 0.08056640625
0 0.45361328125 0.2744140625 0.0966796875 0.08203125
0 0.54638671875 0.279296875 0.07177734375 0.05810546875
0 0.6171875 0.2763671875 0.0654296875 0.072265625
0 0.25 0.3349609375 0.0751953125 0.05810546875
0 0.31982421875 0.33837890625 0.05224609375 0.05712890625
0 0.37548828125 0.35009765625 0.05126953125 0.05810546875
0 0.4423828125 0.35009765625 0.076171875 0.06689453125
0 0.52392578125 0.3525390625 0.0771484375 0.04736328125
0 0.6005859375 0.3564453125 0.06982421875 0.048828125
0 0.68603515625 0.35693359375 0.0908203125 0.0556640625
0 0.1796875 0.39990234375 0.06787109375 0.0498046875
0 0.2607421875 0.4013671875 0.0908203125 0.0556640625
0 0.36865234375 0.40576171875 0.1103515625 0.0556640625
0 0.4765625 0.40771484375 0.0927734375 0.05712890625
0 0.5869140625 0.41455078125 0.11376953125 0.05712890625
0 0.6943359375 0.41796875 0.0908203125 0.052734375
0 0.7666015625 0.42431640625 0.0458984375 0.04296875
0 0.4609375 0.4755859375 0.046875 0.029296875
0 0.5146484375 0.4814453125 0.05224609375 0.03759765625
0 0.5693359375 0.482421875 0.048828125 0.03466796875
0 0.6064453125 0.4814453125 0.02099609375 0.029296875
0 0.6484375 0.48388671875 0.05322265625 0.0400390625
0 0.68798828125 0.48388671875 0.02197265625 0.0263671875
0 0.7236328125 0.4853515625 0.04052734375 0.0263671875