0 0.19189453125 0.3759765625 0.0712890625 0.0283203125
0 0.248046875 0.37060546875 0.03857421875 0.03515625
0 0.20263671875 0.45263671875 0.08251953125 0.01513671875
0 0.33447265625 0.40673828125 0.09375 0.02685546875
0 0.2919921875 0.42822265625 0.0263671875 0.0166015625
0 0.3173828125 0.4306640625 0.0224609375 0.021484375
0 0.34521484375 0.42822265625 0.02734375 0.0166015625
0 0.37451171875 0.4306640625 0.02880859375 0.0185546875
0 0.33447265625 0.453125 0.12353515625 0.0166015625
0 0.49169921875 0.32177734375 0.06884765625 0.08642578125
0 0.587890625 0.3232421875 0.09619140625 0.08642578125
0 0.72021484375 0.33251953125 0.134765625 0.07177734375
0 0.8486328125 0.33642578125 0.09521484375 0.06982421875
0 0.529296875 0.44189453125 0.201171875 0.08349609375
0 0.70947265625 0.44091796875 0.12353515625 0.091796875