0 0.20849609375 0.03857421875 0.04296875 0.04638671875
0 0.2509765625 0.0390625 0.033203125 0.044921875
0 0.2841796875 0.044921875 0.02685546875 0.056640625
0 0.31884765625 0.04541015625 0.03076171875 0.05712890625
0 0.21337890625 0.08349609375 0.037109375 0.01806640625
0 0.23828125 0.08349609375 0.01171875 0.01806640625
0 0.26708984375 0.08349609375 0.0439453125 0.01708984375
0 0.30810546875 0.08349609375 0.03515625 0.017578125
0 0.16162109375 0.26806640625 0.0361328125 0.01220703125
0 0.8232421875 0.3125 0.17431640625 0.103515625
0 0.720703125 0.41064453125 0.05078125 0.041015625
0 0.77294921875 0.41650390625 0.04833984375 0.03759765625
0 0.81689453125 0.41943359375 0.0380859375 0.03662109375
0 0.849609375 0.42431640625 0.0244140625 0.03857421875
0 0.87451171875 0.4267578125 0.02392578125 0.04150390625
0 0.9072265625 0.43017578125 0.0400390625 0.03515625
0 0.95263671875 0.431640625 0.0458984375 0.03515625
0 0.9873046875 0.4345703125 0.025390625 0.029296875
0 0.0361328125 0.517578125 0.072265625 0.09375
0 0.11572265625 0.537109375 0.06884765625 0.06689453125
0 0.2119140625 0.5341796875 0.1083984375 0.09423828125
0 0.32373046875 0.548828125 0.109375 0.08203125
0 0.43310546875 0.56689453125 0.0927734375 0.0634765625
0 0.01611328125 0.61962890625 0.0322265625 0.0810546875
0 0.0810546875 0.630859375 0.08642578125 0.08203125
0 0.16650390625 0.64404296875 0.076171875 0.07763671875
0 0.23876953125 0.63818359375 0.05810546875 0.0751953125
0 0.31005859375 0.646484375 0.07373046875 0.0693359375
0 0.37353515625 0.646484375 0.046875 0.072265625
0 0.43603515625 0.66064453125 0.07177734375 0.07763671875
0 0.01318359375 0.7119140625 0.0263671875 0.072265625
0 0.07470703125 0.712890625 0.08642578125 0.0791015625
0 0.1689453125 0.72119140625 0.08935546875 0.07080078125
0 0.25830078125 0.72705078125 0.080078125 0.06689453125
0 0.3359375 0.734375 0.06884765625 0.0556640625
0 0.4013671875 0.736328125 0.05419921875 0.07373046875
0 0.4560546875 0.7412109375 0.046875 0.052734375
0 0.1494140625 0.80859375 0.08544921875 0.0263671875
0 0.1171875 0.83642578125 0.0185546875 0.01513671875
0 0.13916015625 0.83544921875 0.02587890625 0.0166015625
0 0.16162109375 0.83642578125 0.0185546875 0.01513671875
0 0.1806640625 0.8369140625 0.02099609375 0.013671875
0 0.05419921875 0.88134765625 0.05322265625 0.033203125
0 0.11083984375 0.88623046875 0.05810546875 0.04296875
0 0.16943359375 0.88623046875 0.05322265625 0.0400390625
0 0.21044921875 0.8857421875 0.0302734375 0.0390625
0 0.24169921875 0.8828125 0.02392578125 0.03076171875
0 0.2841796875 0.88720703125 0.0615234375 0.04150390625
0 0.326171875 0.88427734375 0.02490234375 0.03076171875
0 0.27783203125 0.7978515625 0.02392578125 0.0166015625
0 0.27685546875 0.8154296875 0.06787109375 0.0234375
0 0.36083984375 0.810546875 0.0498046875 0.03076171875
0 0.23974609375 0.837890625 0.02099609375 0.01513671875
0 0.2548828125 0.8388671875 0.01123046875 0.0126953125
0 0.2685546875 0.83984375 0.015625 0.01123046875
0 0.28515625 0.83837890625 0.017578125 0.013671875
0 0.298828125 0.8388671875 0.015625 0.0126953125
0 0.31591796875 0.84033203125 0.0185546875 0.0126953125
0 0.392578125 0.84326171875 0.02001953125 0.0126953125
0 0.42236328125 0.84326171875 0.029296875 0.0126953125
0 0.3486328125 0.83154296875 0.017578125 0.013671875
0 0.3603515625 0.83154296875 0.00927734375 0.013671875
0 0.3681640625 0.830078125 0.00830078125 0.01953125
0 0.3798828125 0.830078125 0.015625 0.0166015625
0 0.36279296875 0.88427734375 0.0439453125 0.03076171875
0 0.51025390625 0.51025390625 0.0615234375 0.0341796875
0 0.6025390625 0.51025390625 0.0517578125 0.044921875
0 0.66650390625 0.5078125 0.06982421875 0.044921875
0 0.73388671875 0.50927734375 0.05517578125 0.037109375
0 0.79150390625 0.51318359375 0.0498046875 0.044921875
0 0.484375 0.5498046875 0.009765625 0.0234375
0 0.50927734375 0.548828125 0.03173828125 0.0263671875
0 0.5341796875 0.55029296875 0.01513671875 0.02392578125
0 0.59326171875 0.55126953125 0.033203125 0.02099609375
0 0.4990234375 0.6494140625 0.0283203125 0.01611328125
0 0.521484375 0.650390625 0.0166015625 0.0185546875
0 0.94580078125 0.5859375 0.03173828125 0.05810546875
0 0.947265625 0.63623046875 0.021484375 0.052734375
0 0.95263671875 0.68505859375 0.03857421875 0.05029296875
0 0.9580078125 0.7392578125 0.033203125 0.05810546875