0 0.3603515625 0.02685546875 0.103515625 0.0224609375
0 0.27734375 0.06298828125 0.05224609375 0.0244140625
0 0.3486328125 0.06494140625 0.0693359375 0.0244140625
0 0.353515625 0.10009765625 0.07568359375 0.01806640625
0 0.4091796875 0.095703125 0.021484375 0.02734375
0 0.3212890625 0.13427734375 0.078125 0.0322265625
0 0.388671875 0.13671875 0.0625 0.041015625
0 0.2431640625 0.25048828125 0.02392578125 0.01220703125
0 0.2626953125 0.2509765625 0.01611328125 0.01416015625
0 0.2861328125 0.24609375 0.02099609375 0.0078125
0 0.3203125 0.2451171875 0.0458984375 0.00927734375
0 0.32177734375 0.25244140625 0.0478515625 0.00927734375
0 0.240234375 0.2744140625 0.01611328125 0.01220703125
0 0.2587890625 0.2734375 0.02001953125 0.01025390625
0 0.27978515625 0.2705078125 0.02197265625 0.01025390625
0 0.29833984375 0.27783203125 0.00341796875 0.0048828125
0 0.31396484375 0.349609375 0.01806640625 0.00634765625
0 0.32177734375 0.2724609375 0.0068359375 0.00537109375
0 0.3330078125 0.27490234375 0.01171875 0.00732421875
0 0.314453125 0.2919921875 0.0107421875 0.0068359375
0 0.314453125 0.2998046875 0.01123046875 0.00634765625
0 0.31591796875 0.3154296875 0.0087890625 0.0068359375
0 0.3095703125 0.26904296875 0.0185546875 0.00634765625
0 0.31640625 0.32421875 0.009765625 0.0068359375
0 0.32470703125 0.36376953125 0.01025390625 0.00732421875
0 0.31494140625 0.30810546875 0.0087890625 0.0068359375
0 0.3173828125 0.33251953125 0.00927734375 0.0068359375
0 0.31103515625 0.2763671875 0.0185546875 0.00634765625
0 0.3173828125 0.3408203125 0.01025390625 0.00732421875
0 0.318359375 0.35693359375 0.01025390625 0.00732421875
0 0.3212890625 0.28076171875 0.0068359375 0.00537109375
0 0.322265625 0.28857421875 0.0068359375 0.00537109375
0 0.322265625 0.29638671875 0.0068359375 0.00537109375
0 0.32177734375 0.30419921875 0.0068359375 0.00537109375
0 0.322265625 0.3125 0.0068359375 0.00537109375
0 0.3232421875 0.3203125 0.0068359375 0.00537109375
0 0.3251953125 0.32861328125 0.0068359375 0.00537109375
0 0.32666015625 0.33642578125 0.0068359375 0.00634765625
0 0.326171875 0.3447265625 0.005859375 0.005859375
0 0.32568359375 0.35302734375 0.00439453125 0.00634765625
0 0.33203125 0.36083984375 0.0068359375 0.00537109375
0 0.32177734375 0.265625 0.0068359375 0.00537109375
0 0.33447265625 0.2978515625 0.01171875 0.0068359375
0 0.33544921875 0.2841796875 0.01708984375 0.0107421875
0 0.33349609375 0.26708984375 0.01171875 0.00732421875
0 0.33447265625 0.306640625 0.01171875 0.0068359375
0 0.3349609375 0.322265625 0.01171875 0.0068359375
0 0.333984375 0.29052734375 0.01171875 0.0068359375
0 0.3369140625 0.34716796875 0.01171875 0.0068359375
0 0.337890625 0.33935546875 0.01611328125 0.0078125
0 0.3349609375 0.314453125 0.01171875 0.0068359375
0 0.33740234375 0.35498046875 0.01171875 0.0068359375
0 0.3427734375 0.36279296875 0.01171875 0.0068359375
0 0.33544921875 0.330078125 0.01171875 0.0068359375
0 0.29931640625 0.28515625 0.00341796875 0.0048828125
0 0.29931640625 0.29443359375 0.00341796875 0.0048828125
0 0.30322265625 0.333984375 0.00341796875 0.0048828125
0 0.3017578125 0.30908203125 0.00341796875 0.0048828125
0 0.29736328125 0.27001953125 0.00341796875 0.0048828125
0 0.30078125 0.30126953125 0.00341796875 0.0048828125
0 0.30224609375 0.31689453125 0.00341796875 0.0048828125
0 0.31640625 0.36572265625 0.00341796875 0.00537109375
0 0.30224609375 0.326171875 0.00341796875 0.0048828125
0 0.30419921875 0.3427734375 0.00341796875 0.0048828125
0 0.3046875 0.3583984375 0.00341796875 0.0048828125
0 0.24267578125 0.28271484375 0.01904296875 0.0087890625
0 0.25927734375 0.28173828125 0.02099609375 0.0087890625
0 0.28271484375 0.27978515625 0.02587890625 0.009765625
0 0.24462890625 0.28857421875 0.0244140625 0.00732421875
0 0.2705078125 0.28857421875 0.025390625 0.0107421875
0 0.24658203125 0.2958984375 0.02392578125 0.00927734375
0 0.27099609375 0.2958984375 0.02587890625 0.01171875
0 0.2451171875 0.3046875 0.02294921875 0.0087890625
0 0.26708984375 0.30322265625 0.021484375 0.00830078125
0 0.28662109375 0.3037109375 0.01904296875 0.01220703125
0 0.24462890625 0.31201171875 0.01953125 0.0078125
0 0.2646484375 0.31103515625 0.01611328125 0.00830078125
0 0.24609375 0.3203125 0.02099609375 0.00830078125
0 0.2646484375 0.3193359375 0.01611328125 0.00830078125
0 0.2822265625 0.32080078125 0.02197265625 0.00927734375
0 0.24853515625 0.330078125 0.0244140625 0.01123046875
0 0.2705078125 0.3271484375 0.015625 0.0078125
0 0.24755859375 0.33642578125 0.0244140625 0.00927734375
0 0.27392578125 0.3359375 0.029296875 0.0107421875
0 0.25048828125 0.3447265625 0.02880859375 0.01025390625
0 0.27099609375 0.3427734375 0.01171875 0.0087890625
0 0.2841796875 0.3408203125 0.01513671875 0.0107421875
0 0.26171875 0.35400390625 0.029296875 0.0126953125
0 0.28125 0.35107421875 0.009765625 0.00634765625
0 0.29248046875 0.349609375 0.0126953125 0.009765625
0 0.27001953125 0.36083984375 0.04345703125 0.0107421875
0 0.26806640625 0.369140625 0.03662109375 0.01318359375
0 0.30078125 0.36767578125 0.0283203125 0.01171875
0 0.388671875 0.3779296875 0.013671875 0.00732421875
0 0.40234375 0.3759765625 0.01318359375 0.0078125
0 0.39453125 0.38671875 0.02587890625 0.01318359375
0 0.1064453125 0.431640625 0.04345703125 0.01220703125
0 0.3681640625 0.27783203125 0.0146484375 0.00732421875
0 0.82666015625 0.07861328125 0.13134765625 0.146484375
0 0.955078125 0.064453125 0.08984375 0.12890625
0 0.712890625 0.23974609375 0.1748046875 0.05322265625
0 0.91259765625 0.2353515625 0.1748046875 0.056640625
0 0.73388671875 0.31298828125 0.22509765625 0.05126953125
0 0.9169921875 0.31201171875 0.08740234375 0.05712890625
0 0.70263671875 0.39013671875 0.16650390625 0.0419921875
0 0.9072265625 0.3935546875 0.185546875 0.072265625
0 0.05810546875 0.6572265625 0.0751953125 0.0546875
0 0.14208984375 0.65625 0.0869140625 0.052734375
0 0.06640625 0.748046875 0.09619140625 0.09326171875
0 0.24755859375 0.708984375 0.06298828125 0.05322265625
0 0.31591796875 0.71044921875 0.0703125 0.05615234375
0 0.291015625 0.76123046875 0.06591796875 0.05078125