0 0.529296875 0.0166015625 0.01953125 0.033203125
0 0.5322265625 0.064453125 0.025390625 0.048828125
0 0.58349609375 0.2001953125 0.04541015625 0.0537109375
0 0.5458984375 0.24609375 0.04931640625 0.05615234375
0 0.61083984375 0.2490234375 0.07177734375 0.05126953125
0 0.8447265625 0.15869140625 0.095703125 0.12109375
0 0.98291015625 0.33056640625 0.0107421875 0.01513671875
0 0.05908203125 0.9404296875 0.1025390625 0.091796875
0 0.1455078125 0.93798828125 0.06494140625 0.08642578125
0 0.19482421875 0.947265625 0.02880859375 0.06494140625
0 0.2744140625 0.93408203125 0.08984375 0.0849609375
0 0.34619140625 0.931640625 0.048828125 0.07666015625
0 0.40478515625 0.9375 0.05859375 0.068359375
0 0.47216796875 0.92822265625 0.0712890625 0.080078125
0 0.91748046875 0.88330078125 0.03662109375 0.02197265625
0 0.91845703125 0.90625 0.107421875 0.02001953125
0 0.919921875 0.92626953125 0.10498046875 0.02001953125
0 0.87451171875 0.95947265625 0.078125 0.03369140625
0 0.958984375 0.96240234375 0.08203125 0.0439453125
0 0.8876953125 0.9921875 0.056640625 0.015625