0 0.294921875 0.041015625 0.16015625 0.08203125
0 0.40869140625 0.06396484375 0.0615234375 0.1279296875
0 0.0341796875 0.572265625 0.068359375 0.1796875
0 0.158203125 0.572265625 0.1533203125 0.1611328125
0 0.341796875 0.572265625 0.1953125 0.16796875
0 0.033203125 0.80517578125 0.05322265625 0.0498046875
0 0.10693359375 0.79638671875 0.08740234375 0.0654296875
0 0.197265625 0.80126953125 0.08740234375 0.05810546875
0 0.291015625 0.80908203125 0.095703125 0.048828125
0 0.02099609375 0.87255859375 0.0419921875 0.0595703125
0 0.064453125 0.8798828125 0.044921875 0.05712890625
0 0.12646484375 0.87353515625 0.0458984375 0.052734375
0 0.18212890625 0.87548828125 0.0595703125 0.05126953125
0 0.23486328125 0.8720703125 0.03955078125 0.05810546875
0 0.287109375 0.8798828125 0.064453125 0.05419921875
0 0.017578125 0.9296875 0.03515625 0.052734375
0 0.06494140625 0.9326171875 0.05615234375 0.05126953125
0 0.14013671875 0.93505859375 0.064453125 0.0458984375
0 0.2021484375 0.939453125 0.05517578125 0.04296875
0 0.255859375 0.93994140625 0.0478515625 0.0556640625
0 0.31103515625 0.94091796875 0.05810546875 0.04296875
0 0.05029296875 0.9921875 0.0341796875 0.015625
0 0.1552734375 0.98681640625 0.02197265625 0.01513671875
0 0.14892578125 0.99609375 0.0283203125 0.0078125
0 0.22216796875 0.99072265625 0.0419921875 0.0185546875
0 0.4736328125 0.4248046875 0.068359375 0.08984375
0 0.59521484375 0.41552734375 0.1611328125 0.0712890625
0 0.74609375 0.4072265625 0.125 0.0546875
0 0.8994140625 0.408203125 0.162109375 0.056640625
0 0.50048828125 0.50830078125 0.0830078125 0.08251953125
0 0.583984375 0.5068359375 0.0732421875 0.06005859375
0 0.67236328125 0.49072265625 0.08447265625 0.07763671875
0 0.771484375 0.48828125 0.10009765625 0.08740234375
0 0.85888671875 0.48583984375 0.0771484375 0.08740234375
0 0.94873046875 0.4716796875 0.1025390625 0.109375
0 0.923828125 0.546875 0.041015625 0.02001953125
0 0.923828125 0.5810546875 0.111328125 0.04736328125
0 0.455078125 0.5888671875 0.03125 0.060546875
0 0.49658203125 0.578125 0.05908203125 0.0625
0 0.56005859375 0.568359375 0.06494140625 0.0625
0 0.5966796875 0.57958984375 0.01708984375 0.01513671875
0 0.63818359375 0.5732421875 0.06591796875 0.0576171875
0 0.69580078125 0.56591796875 0.05224609375 0.052734375
0 0.75341796875 0.56689453125 0.060546875 0.06494140625
0 0.45361328125 0.63720703125 0.015625 0.02001953125
0 0.4931640625 0.630859375 0.0634765625 0.04736328125
0 0.55859375 0.6259765625 0.076171875 0.052734375
0 0.6162109375 0.6220703125 0.03955078125 0.0498046875
0 0.6669921875 0.6181640625 0.05908203125 0.052734375
0 0.72900390625 0.61962890625 0.06201171875 0.0498046875
0 0.4658203125 0.69091796875 0.052734375 0.0673828125
0 0.564453125 0.68603515625 0.140625 0.07763671875
0 0.67529296875 0.6806640625 0.08154296875 0.0673828125
0 0.76171875 0.67578125 0.08837890625 0.0673828125
0 0.8583984375 0.67333984375 0.095703125 0.072265625
0 0.953125 0.6689453125 0.09375 0.0703125
0 0.44970703125 0.76171875 0.0205078125 0.064453125
0 0.49951171875 0.75830078125 0.08447265625 0.0625
0 0.818359375 0.74951171875 0.36328125 0.0751953125