0 0.27392578125 0.06884765625 0.14892578125 0.056640625
0 0.3818359375 0.07470703125 0.064453125 0.04052734375
0 0.4345703125 0.072265625 0.03076171875 0.04541015625
0 0.4853515625 0.0712890625 0.060546875 0.04296875
0 0.5751953125 0.05810546875 0.11181640625 0.064453125
0 0.693359375 0.05908203125 0.11962890625 0.05908203125
0 0.26611328125 0.1396484375 0.16455078125 0.0576171875
0 0.40576171875 0.134765625 0.10400390625 0.06787109375
0 0.5068359375 0.14404296875 0.09619140625 0.04296875
0 0.61767578125 0.130859375 0.11181640625 0.06689453125
0 0.71923828125 0.14404296875 0.09375 0.05224609375
0 0.50830078125 0.494140625 0.263671875 0.06005859375
0 0.7314453125 0.49560546875 0.15673828125 0.0625
0 0.32763671875 0.56494140625 0.1181640625 0.0498046875
0 0.44873046875 0.57470703125 0.0927734375 0.0419921875
0 0.560546875 0.56494140625 0.09765625 0.04052734375
0 0.666015625 0.56884765625 0.07958984375 0.05322265625
0 0.77099609375 0.56640625 0.09521484375 0.0498046875
0 0.89501953125 0.56591796875 0.11962890625 0.05322265625
0 0.27978515625 0.619140625 0.1376953125 0.0439453125
0 0.39453125 0.62109375 0.056640625 0.03955078125
0 0.490234375 0.62890625 0.09912109375 0.0556640625
0 0.5791015625 0.6181640625 0.05517578125 0.05419921875
0 0.6640625 0.61962890625 0.0859375 0.05224609375
0 0.79541015625 0.63720703125 0.14892578125 0.05322265625
0 0.91796875 0.63134765625 0.064453125 0.0419921875
0 0.27587890625 0.67626953125 0.1298828125 0.04052734375
0 0.39599609375 0.67724609375 0.048828125 0.04052734375
0 0.5205078125 0.6845703125 0.14404296875 0.05078125
0 0.64892578125 0.68408203125 0.056640625 0.04296875
0 0.76220703125 0.69140625 0.10791015625 0.03515625
0 0.89501953125 0.689453125 0.09912109375 0.04296875
0 0.25048828125 0.73388671875 0.09521484375 0.05224609375
0 0.349609375 0.72900390625 0.064453125 0.05322265625
0 0.443359375 0.7412109375 0.0927734375 0.05322265625
0 0.55224609375 0.74560546875 0.09912109375 0.0576171875
0 0.662109375 0.74755859375 0.09521484375 0.05908203125
0 0.75634765625 0.744140625 0.0654296875 0.04541015625
0 0.87353515625 0.7568359375 0.14013671875 0.0576171875
0 0.2880859375 0.8505859375 0.18017578125 0.05908203125
0 0.431640625 0.85107421875 0.08203125 0.0419921875
0 0.5576171875 0.861328125 0.14404296875 0.0556640625
0 0.6884765625 0.861328125 0.09130859375 0.0439453125
0 0.79248046875 0.86572265625 0.09130859375 0.0439453125
0 0.89501953125 0.87158203125 0.0859375 0.0439453125
0 0.2353515625 0.904296875 0.10009765625 0.0556640625
0 0.3515625 0.90576171875 0.1015625 0.05419921875
0 0.4931640625 0.916015625 0.15576171875 0.056640625
0 0.61376953125 0.91796875 0.060546875 0.0439453125
0 0.703125 0.9208984375 0.08740234375 0.04296875
0 0.7861328125 0.92236328125 0.060546875 0.0439453125
0 0.87939453125 0.9296875 0.11328125 0.05419921875
0 0.23388671875 0.7822265625 0.064453125 0.0556640625
0 0.32373046875 0.78466796875 0.08740234375 0.05224609375
0 0.4189453125 0.7919921875 0.08740234375 0.04638671875
0 0.509765625 0.7978515625 0.0810546875 0.0439453125
0 0.607421875 0.8046875 0.09375 0.03076171875
0 0.693359375 0.80224609375 0.06298828125 0.0439453125
0 0.7861328125 0.8095703125 0.09619140625 0.056640625