0 0.005859375 0.2890625 0.01171875 0.03515625
0 0.07958984375 0.32568359375 0.09375 0.02685546875
0 0.037109375 0.34716796875 0.0263671875 0.0166015625
0 0.0625 0.349609375 0.0224609375 0.021484375
0 0.09033203125 0.34716796875 0.02734375 0.0166015625
0 0.11962890625 0.349609375 0.02880859375 0.0185546875
0 0.07958984375 0.3720703125 0.12353515625 0.0166015625
0 0.23681640625 0.24072265625 0.06884765625 0.08642578125
0 0.3330078125 0.2421875 0.09619140625 0.08642578125
0 0.46533203125 0.25146484375 0.134765625 0.07177734375
0 0.587890625 0.2548828125 0.083984375 0.0703125
0 0.2744140625 0.36083984375 0.201171875 0.08349609375
0 0.45458984375 0.35986328125 0.12353515625 0.091796875
0 0.67578125 0.14013671875 0.07373046875 0.08642578125
0 0.75146484375 0.1416015625 0.0625 0.08349609375
0 0.8251953125 0.14404296875 0.07763671875 0.078125
0 0.9091796875 0.15478515625 0.0751953125 0.08984375
0 0.9755859375 0.14111328125 0.048828125 0.0927734375
0 0.015625 0.89697265625 0.03125 0.0634765625
0 0.0869140625 0.87451171875 0.0986328125 0.0859375
0 0.19140625 0.85693359375 0.10009765625 0.0810546875
0 0.26806640625 0.8388671875 0.046875 0.06396484375
0 0.32666015625 0.8916015625 0.08837890625 0.0908203125
0 0.40185546875 0.89013671875 0.05908203125 0.06396484375
0 0.30029296875 0.9765625 0.1396484375 0.046875
0 0.4208984375 0.96826171875 0.078125 0.0634765625
0 0.541015625 0.97705078125 0.138671875 0.0458984375
0 0.6611328125 0.61376953125 0.0625 0.1220703125
0 0.6787109375 0.86572265625 0.09765625 0.1123046875
0 0.69189453125 0.9638671875 0.1240234375 0.072265625