0 0.00732421875 0.0517578125 0.0146484375 0.013671875
0 0.06787109375 0.04248046875 0.0947265625 0.05810546875
0 0.12255859375 0.033203125 0.0146484375 0.01220703125
0 0.18798828125 0.029296875 0.1025390625 0.05859375
0 0.068359375 0.24169921875 0.13671875 0.1494140625
0 0.18994140625 0.1962890625 0.0986328125 0.166015625
0 0.1044921875 0.37353515625 0.208984375 0.1455078125
0 0.42626953125 0.078125 0.109375 0.04296875
0 0.52880859375 0.08203125 0.0703125 0.0458984375
0 0.63720703125 0.0859375 0.11572265625 0.04833984375
0 0.3515625 0.15283203125 0.1533203125 0.11181640625
0 0.49755859375 0.162109375 0.1298828125 0.109375
0 0.681640625 0.16064453125 0.22021484375 0.1015625
0 0.27783203125 0.22900390625 0.0283203125 0.03564453125
0 0.3037109375 0.22900390625 0.0234375 0.0458984375
0 0.32958984375 0.2265625 0.03125 0.04052734375
0 0.37109375 0.23291015625 0.0546875 0.0380859375
0 0.41015625 0.22900390625 0.0205078125 0.04052734375
0 0.43408203125 0.23193359375 0.0283203125 0.03564453125
0 0.474609375 0.23193359375 0.0498046875 0.03564453125
0 0.52392578125 0.23681640625 0.04833984375 0.04052734375
0 0.55859375 0.2353515625 0.0234375 0.0380859375
0 0.587890625 0.2353515625 0.0390625 0.0380859375
0 0.6318359375 0.2353515625 0.04541015625 0.0380859375
0 0.66455078125 0.2353515625 0.0234375 0.033203125
0 0.7109375 0.23681640625 0.02490234375 0.04052734375
0 0.76171875 0.23291015625 0.0732421875 0.0380859375
0 0.00537109375 0.6416015625 0.0107421875 0.03125
0 0.00927734375 0.6806640625 0.0185546875 0.015625
0 0.16455078125 0.990234375 0.01123046875 0.01904296875
0 0.33056640625 0.75830078125 0.05517578125 0.0986328125
0 0.39892578125 0.73193359375 0.06884765625 0.1123046875
0 0.47119140625 0.71435546875 0.05615234375 0.1162109375
0 0.58544921875 0.6875 0.15478515625 0.1376953125
0 0.74169921875 0.650390625 0.14013671875 0.1376953125
0 0.81298828125 0.7822265625 0.1474609375 0.1533203125
0 0.66162109375 0.83642578125 0.142578125 0.1357421875
0 0.54931640625 0.83642578125 0.06005859375 0.1240234375
0 0.43798828125 0.87060546875 0.14013671875 0.1455078125