0 0.294921875 0.2783203125 0.02197265625 0.0244140625
0 0.314453125 0.27734375 0.01171875 0.0263671875
0 0.33544921875 0.2734375 0.0263671875 0.0302734375
0 0.27685546875 0.31591796875 0.03466796875 0.0322265625
0 0.314453125 0.30859375 0.03662109375 0.0322265625
0 0.35498046875 0.31201171875 0.03759765625 0.0244140625
0 0.39111328125 0.47021484375 0.017578125 0.0322265625
0 0.3916015625 0.50927734375 0.017578125 0.0205078125
0 0.9228515625 0.0048828125 0.041015625 0.009765625
0 0.1015625 0.84912109375 0.05859375 0.0732421875
0 0.1572265625 0.8515625 0.0498046875 0.06298828125
0 0.212890625 0.83642578125 0.05859375 0.06787109375
0 0.0810546875 0.921875 0.13720703125 0.05810546875
0 0.197265625 0.9169921875 0.095703125 0.052734375
0 0.65576171875 0.76220703125 0.15576171875 0.0810546875
0 0.77783203125 0.76806640625 0.091796875 0.07373046875