0 0.21435546875 0.3564453125 0.06884765625 0.0302734375
0 0.30908203125 0.35888671875 0.09521484375 0.03173828125
0 0.3330078125 0.41845703125 0.33154296875 0.0986328125
0 0.35302734375 0.54638671875 0.2412109375 0.1298828125
0 0.19677734375 0.4599609375 0.021484375 0.0166015625
0 0.22900390625 0.46435546875 0.04443359375 0.01806640625
0 0.26904296875 0.46630859375 0.0361328125 0.0166015625
0 0.30615234375 0.4677734375 0.04052734375 0.02001953125
0 0.35107421875 0.47021484375 0.0478515625 0.02099609375
0 0.07666015625 0.5400390625 0.03466796875 0.0283203125
0 0.1044921875 0.55029296875 0.02490234375 0.0234375
0 0.12744140625 0.5556640625 0.02001953125 0.0224609375
0 0.1416015625 0.61962890625 0.02392578125 0.017578125
0 0.0986328125 0.58642578125 0.11962890625 0.08642578125
0 0.06103515625 0.61669921875 0.01708984375 0.02392578125
0 0.0849609375 0.6279296875 0.03173828125 0.02734375
0 0.119140625 0.642578125 0.03857421875 0.029296875
0 0.14892578125 0.65478515625 0.0224609375 0.02197265625
0 0.2099609375 0.6220703125 0.02099609375 0.0361328125
0 0.1982421875 0.64990234375 0.02587890625 0.03271484375
0 0.39794921875 0.63916015625 0.08544921875 0.0478515625
0 0.47412109375 0.66455078125 0.05908203125 0.03857421875
0 0.51416015625 0.7587890625 0.0458984375 0.029296875
0 0.43017578125 0.705078125 0.2353515625 0.138671875
0 0.345703125 0.73681640625 0.01611328125 0.02197265625
0 0.39208984375 0.75341796875 0.07666015625 0.05224609375
0 0.44091796875 0.7783203125 0.01806640625 0.02197265625
0 0.46484375 0.787109375 0.01318359375 0.02392578125
0 0.50830078125 0.7998046875 0.06396484375 0.052734375
0 0.70654296875 0.59619140625 0.04638671875 0.015625
0 0.60888671875 0.7421875 0.02734375 0.01708984375
0 0.58935546875 0.7451171875 0.02783203125 0.01806640625
0 0.6318359375 0.7646484375 0.0107421875 0.0087890625
0 0.609375 0.7646484375 0.05029296875 0.03173828125
0 0.58642578125 0.763671875 0.02392578125 0.015625
0 0.61669921875 0.77734375 0.02392578125 0.013671875
0 0.59033203125 0.7724609375 0.01904296875 0.013671875
0 0.62744140625 0.79052734375 0.0146484375 0.01171875
0 0.58203125 0.7998046875 0.03125 0.0185546875
0 0.6123046875 0.8115234375 0.02392578125 0.01806640625
0 0.57666015625 0.81005859375 0.021484375 0.013671875
0 0.5986328125 0.81982421875 0.0205078125 0.01416015625
0 0.62109375 0.82958984375 0.02294921875 0.01416015625
0 0.57958984375 0.8173828125 0.02001953125 0.01513671875
0 0.61083984375 0.83251953125 0.04345703125 0.025390625
0 0.57080078125 0.8203125 0.009765625 0.00732421875
0 0.58154296875 0.82568359375 0.01171875 0.00927734375
0 0.59228515625 0.8310546875 0.01025390625 0.0087890625
0 0.60400390625 0.83642578125 0.01171875 0.009765625
0 0.61376953125 0.84130859375 0.00634765625 0.0068359375
0 0.62451171875 0.845703125 0.01220703125 0.009765625
0 0.56884765625 0.8251953125 0.013671875 0.009765625
0 0.58349609375 0.83251953125 0.01416015625 0.0107421875
0 0.60302734375 0.84228515625 0.025390625 0.01513671875
0 0.6240234375 0.8515625 0.01513671875 0.0107421875
0 0.669921875 0.8193359375 0.05859375 0.03271484375
0 0.7265625 0.81884765625 0.02197265625 0.01708984375
0 0.64111328125 0.8427734375 0.00830078125 0.01123046875
0 0.67578125 0.85498046875 0.02734375 0.0126953125
0 0.654296875 0.86083984375 0.03173828125 0.0185546875
0 0.6513671875 0.86474609375 0.0361328125 0.0234375
0 0.68212890625 0.873046875 0.009765625 0.00732421875
0 0.64697265625 0.86962890625 0.01806640625 0.013671875
0 0.66845703125 0.87744140625 0.02587890625 0.00927734375
0 0.66455078125 0.8828125 0.00634765625 0.00537109375
0 0.71484375 0.84716796875 0.01611328125 0.00830078125
0 0.712890625 0.86181640625 0.01171875 0.00537109375
0 0.7021484375 0.86572265625 0.01025390625 0.00537109375
0 0.39794921875 0.4765625 0.04345703125 0.017578125