0 0.31103515625 0.4072265625 0.15576171875 0.15283203125
0 0.4521484375 0.41162109375 0.08984375 0.162109375
0 0.248046875 0.556640625 0.166015625 0.06640625
0 0.7265625 0.07763671875 0.25390625 0.1435546875
0 0.93359375 0.0751953125 0.1328125 0.150390625
0 0.6220703125 0.173828125 0.044921875 0.056640625
0 0.6796875 0.17431640625 0.04150390625 0.056640625
0 0.7529296875 0.1689453125 0.08251953125 0.056640625
0 0.16064453125 0.59716796875 0.0224609375 0.0146484375
0 0.1806640625 0.59716796875 0.0234375 0.0146484375
0 0.20947265625 0.595703125 0.0322265625 0.01171875
0 0.23681640625 0.595703125 0.0244140625 0.01171875
0 0.314453125 0.5927734375 0.029296875 0.005859375
0 0.19580078125 0.6748046875 0.1201171875 0.09423828125
0 0.33251953125 0.67333984375 0.1123046875 0.07421875
0 0.03076171875 0.8203125 0.0615234375 0.111328125
0 0.126953125 0.794921875 0.1103515625 0.18017578125
0 0.23876953125 0.7919921875 0.0947265625 0.1455078125
0 0.33837890625 0.80078125 0.09130859375 0.123046875
0 0.44873046875 0.8076171875 0.10107421875 0.1484375
0 0.5556640625 0.77490234375 0.087890625 0.1513671875
0 0.009765625 0.9228515625 0.01953125 0.048828125
0 0.06005859375 0.9248046875 0.06103515625 0.0458984375
0 0.015625 0.962890625 0.03125 0.025390625
0 0.05224609375 0.96044921875 0.0478515625 0.02587890625
0 0.08447265625 0.96337890625 0.0224609375 0.02001953125
0 0.19970703125 0.92626953125 0.0927734375 0.04833984375
0 0.29345703125 0.9248046875 0.08154296875 0.0458984375
0 0.193359375 0.96337890625 0.0703125 0.03125
0 0.23974609375 0.9619140625 0.0322265625 0.02880859375
0 0.2763671875 0.96044921875 0.0478515625 0.02587890625
0 0.314453125 0.96337890625 0.03369140625 0.03125
0 0.44189453125 0.9033203125 0.05126953125 0.04833984375
0 0.5302734375 0.89599609375 0.138671875 0.0576171875
0 0.71044921875 0.6708984375 0.2216796875 0.107421875
0 0.93603515625 0.67822265625 0.1279296875 0.1025390625
0 0.6796875 0.76416015625 0.16015625 0.0791015625
0 0.88720703125 0.7685546875 0.2255859375 0.06640625