0 0.01220703125 0.30029296875 0.021484375 0.05126953125
0 0.03369140625 0.2978515625 0.02197265625 0.0478515625
0 0.00634765625 0.3486328125 0.00927734375 0.02001953125
0 0.017578125 0.34326171875 0.01416015625 0.03466796875
0 0.037109375 0.33984375 0.01318359375 0.0244140625
0 0.00732421875 0.37646484375 0.00927734375 0.01904296875
0 0.0126953125 0.36767578125 0.0029296875 0.0126953125
0 0.01806640625 0.37548828125 0.0087890625 0.01904296875
0 0.03369140625 0.373046875 0.00927734375 0.01904296875
0 0.03955078125 0.36376953125 0.00341796875 0.013671875
0 0.00439453125 0.40283203125 0.00830078125 0.0146484375
0 0.01318359375 0.40087890625 0.0078125 0.0166015625
0 0.02685546875 0.400390625 0.0166015625 0.017578125
0 0.1142578125 0.82763671875 0.00927734375 0.00927734375
0 0.2001953125 0.7880859375 0.02490234375 0.01513671875
0 0.21435546875 0.89306640625 0.009765625 0.02587890625
0 0.22509765625 0.88818359375 0.01025390625 0.02587890625
0 0.22412109375 0.91748046875 0.03076171875 0.0380859375
0 0.18603515625 0.20068359375 0.03076171875 0.09619140625
0 0.2158203125 0.20361328125 0.0224609375 0.076171875
0 0.24072265625 0.18994140625 0.021484375 0.09765625
0 0.26171875 0.19580078125 0.01123046875 0.07861328125
0 0.18212890625 0.28662109375 0.0283203125 0.03466796875
0 0.205078125 0.2802734375 0.01318359375 0.03564453125
0 0.2216796875 0.27587890625 0.0185546875 0.041015625
0 0.2421875 0.2705078125 0.0185546875 0.0458984375
0 0.259765625 0.26806640625 0.01416015625 0.046875
0 0.66845703125 0.24609375 0.02392578125 0.021484375
0 0.6962890625 0.24072265625 0.0244140625 0.025390625
0 0.66845703125 0.2646484375 0.0234375 0.02001953125
0 0.69580078125 0.26171875 0.02587890625 0.0185546875
0 0.671875 0.28125 0.0244140625 0.02099609375
0 0.69580078125 0.2802734375 0.0166015625 0.02001953125
0 0.548828125 0.55419921875 0.00830078125 0.00927734375
0 0.56005859375 0.5537109375 0.01220703125 0.009765625
0 0.54736328125 0.56298828125 0.0068359375 0.009765625
0 0.5595703125 0.56298828125 0.0166015625 0.01171875