0 0.33251953125 0.26953125 0.0986328125 0.125
0 0.42578125 0.28173828125 0.07763671875 0.12353515625
0 0.5126953125 0.3076171875 0.0888671875 0.09814453125
0 0.24267578125 0.388671875 0.1337890625 0.1435546875
0 0.42138671875 0.41015625 0.1962890625 0.1435546875
0 0.54150390625 0.439453125 0.03125 0.09521484375
0 0.1982421875 0.4951171875 0.0400390625 0.04345703125
0 0.24169921875 0.4990234375 0.0400390625 0.041015625
0 0.287109375 0.4990234375 0.046875 0.041015625
0 0.33154296875 0.50244140625 0.0361328125 0.0341796875
0 0.37939453125 0.5029296875 0.0537109375 0.033203125
0 0.4208984375 0.50732421875 0.033203125 0.0244140625
0 0.4677734375 0.5078125 0.052734375 0.0234375
0 0.50146484375 0.5087890625 0.0224609375 0.021484375
0 0.533203125 0.51220703125 0.0390625 0.0146484375
0 0.78662109375 0.4541015625 0.1396484375 0.130859375
0 0.935546875 0.4560546875 0.12890625 0.126953125
0 0.1240234375 0.576171875 0.0830078125 0.0400390625
0 0.076171875 0.630859375 0.06982421875 0.05859375
0 0.1357421875 0.62841796875 0.068359375 0.05712890625
0 0.1943359375 0.63525390625 0.06005859375 0.0703125
0 0.5478515625 0.60888671875 0.15869140625 0.06201171875
0 0.5478515625 0.72998046875 0.1640625 0.08544921875
0 0.65869140625 0.74951171875 0.0615234375 0.0654296875
0 0.4736328125 0.83642578125 0.0673828125 0.1474609375
0 0.54150390625 0.84912109375 0.09716796875 0.1357421875
0 0.63232421875 0.8505859375 0.1015625 0.14599609375
0 0.71142578125 0.91162109375 0.0439453125 0.0400390625
0 0.78271484375 0.90673828125 0.08251953125 0.046875
0 0.87255859375 0.89892578125 0.0849609375 0.04833984375
0 0.9619140625 0.88525390625 0.076171875 0.0517578125
0 0.744140625 0.974609375 0.109375 0.05078125
0 0.90478515625 0.96826171875 0.1904296875 0.0634765625