0 0.10498046875 0.3701171875 0.0712890625 0.0283203125
0 0.1611328125 0.36474609375 0.03857421875 0.03515625
0 0.11572265625 0.44677734375 0.08251953125 0.01513671875
0 0.24755859375 0.40087890625 0.09375 0.02685546875
0 0.205078125 0.42236328125 0.0263671875 0.0166015625
0 0.23046875 0.4248046875 0.0224609375 0.021484375
0 0.25830078125 0.42236328125 0.02734375 0.0166015625
0 0.28759765625 0.4248046875 0.02880859375 0.0185546875
0 0.24755859375 0.447265625 0.12353515625 0.0166015625
0 0.40478515625 0.31591796875 0.06884765625 0.08642578125
0 0.5009765625 0.3173828125 0.09619140625 0.08642578125
0 0.6025390625 0.326171875 0.07421875 0.072265625
0 0.4423828125 0.43603515625 0.201171875 0.08349609375
0 0.60009765625 0.4345703125 0.0791015625 0.091796875
0 0.666015625 0.0234375 0.052734375 0.046875
0 0.78955078125 0.04296875 0.1494140625 0.0859375
0 0.66552734375 0.17236328125 0.0517578125 0.1005859375
0 0.72998046875 0.18115234375 0.06005859375 0.15625
0 0.79052734375 0.1728515625 0.06494140625 0.16748046875
0 0.86572265625 0.17138671875 0.09521484375 0.17578125
0 0.7099609375 0.56982421875 0.02978515625 0.02783203125
0 0.7099609375 0.59326171875 0.02978515625 0.03076171875
0 0.875 0.3740234375 0.06689453125 0.07275390625
0 0.93994140625 0.35302734375 0.06005859375 0.08642578125
0 0.06884765625 0.80078125 0.1376953125 0.048828125
0 0.0517578125 0.8779296875 0.103515625 0.04296875
0 0.060546875 0.9521484375 0.12109375 0.04296875
0 0.3203125 0.7919921875 0.205078125 0.05712890625
0 0.49658203125 0.79296875 0.13330078125 0.06298828125
0 0.38623046875 0.84814453125 0.23974609375 0.04541015625
0 0.37841796875 0.90283203125 0.318359375 0.05810546875
0 0.36669921875 0.96630859375 0.16796875 0.04443359375
0 0.24169921875 0.994140625 0.0869140625 0.01171875
0 0.42822265625 0.9931640625 0.2509765625 0.013671875
0 0.88134765625 0.71435546875 0.1181640625 0.1103515625
0 0.974609375 0.7041015625 0.05078125 0.08984375
0 0.73583984375 0.68310546875 0.1376953125 0.0478515625
0 0.7294921875 0.83154296875 0.09765625 0.1494140625
0 0.80615234375 0.90966796875 0.07763671875 0.11962890625
0 0.83203125 0.79150390625 0.02685546875 0.056640625