0 0.48046875 0.3642578125 0.02978515625 0.03857421875
0 0.50927734375 0.375 0.02099609375 0.0439453125
0 0.54345703125 0.3818359375 0.03662109375 0.03466796875
0 0.5888671875 0.3935546875 0.04541015625 0.03564453125
0 0.517578125 0.41455078125 0.01416015625 0.013671875
0 0.529296875 0.416015625 0.00732421875 0.01220703125
0 0.5380859375 0.4169921875 0.0087890625 0.0146484375
0 0.54833984375 0.419921875 0.01123046875 0.0126953125
0 0.46875 0.42578125 0.01123046875 0.01904296875
0 0.48193359375 0.42822265625 0.009765625 0.0185546875
0 0.49609375 0.43017578125 0.00927734375 0.01904296875
0 0.56591796875 0.44921875 0.1025390625 0.046875
0 0.87353515625 0.1884765625 0.0078125 0.03564453125