0 0.07470703125 0.10693359375 0.1494140625 0.0654296875
0 0.14599609375 0.08203125 0.00732421875 0.01025390625
0 0.00390625 0.15185546875 0.0078125 0.0166015625
0 0.1015625 0.150390625 0.07861328125 0.0244140625
0 0.00390625 0.28466796875 0.0078125 0.0537109375
0 0.0322265625 0.28515625 0.02490234375 0.0244140625
0 0.0146484375 0.30859375 0.0126953125 0.01025390625
0 0.03466796875 0.30859375 0.02734375 0.01025390625
0 0.009765625 0.345703125 0.01953125 0.037109375
0 0.04736328125 0.349609375 0.05029296875 0.03076171875
0 0.08935546875 0.3515625 0.0263671875 0.03466796875
0 0.1259765625 0.3486328125 0.0400390625 0.02880859375
0 0.181640625 0.34326171875 0.0615234375 0.03857421875
0 0.00537109375 0.41943359375 0.0107421875 0.0244140625
0 0.03466796875 0.4189453125 0.03515625 0.0263671875
0 0.087890625 0.41259765625 0.06396484375 0.03466796875
0 0.1474609375 0.41064453125 0.05029296875 0.03466796875
0 0.197265625 0.41455078125 0.04248046875 0.0263671875
0 0.04541015625 0.486328125 0.08154296875 0.03076171875
0 0.13232421875 0.48291015625 0.09033203125 0.02880859375
0 0.05419921875 0.55322265625 0.1083984375 0.0302734375
0 0.4306640625 0.98779296875 0.04296875 0.0244140625