0 0.248046875 0.4052734375 0.1015625 0.181640625
0 0.35205078125 0.4765625 0.0888671875 0.046875
0 0.76025390625 0.05859375 0.01611328125 0.04345703125
0 0.7734375 0.02392578125 0.033203125 0.03857421875
0 0.82763671875 0.029296875 0.0830078125 0.05859375
0 0.8525390625 0.07275390625 0.0185546875 0.04736328125
0 0.7763671875 0.1259765625 0.04736328125 0.0654296875
0 0.8056640625 0.14501953125 0.01513671875 0.02099609375
0 0.8388671875 0.134765625 0.05224609375 0.05810546875
0 0.93701171875 0.0498046875 0.1259765625 0.099609375
0 0.5703125 0.5107421875 0.056640625 0.021484375
0 0.5771484375 0.54150390625 0.0361328125 0.033203125
0 0.5859375 0.57275390625 0.02734375 0.0205078125
0 0.5830078125 0.615234375 0.033203125 0.044921875
0 0.58740234375 0.65576171875 0.0244140625 0.0341796875
0 0.59033203125 0.6943359375 0.0185546875 0.041015625
0 0.99609375 0.7822265625 0.0078125 0.029296875