0 0.05810546875 0.0263671875 0.02490234375 0.0234375
0 0.0908203125 0.02978515625 0.0361328125 0.02001953125
0 0.138671875 0.0263671875 0.05126953125 0.0234375
0 0.1884765625 0.02587890625 0.041015625 0.02490234375
0 0.25341796875 0.02294921875 0.0810546875 0.02685546875
0 0.30419921875 0.02197265625 0.0107421875 0.0283203125
0 0.1640625 0.07080078125 0.1201171875 0.0615234375
0 0.2734375 0.07177734375 0.072265625 0.0556640625
0 0.0634765625 0.11572265625 0.02880859375 0.0185546875
0 0.09423828125 0.11572265625 0.02734375 0.02490234375
0 0.134765625 0.11376953125 0.048828125 0.021484375
0 0.1728515625 0.11572265625 0.0224609375 0.021484375
0 0.197265625 0.1181640625 0.021484375 0.0234375
0 0.2197265625 0.11669921875 0.02392578125 0.0234375
0 0.25439453125 0.11669921875 0.04248046875 0.0234375
0 0.291015625 0.119140625 0.0263671875 0.0283203125
0 0.09521484375 0.140625 0.02001953125 0.0185546875
0 0.11962890625 0.140625 0.021484375 0.021484375
0 0.14990234375 0.1416015625 0.03857421875 0.02001953125
0 0.19287109375 0.1416015625 0.0400390625 0.0234375
0 0.23681640625 0.142578125 0.04248046875 0.021484375
0 0.27685546875 0.14306640625 0.03271484375 0.0234375
0 0.30224609375 0.14892578125 0.0146484375 0.0283203125
0 0.05224609375 0.16162109375 0.0361328125 0.0234375
0 0.0791015625 0.1650390625 0.01513671875 0.02001953125
0 0.099609375 0.16650390625 0.02392578125 0.02685546875
0 0.1162109375 0.1650390625 0.01123046875 0.0234375
0 0.15087890625 0.1640625 0.05615234375 0.02490234375
0 0.21435546875 0.17138671875 0.0625 0.02685546875
0 0.26416015625 0.169921875 0.03271484375 0.0234375
0 0.2958984375 0.17236328125 0.02734375 0.0283203125
0 0.14794921875 0.18994140625 0.02001953125 0.0234375
0 0.1689453125 0.19482421875 0.01513671875 0.0234375
0 0.18896484375 0.19140625 0.0224609375 0.0234375
0 0.2119140625 0.193359375 0.02001953125 0.02001953125
0 0.25439453125 0.1962890625 0.06005859375 0.0234375
0 0.03466796875 0.20751953125 0.0185546875 0.02490234375
0 0.0625 0.2138671875 0.03369140625 0.02490234375
0 0.09912109375 0.21337890625 0.0400390625 0.0234375
0 0.134765625 0.21484375 0.02880859375 0.02001953125
0 0.171875 0.21728515625 0.0400390625 0.02490234375
0 0.21484375 0.220703125 0.03857421875 0.0283203125
0 0.25244140625 0.224609375 0.02880859375 0.0234375
0 0.28857421875 0.2236328125 0.0419921875 0.025390625
0 0.052734375 0.232421875 0.01513671875 0.021484375
0 0.0703125 0.23583984375 0.02001953125 0.01513671875
0 0.09521484375 0.2373046875 0.02734375 0.021484375
0 0.119140625 0.23828125 0.0224609375 0.02001953125
0 0.15185546875 0.23876953125 0.0400390625 0.021484375
0 0.18359375 0.2431640625 0.021484375 0.02001953125
0 0.20751953125 0.24755859375 0.021484375 0.021484375
0 0.22314453125 0.248046875 0.009765625 0.0166015625
0 0.2431640625 0.24658203125 0.017578125 0.0234375
0 0.26416015625 0.25 0.02734375 0.02685546875
0 0.29443359375 0.25390625 0.0302734375 0.021484375
0 0.06884765625 0.671875 0.09130859375 0.130859375
0 0.1533203125 0.728515625 0.09130859375 0.13427734375
0 0.70166015625 0.5771484375 0.03173828125 0.04638671875
0 0.7373046875 0.591796875 0.041015625 0.044921875
0 0.78076171875 0.61083984375 0.04345703125 0.04541015625
0 0.82080078125 0.62646484375 0.037109375 0.04345703125
0 0.85498046875 0.6396484375 0.03466796875 0.04345703125
0 0.89111328125 0.65625 0.03564453125 0.037109375
0 0.70458984375 0.62255859375 0.0322265625 0.04541015625
0 0.73046875 0.630859375 0.02001953125 0.03466796875
0 0.751953125 0.63671875 0.02880859375 0.04248046875
0 0.77587890625 0.64453125 0.0224609375 0.03955078125
0 0.79736328125 0.65771484375 0.0234375 0.0400390625
0 0.82177734375 0.662109375 0.029296875 0.04296875
0 0.84521484375 0.671875 0.0234375 0.04052734375
0 0.86376953125 0.68115234375 0.01806640625 0.0400390625
0 0.88525390625 0.6904296875 0.029296875 0.0400390625
0 0.90771484375 0.6943359375 0.021484375 0.03955078125
0 0.70458984375 0.6640625 0.0263671875 0.044921875
0 0.73095703125 0.67529296875 0.0322265625 0.04443359375
0 0.76123046875 0.6865234375 0.0283203125 0.0556640625
0 0.7880859375 0.693359375 0.0224609375 0.0458984375
0 0.810546875 0.70263671875 0.02490234375 0.0458984375
0 0.83203125 0.71484375 0.02001953125 0.04052734375
0 0.70751953125 0.71630859375 0.02490234375 0.04052734375
0 0.73388671875 0.72412109375 0.0302734375 0.04248046875
0 0.7626953125 0.73388671875 0.0302734375 0.04296875
0 0.79296875 0.74560546875 0.03515625 0.0400390625
0 0.8173828125 0.7509765625 0.0166015625 0.037109375
0 0.837890625 0.76171875 0.03125 0.04248046875
0 0.86279296875 0.76318359375 0.02587890625 0.044921875
0 0.7060546875 0.76220703125 0.021484375 0.025390625
0 0.72412109375 0.7646484375 0.02099609375 0.025390625
0 0.74072265625 0.77099609375 0.01171875 0.02001953125
0 0.755859375 0.77294921875 0.0205078125 0.02685546875
0 0.7822265625 0.78369140625 0.03125 0.02587890625
0 0.8076171875 0.79052734375 0.02001953125 0.02392578125
0 0.86181640625 0.8056640625 0.021484375 0.02734375
0 0.88623046875 0.814453125 0.02734375 0.02685546875
0 0.9140625 0.8203125 0.02978515625 0.0224609375