0 0.4609375 0.44921875 0.02197265625 0.0244140625
0 0.48046875 0.4482421875 0.01171875 0.0263671875
0 0.50146484375 0.4443359375 0.0263671875 0.0302734375
0 0.44287109375 0.48681640625 0.03466796875 0.0322265625
0 0.48046875 0.4794921875 0.03662109375 0.0322265625
0 0.52099609375 0.48291015625 0.03759765625 0.0244140625
0 0.37548828125 0.8671875 0.01025390625 0.0244140625
0 0.404296875 0.7353515625 0.017578125 0.0322265625
0 0.404296875 0.783203125 0.017578125 0.03369140625
0 0.4033203125 0.83154296875 0.017578125 0.0322265625
0 0.55712890625 0.64111328125 0.017578125 0.0322265625
0 0.55810546875 0.6865234375 0.017578125 0.0322265625
0 0.55859375 0.78173828125 0.0166015625 0.03369140625
0 0.55859375 0.82958984375 0.0166015625 0.0322265625
0 0.58349609375 0.72607421875 0.01025390625 0.0244140625
0 0.74267578125 0.69287109375 0.0126953125 0.0224609375
0 0.74462890625 0.7373046875 0.0126953125 0.0205078125
0 0.74560546875 0.783203125 0.01025390625 0.0224609375