0 0.07470703125 0.03564453125 0.0888671875 0.0712890625
0 0.1416015625 0.01904296875 0.0341796875 0.0263671875
0 0.19970703125 0.0341796875 0.0771484375 0.068359375
0 0.30078125 0.0361328125 0.111328125 0.072265625
0 0.41845703125 0.03955078125 0.1201171875 0.0791015625
0 0.55126953125 0.0322265625 0.1357421875 0.064453125
0 0.158203125 0.1435546875 0.31640625 0.16015625
0 0.4521484375 0.17041015625 0.2314453125 0.14892578125
0 0.08935546875 0.2783203125 0.1484375 0.060546875
0 0.23046875 0.26904296875 0.1064453125 0.07861328125
0 0.3515625 0.27734375 0.11865234375 0.06201171875
0 0.43310546875 0.28076171875 0.01953125 0.01318359375
0 0.48876953125 0.26025390625 0.06982421875 0.08984375
0 0.57861328125 0.25634765625 0.0810546875 0.0966796875
0 0.025390625 0.35205078125 0.05078125 0.0791015625
0 0.1416015625 0.35107421875 0.1396484375 0.07861328125
0 0.23876953125 0.36328125 0.0185546875 0.0146484375
0 0.31396484375 0.34765625 0.10400390625 0.07861328125
0 0.43310546875 0.35986328125 0.1103515625 0.07373046875
0 0.88623046875 0.16064453125 0.193359375 0.26318359375
0 0.8935546875 0.388671875 0.0625 0.041015625
0 0.9482421875 0.390625 0.046875 0.037109375
0 0.9892578125 0.388671875 0.021484375 0.041015625
0 0.20263671875 0.6220703125 0.033203125 0.041015625
0 0.23974609375 0.6279296875 0.0341796875 0.041015625
0 0.283203125 0.62939453125 0.04248046875 0.0439453125
0 0.32177734375 0.63623046875 0.025390625 0.033203125
0 0.34814453125 0.63818359375 0.02197265625 0.03369140625
0 0.37255859375 0.64453125 0.02490234375 0.041015625
0 0.16748046875 0.7109375 0.0625 0.0771484375
0 0.2353515625 0.7158203125 0.05615234375 0.0771484375
0 0.30322265625 0.7197265625 0.064453125 0.07470703125
0 0.384765625 0.72998046875 0.08349609375 0.0693359375
0 0.15234375 0.828125 0.06396484375 0.0791015625
0 0.23681640625 0.83154296875 0.0810546875 0.083984375
0 0.32080078125 0.8251953125 0.06591796875 0.07373046875
0 0.3857421875 0.828125 0.052734375 0.06298828125
0 0.28857421875 0.927734375 0.10302734375 0.05615234375
0 0.73388671875 0.4521484375 0.0986328125 0.0859375
0 0.826171875 0.44921875 0.06640625 0.080078125
0 0.7353515625 0.609375 0.09619140625 0.13330078125
0 0.82861328125 0.60693359375 0.06298828125 0.1279296875
0 0.92431640625 0.59912109375 0.10205078125 0.14306640625
0 0.7353515625 0.7890625 0.09228515625 0.12548828125
0 0.82470703125 0.78662109375 0.05859375 0.130859375
0 0.91357421875 0.7978515625 0.09228515625 0.09814453125
0 0.984375 0.7919921875 0.03125 0.09765625
0 0.74609375 0.93603515625 0.11376953125 0.0927734375
0 0.83935546875 0.92822265625 0.056640625 0.06787109375
0 0.90087890625 0.9248046875 0.0546875 0.0703125
0 0.958984375 0.92333984375 0.041015625 0.06787109375
0 0.99365234375 0.9228515625 0.0126953125 0.068359375