0 0.75537109375 0.01953125 0.02685546875 0.03662109375
0 0.79296875 0.01953125 0.044921875 0.02685546875
0 0.76123046875 0.04931640625 0.04150390625 0.0166015625
0 0.80126953125 0.05029296875 0.03173828125 0.021484375
0 0.763671875 0.0810546875 0.04345703125 0.033203125
0 0.80126953125 0.08349609375 0.03173828125 0.03515625
0 0.75439453125 0.10595703125 0.0283203125 0.01318359375
0 0.79296875 0.10595703125 0.044921875 0.01318359375
0 0.93603515625 0.02587890625 0.08154296875 0.046875
0 0.0078125 0.76904296875 0.015625 0.0146484375
0 0.01416015625 0.77880859375 0.02392578125 0.009765625
0 0.09716796875 0.70068359375 0.00830078125 0.00634765625
0 0.09716796875 0.708984375 0.0048828125 0.00634765625
0 0.09765625 0.716796875 0.009765625 0.005859375
0 0.3251953125 0.6884765625 0.00439453125 0.00830078125
0 0.33349609375 0.6875 0.00927734375 0.00732421875
0 0.3330078125 0.697265625 0.00634765625 0.00732421875
0 0.3330078125 0.70654296875 0.00634765625 0.00830078125
0 0.33349609375 0.71630859375 0.00634765625 0.00830078125
0 0.3603515625 0.73388671875 0.01953125 0.01171875
0 0.4130859375 0.7763671875 0.02197265625 0.0146484375
0 0.40087890625 0.806640625 0.01123046875 0.00830078125
0 0.41162109375 0.806640625 0.01025390625 0.00830078125
0 0.41943359375 0.80615234375 0.005859375 0.0087890625
0 0.42919921875 0.806640625 0.01123046875 0.00830078125
0 0.361328125 0.763671875 0.0146484375 0.005859375
0 0.36474609375 0.908203125 0.02587890625 0.009765625
0 0.38720703125 0.91015625 0.01416015625 0.00830078125
0 0.3984375 0.91064453125 0.005859375 0.0087890625
0 0.412109375 0.9130859375 0.0205078125 0.0087890625
0 0.4326171875 0.91357421875 0.01806640625 0.0087890625
0 0.51025390625 0.640625 0.01318359375 0.015625
0 0.52392578125 0.63818359375 0.017578125 0.01708984375
0 0.49658203125 0.646484375 0.01171875 0.0107421875
0 0.48974609375 0.6591796875 0.009765625 0.009765625
0 0.49658203125 0.65869140625 0.0068359375 0.01220703125
0 0.50830078125 0.6552734375 0.0166015625 0.015625
0 0.5244140625 0.654296875 0.02099609375 0.0166015625
0 0.5126953125 0.673828125 0.01416015625 0.0166015625
0 0.52587890625 0.67236328125 0.0166015625 0.0166015625
0 0.51611328125 0.6884765625 0.01708984375 0.01171875
0 0.529296875 0.68798828125 0.0107421875 0.0166015625
0 0.5126953125 0.69921875 0.01123046875 0.0166015625
0 0.525390625 0.6982421875 0.0126953125 0.015625
0 0.537109375 0.6953125 0.01123046875 0.015625
0 0.5166015625 0.71337890625 0.01806640625 0.01708984375
0 0.533203125 0.71435546875 0.01611328125 0.01904296875
0 0.52685546875 0.74560546875 0.02392578125 0.01416015625
0 0.7841796875 0.443359375 0.0849609375 0.08740234375
0 0.884765625 0.43701171875 0.103515625 0.0849609375
0 0.62451171875 0.5888671875 0.1298828125 0.080078125
0 0.75390625 0.57958984375 0.12158203125 0.09521484375
0 0.91162109375 0.5751953125 0.1767578125 0.091796875
0 0.708984375 0.748046875 0.25146484375 0.08740234375