0 0.3388671875 0.35107421875 0.056640625 0.0400390625
0 0.39453125 0.35498046875 0.05078125 0.0400390625
0 0.39453125 0.44287109375 0.029296875 0.02294921875
0 0.2333984375 0.56201171875 0.01171875 0.021484375
0 0.2314453125 0.64111328125 0.01171875 0.02001953125
0 0.494140625 0.21484375 0.1484375 0.1171875
0 0.65380859375 0.18994140625 0.1298828125 0.11572265625
0 0.87646484375 0.15234375 0.2470703125 0.142578125
0 0.68017578125 0.27001953125 0.0224609375 0.015625
0 0.70556640625 0.26904296875 0.0244140625 0.01806640625
0 0.72998046875 0.26611328125 0.0166015625 0.015625
0 0.76416015625 0.26171875 0.0517578125 0.02197265625
0 0.81494140625 0.25732421875 0.0419921875 0.0234375
0 0.9013671875 0.24951171875 0.025390625 0.01806640625
0 0.95849609375 0.2421875 0.0830078125 0.02734375
0 0.09619140625 0.73681640625 0.1025390625 0.0146484375
0 0.0615234375 0.76708984375 0.123046875 0.0751953125
0 0.076171875 0.83740234375 0.13623046875 0.08740234375
0 0.044921875 0.90478515625 0.02099609375 0.017578125
0 0.06640625 0.908203125 0.0224609375 0.017578125
0 0.08837890625 0.91162109375 0.01953125 0.01904296875
0 0.1181640625 0.91748046875 0.03857421875 0.0234375