0 0.0625 0.15087890625 0.041015625 0.04150390625
0 0.24853515625 0.10986328125 0.01025390625 0.025390625
0 0.259765625 0.10693359375 0.01123046875 0.02197265625
0 0.27001953125 0.10693359375 0.0068359375 0.02099609375
0 0.2861328125 0.1083984375 0.0224609375 0.03076171875
0 0.3056640625 0.10595703125 0.01416015625 0.0224609375
0 0.3232421875 0.107421875 0.02099609375 0.0244140625
0 0.3369140625 0.10791015625 0.005859375 0.0263671875
0 0.6474609375 0.087890625 0.13623046875 0.146484375
0 0.77294921875 0.11181640625 0.0849609375 0.10498046875
0 0.5712890625 0.24609375 0.12890625 0.1298828125
0 0.7890625 0.255859375 0.18994140625 0.13671875
0 0.60546875 0.3916015625 0.08984375 0.091796875
0 0.71337890625 0.39013671875 0.11376953125 0.1015625
0 0.8037109375 0.39501953125 0.05615234375 0.0849609375
0 0.52294921875 0.484375 0.0361328125 0.03125
0 0.58984375 0.48291015625 0.03515625 0.0341796875
0 0.66845703125 0.484375 0.0537109375 0.03125
0 0.75439453125 0.486328125 0.0615234375 0.02734375
0 0.8427734375 0.47216796875 0.08984375 0.0556640625
0 0.138671875 0.70703125 0.27734375 0.4140625
0 0.34375 0.60400390625 0.0078125 0.0283203125
0 0.3603515625 0.626953125 0.041015625 0.03515625
0 0.39501953125 0.69189453125 0.08251953125 0.08984375
0 0.39990234375 0.775390625 0.1103515625 0.0986328125
0 0.49365234375 0.74267578125 0.064453125 0.07568359375