0 0.02197265625 0.017578125 0.0439453125 0.03515625
0 0.076171875 0.01904296875 0.052734375 0.0380859375
0 0.1318359375 0.025390625 0.05078125 0.05078125
0 0.19921875 0.02734375 0.076171875 0.0546875
0 0.28076171875 0.0244140625 0.0771484375 0.04736328125
0 0.357421875 0.0283203125 0.06982421875 0.048828125
0 0.42333984375 0.02880859375 0.0517578125 0.0556640625
0 0.03125 0.07275390625 0.0625 0.0556640625
0 0.12548828125 0.07763671875 0.1103515625 0.0556640625
0 0.2333984375 0.07958984375 0.0927734375 0.05712890625
0 0.34375 0.08642578125 0.11376953125 0.05712890625
0 0.42724609375 0.08984375 0.0439453125 0.052734375
0 0.2177734375 0.1474609375 0.046875 0.029296875
0 0.271484375 0.1533203125 0.05224609375 0.03759765625
0 0.326171875 0.154296875 0.048828125 0.03466796875
0 0.36328125 0.1533203125 0.02099609375 0.029296875
0 0.4052734375 0.15576171875 0.05322265625 0.0400390625
0 0.44140625 0.15576171875 0.015625 0.0263671875
0 0.5087890625 0.09521484375 0.119140625 0.0849609375
0 0.65478515625 0.130859375 0.15478515625 0.072265625
0 0.783203125 0.1591796875 0.09375 0.05712890625
0 0.8984375 0.17822265625 0.115234375 0.072265625
0 0.982421875 0.212890625 0.03515625 0.083984375
0 0.57275390625 0.216796875 0.2470703125 0.234375
0 0.86474609375 0.3046875 0.2705078125 0.16796875
0 0.4716796875 0.34521484375 0.044921875 0.1005859375
0 0.564453125 0.35595703125 0.13525390625 0.09033203125
0 0.71142578125 0.37744140625 0.20263671875 0.09765625
0 0.8662109375 0.40478515625 0.10693359375 0.076171875
0 0.96044921875 0.41748046875 0.0791015625 0.0927734375
0 0.498046875 0.41650390625 0.09765625 0.0439453125
0 0.91357421875 0.46923828125 0.1728515625 0.0556640625
0 0.40087890625 0.5126953125 0.0966796875 0.025390625
0 0.43115234375 0.5654296875 0.0361328125 0.0703125
0 0.4306640625 0.64208984375 0.037109375 0.0634765625