0 0.341796875 0.0244140625 0.01953125 0.00927734375
0 0.36181640625 0.02099609375 0.02392578125 0.01025390625
0 0.36279296875 0.0283203125 0.03076171875 0.01025390625
0 0.029296875 0.1962890625 0.05859375 0.015625
0 0.40576171875 0.126953125 0.5078125 0.12939453125
0 0.5263671875 0.17236328125 0.25244140625 0.044921875
0 0.1826171875 0.2451171875 0.1201171875 0.05126953125
0 0.27685546875 0.23681640625 0.04052734375 0.044921875
0 0.41162109375 0.2255859375 0.20068359375 0.0615234375
0 0.0244140625 0.3359375 0.048828125 0.02587890625
0 0.10595703125 0.3330078125 0.08349609375 0.03857421875
0 0.2529296875 0.32177734375 0.17724609375 0.03564453125
0 0.37841796875 0.31591796875 0.04052734375 0.0302734375
0 0.4755859375 0.30517578125 0.10888671875 0.0439453125
0 0.6318359375 0.29833984375 0.15625 0.04248046875
0 0.5908203125 0.40869140625 0.05712890625 0.02587890625
0 0.326171875 0.47802734375 0.03369140625 0.0185546875
0 0.482421875 0.6005859375 0.0224609375 0.02001953125
0 0.49560546875 0.64794921875 0.01513671875 0.02294921875
0 0.19677734375 0.7548828125 0.03076171875 0.01123046875
0 0.40576171875 0.75537109375 0.03076171875 0.0146484375
0 0.4052734375 0.765625 0.03466796875 0.0146484375
0 0.58349609375 0.814453125 0.03759765625 0.0166015625
0 0.5849609375 0.826171875 0.04345703125 0.0166015625