0 0.65673828125 0.6953125 0.04443359375 0.021484375
0 0.70361328125 0.703125 0.0439453125 0.02734375
0 0.74560546875 0.7060546875 0.03369140625 0.0224609375
0 0.77685546875 0.708984375 0.02490234375 0.02197265625
0 0.8046875 0.71240234375 0.02587890625 0.02099609375
0 0.65625 0.7236328125 0.03662109375 0.02001953125
0 0.705078125 0.7294921875 0.05224609375 0.03173828125
0 0.75244140625 0.736328125 0.04052734375 0.02392578125
0 0.79638671875 0.74169921875 0.04150390625 0.02490234375
0 0.68408203125 0.75341796875 0.0546875 0.03466796875
0 0.734375 0.75830078125 0.03662109375 0.0283203125
0 0.77734375 0.7626953125 0.04345703125 0.021484375
0 0.6552734375 0.77392578125 0.033203125 0.0205078125
0 0.69970703125 0.77880859375 0.0478515625 0.02685546875
0 0.77294921875 0.78955078125 0.0966796875 0.02685546875
0 0.64501953125 0.8017578125 0.02392578125 0.0224609375
0 0.6669921875 0.8017578125 0.01904296875 0.01708984375
0 0.685546875 0.8076171875 0.01513671875 0.02099609375
0 0.71240234375 0.80859375 0.03466796875 0.02001953125
0 0.73876953125 0.810546875 0.015625 0.0166015625
0 0.759765625 0.814453125 0.02294921875 0.0166015625
0 0.78759765625 0.818359375 0.02880859375 0.0244140625