0 0.31884765625 0.10400390625 0.09375 0.06298828125
0 0.412109375 0.13916015625 0.07421875 0.0712890625
0 0.3056640625 0.18408203125 0.287109375 0.1904296875
0 0.1083984375 0.2236328125 0.216796875 0.197265625
0 0.0712890625 0.36181640625 0.052734375 0.06298828125
0 0.189453125 0.3828125 0.18017578125 0.10888671875
0 0.30908203125 0.400390625 0.046875 0.0732421875
0 0.55615234375 0.15673828125 0.2138671875 0.3134765625
0 0.787109375 0.21484375 0.23828125 0.3095703125
0 0.87451171875 0.4482421875 0.0693359375 0.05078125
0 0.9482421875 0.46142578125 0.09033203125 0.05078125
0 0.45751953125 0.38427734375 0.0166015625 0.0654296875
0 0.515625 0.4853515625 0.1171875 0.087890625
0 0.6015625 0.49853515625 0.044921875 0.0615234375
0 0.66064453125 0.51318359375 0.0732421875 0.0322265625
0 0.72607421875 0.5107421875 0.0498046875 0.037109375
0 0.80029296875 0.52099609375 0.0927734375 0.0166015625
0 0.1845703125 0.6103515625 0.185546875 0.1083984375
0 0.3486328125 0.62060546875 0.095703125 0.099609375
0 0.4267578125 0.6318359375 0.044921875 0.111328125
0 0.224609375 0.80029296875 0.44921875 0.1904296875
0 0.2353515625 0.9716796875 0.267578125 0.056640625