0 0.55517578125 0.38232421875 0.1025390625 0.0751953125
0 0.64111328125 0.38232421875 0.0654296875 0.0751953125
0 0.6904296875 0.39208984375 0.029296875 0.0556640625
0 0.7705078125 0.380859375 0.08984375 0.078125
0 0.841796875 0.38134765625 0.048828125 0.0771484375
0 0.900390625 0.38671875 0.05859375 0.06640625
0 0.96630859375 0.3779296875 0.0673828125 0.080078125
0 0.26025390625 0.47119140625 0.11572265625 0.10205078125
0 0.36279296875 0.45458984375 0.0751953125 0.0693359375
0 0.23974609375 0.6796875 0.4794921875 0.435546875
0 0.064453125 0.984375 0.05859375 0.03125
0 0.13818359375 0.97900390625 0.0693359375 0.0419921875
0 0.2509765625 0.95751953125 0.12109375 0.0849609375
0 0.40478515625 0.92431640625 0.1494140625 0.0849609375
0 0.59228515625 0.44775390625 0.1357421875 0.0556640625
0 0.68359375 0.43505859375 0.03515625 0.0302734375
0 0.78662109375 0.4404296875 0.1533203125 0.041015625
0 0.59130859375 0.51953125 0.080078125 0.072265625
0 0.66357421875 0.5146484375 0.05322265625 0.0673828125
0 0.75244140625 0.5146484375 0.1123046875 0.072265625
0 0.85595703125 0.49951171875 0.0830078125 0.08251953125
0 0.939453125 0.498046875 0.0732421875 0.06005859375
0 0.57861328125 0.591796875 0.05224609375 0.04736328125
0 0.6279296875 0.58837890625 0.0546875 0.0498046875
0 0.6630859375 0.5869140625 0.02392578125 0.04736328125
0 0.70458984375 0.5771484375 0.0673828125 0.0625
0 0.74755859375 0.58447265625 0.015625 0.017578125
0 0.79150390625 0.58056640625 0.0703125 0.06005859375
0 0.85205078125 0.5693359375 0.05908203125 0.0625
0 0.91552734375 0.5595703125 0.06494140625 0.0625
0 0.9521484375 0.57080078125 0.01708984375 0.01513671875
0 0.97998046875 0.56396484375 0.0400390625 0.0576171875
0 0.58544921875 0.6357421875 0.07177734375 0.044921875
0 0.64990234375 0.63818359375 0.06494140625 0.05517578125
0 0.71240234375 0.630859375 0.060546875 0.044921875
0 0.7705078125 0.626953125 0.06201171875 0.052734375
0 0.80908203125 0.62841796875 0.015625 0.02001953125
0 0.8486328125 0.6220703125 0.0634765625 0.04736328125
0 0.9140625 0.6171875 0.076171875 0.052734375
0 0.9716796875 0.61328125 0.03955078125 0.0498046875
0 0.54296875 0.6943359375 0.0703125 0.0625
0 0.61328125 0.69580078125 0.0703125 0.06005859375
0 0.69677734375 0.68701171875 0.09130859375 0.0673828125
0 0.7978515625 0.68212890625 0.10009765625 0.0673828125
0 0.919921875 0.67724609375 0.140625 0.07763671875
0 0.56201171875 0.7607421875 0.1025390625 0.05517578125
0 0.66943359375 0.7607421875 0.1181640625 0.06494140625
0 0.77294921875 0.75341796875 0.0859375 0.06494140625
0 0.85498046875 0.74951171875 0.08447265625 0.0625
0 0.49072265625 0.86083984375 0.0224609375 0.0498046875
0 0.48681640625 0.91552734375 0.0146484375 0.0556640625
0 0.48974609375 0.9765625 0.0205078125 0.046875