0 0.2724609375 0.01416015625 0.1171875 0.0283203125
0 0.3935546875 0.021484375 0.03125 0.04296875
0 0.23828125 0.1142578125 0.11181640625 0.0810546875
0 0.3564453125 0.126953125 0.1044921875 0.07666015625
0 0.4716796875 0.18017578125 0.013671875 0.015625
0 0.4775390625 0.16552734375 0.0166015625 0.02099609375
0 0.482421875 0.1494140625 0.01025390625 0.01513671875
0 0.48486328125 0.1298828125 0.01416015625 0.01953125
0 0.82080078125 0.0107421875 0.0517578125 0.021484375
0 0.9208984375 0.00390625 0.021484375 0.0078125
0 0.8740234375 0.06103515625 0.03955078125 0.02587890625
0 0.71728515625 0.1015625 0.02099609375 0.02978515625
0 0.79248046875 0.134765625 0.01123046875 0.04248046875
0 0.8212890625 0.14794921875 0.0146484375 0.04638671875
0 0.88427734375 0.5478515625 0.0146484375 0.01953125
0 0.9365234375 0.55517578125 0.025390625 0.0087890625
0 0.7626953125 0.3505859375 0.02734375 0.03076171875
0 0.72607421875 0.3818359375 0.060546875 0.10888671875
0 0.75 0.40185546875 0.0234375 0.0380859375
0 0.76416015625 0.396484375 0.02587890625 0.03466796875
0 0.78515625 0.42138671875 0.03369140625 0.04296875
0 0.82763671875 0.20361328125 0.01904296875 0.02099609375
0 0.849609375 0.18798828125 0.0439453125 0.06396484375
0 0.02880859375 0.57568359375 0.0576171875 0.0322265625
0 0.09521484375 0.591796875 0.0849609375 0.064453125
0 0.12939453125 0.63818359375 0.02783203125 0.0419921875
0 0.02392578125 0.7744140625 0.041015625 0.01953125
0 0.05810546875 0.7626953125 0.03173828125 0.021484375
0 0.08447265625 0.74365234375 0.029296875 0.025390625
0 0.10791015625 0.71630859375 0.03515625 0.0390625
0 0.17138671875 0.86865234375 0.3427734375 0.1630859375
0 0.2802734375 0.97900390625 0.232421875 0.0419921875
0 0.15234375 0.98681640625 0.04296875 0.0263671875
0 0.859375 0.58984375 0.08203125 0.060546875
0 0.93701171875 0.58642578125 0.0634765625 0.0537109375
0 0.85009765625 0.6826171875 0.068359375 0.08642578125
0 0.90673828125 0.68896484375 0.03515625 0.07373046875
0 0.8642578125 0.74853515625 0.044921875 0.0576171875
0 0.9853515625 0.89990234375 0.029296875 0.0673828125