0 0.34765625 0.1806640625 0.04638671875 0.02099609375
0 0.400390625 0.181640625 0.06005859375 0.0205078125
0 0.541015625 0.1865234375 0.0927734375 0.01318359375
0 0.3203125 0.31640625 0.029296875 0.005859375
0 0.0693359375 0.28271484375 0.02587890625 0.01171875
0 0.85205078125 0.08154296875 0.07177734375 0.10986328125
0 0.9384765625 0.08740234375 0.09521484375 0.10400390625
0 0.85791015625 0.19287109375 0.04345703125 0.0712890625
0 0.90283203125 0.1943359375 0.0498046875 0.07421875
0 0.97705078125 0.19873046875 0.0458984375 0.0712890625
0 0.12451171875 0.37255859375 0.2490234375 0.1064453125
0 0.41796875 0.39111328125 0.310546875 0.1435546875
0 0.21435546875 0.49462890625 0.2294921875 0.17236328125
0 0.4716796875 0.537109375 0.275390625 0.185546875
0 0.083984375 0.6494140625 0.16796875 0.10546875
0 0.28076171875 0.66259765625 0.19140625 0.10693359375
0 0.48291015625 0.69140625 0.1865234375 0.1142578125
0 0.09228515625 0.73681640625 0.1337890625 0.09814453125
0 0.26220703125 0.7470703125 0.19482421875 0.0859375
0 0.47021484375 0.7666015625 0.21044921875 0.09521484375
0 0.048828125 0.8134765625 0.0361328125 0.05224609375
0 0.10009765625 0.8232421875 0.0595703125 0.04736328125
0 0.15869140625 0.8291015625 0.0458984375 0.04150390625
0 0.197265625 0.83056640625 0.03369140625 0.04736328125
0 0.24267578125 0.8388671875 0.05712890625 0.05810546875
0 0.67919921875 0.6279296875 0.08056640625 0.0537109375
0 0.69970703125 0.64892578125 0.07568359375 0.0478515625
0 0.8076171875 0.74560546875 0.0869140625 0.1103515625
0 0.8603515625 0.71875 0.09375 0.09814453125
0 0.92626953125 0.69189453125 0.1005859375 0.09228515625
0 0.96875 0.66943359375 0.0625 0.0771484375