0 0.46875 0.44775390625 0.041015625 0.04150390625
0 0.36279296875 0.35986328125 0.0048828125 0.0087890625
0 0.75732421875 0.142578125 0.01513671875 0.017578125
0 0.779296875 0.14404296875 0.02294921875 0.0126953125
0 0.8095703125 0.1435546875 0.03076171875 0.01611328125
0 0.83935546875 0.14404296875 0.0224609375 0.017578125
0 0.869140625 0.146484375 0.03076171875 0.01904296875
0 0.89013671875 0.146484375 0.00439453125 0.01220703125
0 0.771484375 0.1611328125 0.0322265625 0.0166015625
0 0.80029296875 0.1611328125 0.0224609375 0.01806640625
0 0.82373046875 0.1650390625 0.01904296875 0.015625
0 0.84130859375 0.16259765625 0.013671875 0.017578125
0 0.85888671875 0.16259765625 0.01904296875 0.017578125
0 0.87890625 0.16650390625 0.0185546875 0.0166015625
0 0.8056640625 0.2353515625 0.0986328125 0.046875
0 0.884765625 0.234375 0.0498046875 0.04638671875
0 0.9375 0.2412109375 0.04638671875 0.03369140625
0 0.8212890625 0.32470703125 0.095703125 0.07470703125
0 0.9140625 0.31689453125 0.06591796875 0.0849609375
0 0.65478515625 0.40673828125 0.01025390625 0.025390625
0 0.666015625 0.40380859375 0.01123046875 0.02197265625
0 0.67626953125 0.40380859375 0.0068359375 0.02099609375
0 0.6923828125 0.4052734375 0.0224609375 0.03076171875
0 0.7119140625 0.40283203125 0.01416015625 0.0224609375
0 0.7294921875 0.404296875 0.02099609375 0.0244140625
0 0.751953125 0.4052734375 0.0224609375 0.02685546875
0 0.76953125 0.400390625 0.01123046875 0.0244140625
0 0.78466796875 0.4033203125 0.01708984375 0.02685546875
0 0.80126953125 0.40283203125 0.015625 0.02685546875
0 0.81201171875 0.40087890625 0.00439453125 0.01953125
0 0.89111328125 0.50634765625 0.01513671875 0.02294921875
0 0.9091796875 0.5068359375 0.01953125 0.02294921875
0 0.90283203125 0.52880859375 0.04443359375 0.017578125
0 0.90673828125 0.548828125 0.04345703125 0.0185546875
0 0.986328125 0.47607421875 0.00830078125 0.01611328125
0 0.98681640625 0.48974609375 0.00732421875 0.009765625