0 0.08642578125 0.28076171875 0.01806640625 0.013671875
0 0.11669921875 0.27734375 0.02294921875 0.01318359375
0 0.14794921875 0.2744140625 0.04052734375 0.01611328125
0 0.19580078125 0.26806640625 0.052734375 0.01904296875
0 0.23779296875 0.26416015625 0.0283203125 0.01318359375
0 0.166015625 0.33544921875 0.13427734375 0.06884765625
0 0.0986328125 0.38330078125 0.048828125 0.0322265625
0 0.1904296875 0.37744140625 0.12109375 0.0439453125
0 0.3212890625 0.37451171875 0.02099609375 0.0234375
0 0.34033203125 0.376953125 0.01025390625 0.0166015625
0 0.36083984375 0.36572265625 0.02783203125 0.02490234375
0 0.32275390625 0.38671875 0.02099609375 0.0234375
0 0.3203125 0.36181640625 0.02099609375 0.0234375
0 0.3369140625 0.3525390625 0.0107421875 0.01611328125
0 0.33837890625 0.36474609375 0.01025390625 0.015625
0 0.359375 0.3408203125 0.03076171875 0.02490234375
0 0.35986328125 0.35302734375 0.02978515625 0.02587890625
0 0.71337890625 0.3544921875 0.1064453125 0.08984375
0 0.84033203125 0.32568359375 0.134765625 0.12109375
0 0.95361328125 0.3291015625 0.08740234375 0.10693359375
0 0.052734375 0.443359375 0.07373046875 0.05419921875
0 0.16455078125 0.42578125 0.1279296875 0.052734375
0 0.2734375 0.41943359375 0.076171875 0.0400390625
0 0.0302734375 0.494140625 0.03173828125 0.0478515625
0 0.080078125 0.49169921875 0.0576171875 0.0458984375
0 0.14453125 0.4931640625 0.06201171875 0.0458984375
0 0.23193359375 0.47509765625 0.0986328125 0.05908203125
0 0.3095703125 0.47265625 0.05126953125 0.05859375
0 0.39111328125 0.46728515625 0.09423828125 0.0478515625
0 0.49072265625 0.453125 0.08984375 0.0654296875
0 0.408203125 0.50341796875 0.072265625 0.029296875
0 0.01806640625 0.580078125 0.0361328125 0.03125
0 0.0693359375 0.5810546875 0.0537109375 0.0361328125
0 0.96728515625 0.6005859375 0.0654296875 0.08984375
0 0.9541015625 0.685546875 0.04541015625 0.03125
0 0.9892578125 0.6875 0.021484375 0.033203125
0 0.74267578125 0.78564453125 0.04345703125 0.02685546875
0 0.77880859375 0.78955078125 0.03125 0.0341796875
0 0.82763671875 0.78564453125 0.06201171875 0.02978515625
0 0.896484375 0.7841796875 0.07568359375 0.04150390625
0 0.95654296875 0.78662109375 0.04443359375 0.03125