0 0.94677734375 0.06396484375 0.1064453125 0.1279296875
0 0.9091796875 0.26513671875 0.166015625 0.193359375
0 0.0126953125 0.93408203125 0.025390625 0.0537109375
0 0.06982421875 0.9375 0.0859375 0.05859375
0 0.16259765625 0.93212890625 0.09521484375 0.06591796875
0 0.23779296875 0.9375 0.05224609375 0.06201171875
0 0.0615234375 0.99072265625 0.1015625 0.0185546875
0 0.1640625 0.9931640625 0.091796875 0.013671875
0 0.26123046875 0.9921875 0.0927734375 0.015625
0 0.80859375 0.5166015625 0.05859375 0.0986328125
0 0.86865234375 0.5048828125 0.0654296875 0.09326171875
0 0.9375 0.47802734375 0.06640625 0.0771484375
0 0.9794921875 0.857421875 0.041015625 0.05078125
0 0.97802734375 0.90771484375 0.0439453125 0.0673828125