0 0.00537109375 0.3984375 0.0107421875 0.013671875
0 0.03271484375 0.3955078125 0.02294921875 0.01318359375
0 0.06396484375 0.392578125 0.04052734375 0.01611328125
0 0.11181640625 0.38623046875 0.052734375 0.01904296875
0 0.15380859375 0.38232421875 0.0283203125 0.01318359375
0 0.08203125 0.45361328125 0.13427734375 0.06884765625
0 0.01953125 0.505859375 0.0390625 0.041015625
0 0.10693359375 0.498046875 0.12060546875 0.0478515625
0 0.03759765625 0.5380859375 0.02880859375 0.0263671875
0 0.06103515625 0.53857421875 0.0146484375 0.0205078125
0 0.083984375 0.53369140625 0.02587890625 0.0263671875
0 0.11572265625 0.53173828125 0.0322265625 0.025390625
0 0.04736328125 0.56201171875 0.01171875 0.01025390625
0 0.08349609375 0.5615234375 0.05908203125 0.01123046875
0 0.01171875 0.591796875 0.01220703125 0.01123046875
0 0.02685546875 0.59130859375 0.01806640625 0.0107421875
0 0.04248046875 0.59033203125 0.0126953125 0.00927734375
0 0.05615234375 0.58935546875 0.013671875 0.01025390625
0 0.07373046875 0.58935546875 0.02099609375 0.01025390625
0 0.09228515625 0.58837890625 0.015625 0.0087890625
0 0.10595703125 0.587890625 0.0087890625 0.01025390625
0 0.125 0.58837890625 0.02783203125 0.0087890625
0 0.1474609375 0.58740234375 0.0166015625 0.00830078125
0 0.2373046875 0.49267578125 0.02099609375 0.0234375
0 0.25634765625 0.4951171875 0.01025390625 0.0166015625
0 0.27685546875 0.48388671875 0.02783203125 0.02490234375
0 0.23876953125 0.5048828125 0.02099609375 0.0234375
0 0.236328125 0.47998046875 0.02099609375 0.0234375
0 0.2529296875 0.470703125 0.0107421875 0.01611328125
0 0.25439453125 0.48291015625 0.01025390625 0.015625
0 0.275390625 0.458984375 0.03076171875 0.02490234375
0 0.27587890625 0.47119140625 0.02978515625 0.02587890625
0 0.708984375 0.322265625 0.03271484375 0.06103515625
0 0.7451171875 0.322265625 0.0380859375 0.0478515625
0 0.7275390625 0.388671875 0.02978515625 0.0322265625
0 0.31103515625 0.84619140625 0.06689453125 0.04443359375
0 0.37451171875 0.84130859375 0.0556640625 0.0498046875
0 0.43310546875 0.84619140625 0.04443359375 0.0498046875
0 0.52978515625 0.84619140625 0.07763671875 0.04443359375
0 0.30908203125 0.904296875 0.06689453125 0.05517578125
0 0.37451171875 0.908203125 0.0556640625 0.0419921875
0 0.443359375 0.90673828125 0.08203125 0.04443359375
0 0.54443359375 0.908203125 0.0576171875 0.0419921875
0 0.83154296875 0.82861328125 0.05712890625 0.0234375
0 0.90234375 0.82421875 0.07861328125 0.02099609375
0 0.81298828125 0.8525390625 0.01806640625 0.009765625
0 0.83447265625 0.8515625 0.02099609375 0.009765625
0 0.86572265625 0.8505859375 0.0400390625 0.01220703125
0 0.8984375 0.8486328125 0.02490234375 0.01171875
0 0.9267578125 0.84619140625 0.02880859375 0.0107421875
0 0.83984375 0.89111328125 0.0400390625 0.02587890625
0 0.8974609375 0.88916015625 0.07958984375 0.02197265625
0 0.974609375 0.8759765625 0.05078125 0.0234375
0 0.79150390625 0.92724609375 0.07373046875 0.0419921875
0 0.8798828125 0.916015625 0.08056640625 0.02880859375
0 0.9638671875 0.91552734375 0.072265625 0.0361328125
0 0.857421875 0.9462890625 0.0751953125 0.03125
0 0.92236328125 0.9462890625 0.02880859375 0.0263671875
0 0.87841796875 0.97900390625 0.2275390625 0.0419921875