0 0.2666015625 0.01953125 0.033203125 0.0390625
0 0.30419921875 0.0244140625 0.0341796875 0.041015625
0 0.34765625 0.02587890625 0.04248046875 0.0439453125
0 0.38623046875 0.03271484375 0.025390625 0.033203125
0 0.41259765625 0.03466796875 0.02197265625 0.03369140625
0 0.43701171875 0.041015625 0.02490234375 0.041015625
0 0.23193359375 0.107421875 0.0625 0.0771484375
0 0.2998046875 0.1123046875 0.05615234375 0.0771484375
0 0.36767578125 0.1162109375 0.064453125 0.07470703125
0 0.44921875 0.12646484375 0.08349609375 0.0693359375
0 0.216796875 0.224609375 0.06396484375 0.0791015625
0 0.30126953125 0.22802734375 0.0810546875 0.083984375
0 0.38525390625 0.2216796875 0.06591796875 0.07373046875
0 0.4501953125 0.224609375 0.052734375 0.06298828125
0 0.35302734375 0.32421875 0.10302734375 0.05615234375
0 0.16748046875 0.8017578125 0.0986328125 0.125
0 0.2607421875 0.81396484375 0.07763671875 0.12353515625
0 0.34765625 0.83984375 0.0888671875 0.09814453125
0 0.07763671875 0.9208984375 0.1337890625 0.1435546875
0 0.25634765625 0.93505859375 0.1962890625 0.1298828125
0 0.3759765625 0.9619140625 0.03125 0.076171875
0 0.6787109375 0.54052734375 0.138671875 0.0615234375
0 0.8701171875 0.5498046875 0.20849609375 0.048828125
0 0.943359375 0.619140625 0.11328125 0.048828125
0 0.9609375 0.67138671875 0.078125 0.0263671875
0 0.8046875 0.74169921875 0.390625 0.0947265625
0 0.66796875 0.85888671875 0.0703125 0.02734375
0 0.73779296875 0.86181640625 0.05712890625 0.02734375
0 0.80859375 0.865234375 0.08251953125 0.0283203125
0 0.91650390625 0.86328125 0.12060546875 0.0458984375
0 0.9873046875 0.875 0.025390625 0.02734375
0 0.94091796875 0.828125 0.0341796875 0.0205078125
0 0.98046875 0.83349609375 0.0390625 0.0205078125
0 0.6767578125 0.9580078125 0.0263671875 0.0107421875
0 0.6962890625 0.95947265625 0.01708984375 0.0087890625
0 0.70068359375 0.9775390625 0.1826171875 0.044921875