0 0.0244140625 0.291015625 0.037109375 0.06201171875
0 0.017578125 0.34912109375 0.03515625 0.0498046875
0 0.640625 0.0771484375 0.1923828125 0.080078125
0 0.80810546875 0.0712890625 0.14501953125 0.0751953125
0 0.927734375 0.07373046875 0.10107421875 0.0732421875
0 0.5380859375 0.17578125 0.09765625 0.125
0 0.658203125 0.1748046875 0.1298828125 0.1181640625
0 0.8056640625 0.18115234375 0.14990234375 0.10498046875
0 0.94287109375 0.169921875 0.1142578125 0.123046875
0 0.50732421875 0.2900390625 0.0361328125 0.08984375
0 0.57763671875 0.28955078125 0.0888671875 0.09521484375
0 0.6767578125 0.29052734375 0.09765625 0.08984375
0 0.78564453125 0.2890625 0.1025390625 0.08984375
0 0.888671875 0.2880859375 0.08642578125 0.08837890625
0 0.97021484375 0.2841796875 0.0595703125 0.091796875
0 0.53759765625 0.37060546875 0.083984375 0.033203125
0 0.6171875 0.3662109375 0.06982421875 0.04150390625
0 0.6796875 0.36962890625 0.052734375 0.03173828125
0 0.7236328125 0.3681640625 0.0361328125 0.03515625
0 0.89306640625 0.37158203125 0.0400390625 0.03857421875
0 0.95703125 0.3701171875 0.0859375 0.037109375
0 0.06689453125 0.837890625 0.11962890625 0.126953125
0 0.16455078125 0.796875 0.0703125 0.103515625
0 0.25244140625 0.75 0.10302734375 0.134765625
0 0.38916015625 0.677734375 0.15771484375 0.158203125
0 0.2119140625 0.9169921875 0.04052734375 0.03125
0 0.23974609375 0.90625 0.02099609375 0.025390625
0 0.2626953125 0.90234375 0.02734375 0.029296875
0 0.2841796875 0.892578125 0.02587890625 0.025390625
0 0.30908203125 0.8818359375 0.03369140625 0.03125
0 0.19384765625 0.95703125 0.02978515625 0.048828125
0 0.22900390625 0.9453125 0.03759765625 0.048828125
0 0.25927734375 0.9375 0.02099609375 0.048828125
0 0.3388671875 0.9111328125 0.046875 0.05859375
0 0.4091796875 0.884765625 0.04150390625 0.048828125
0 0.45458984375 0.8759765625 0.04931640625 0.05078125
0 0.484375 0.859375 0.009765625 0.052734375
0 0.5947265625 0.6357421875 0.029296875 0.01904296875
0 0.6162109375 0.63427734375 0.01953125 0.021484375
0 0.63427734375 0.63330078125 0.0166015625 0.01904296875
0 0.6474609375 0.63427734375 0.0126953125 0.021484375
0 0.66259765625 0.6318359375 0.01806640625 0.021484375
0 0.56982421875 0.65478515625 0.0400390625 0.02392578125
0 0.60302734375 0.6533203125 0.029296875 0.021484375
0 0.62890625 0.65234375 0.02490234375 0.02392578125
0 0.66162109375 0.64990234375 0.0263671875 0.02392578125
0 0.6865234375 0.65087890625 0.0234375 0.0263671875
0 0.59423828125 0.689453125 0.09423828125 0.0595703125
0 0.681640625 0.68701171875 0.08056640625 0.05029296875
0 0.74951171875 0.68798828125 0.052734375 0.06201171875
0 0.796875 0.68212890625 0.0361328125 0.0595703125
0 0.8359375 0.67236328125 0.0361328125 0.07421875
0 0.88232421875 0.6748046875 0.05419921875 0.064453125
0 0.94775390625 0.67236328125 0.07373046875 0.0693359375
0 0.99267578125 0.666015625 0.0146484375 0.072265625