0 0.25927734375 0.03466796875 0.1083984375 0.0693359375
0 0.40625 0.03466796875 0.15234375 0.0693359375
0 0.560546875 0.033203125 0.12890625 0.06640625
0 0.22314453125 0.13818359375 0.04736328125 0.0556640625
0 0.310546875 0.13818359375 0.11279296875 0.060546875
0 0.416015625 0.14306640625 0.08740234375 0.0458984375
0 0.47265625 0.1494140625 0.02197265625 0.03369140625
0 0.509765625 0.14306640625 0.05615234375 0.041015625
0 0.5986328125 0.1396484375 0.08544921875 0.04345703125
0 0.2490234375 0.2109375 0.10546875 0.0703125
0 0.3408203125 0.21484375 0.05615234375 0.05810546875
0 0.42236328125 0.21484375 0.08203125 0.05810546875
0 0.66357421875 0.15576171875 0.0283203125 0.0908203125
0 0.6982421875 0.15625 0.041015625 0.0908203125
0 0.19140625 0.638671875 0.05078125 0.05859375
0 0.2578125 0.6943359375 0.080078125 0.169921875
0 0.322265625 0.751953125 0.05126953125 0.16455078125
0 0.16162109375 0.8369140625 0.09814453125 0.20654296875