0 0.3828125 0.22314453125 0.25390625 0.0595703125
0 0.20751953125 0.29443359375 0.1181640625 0.0498046875
0 0.32861328125 0.30419921875 0.0927734375 0.0419921875
0 0.4404296875 0.29443359375 0.09765625 0.04052734375
0 0.15966796875 0.3486328125 0.1376953125 0.0439453125
0 0.2744140625 0.3505859375 0.056640625 0.03955078125
0 0.3701171875 0.3583984375 0.09912109375 0.0556640625
0 0.458984375 0.34765625 0.05517578125 0.05419921875
0 0.15576171875 0.40576171875 0.1298828125 0.04052734375
0 0.27587890625 0.40673828125 0.048828125 0.04052734375
0 0.400390625 0.4140625 0.14404296875 0.05078125
0 0.13037109375 0.46337890625 0.09521484375 0.05224609375
0 0.2294921875 0.45849609375 0.064453125 0.05322265625
0 0.3232421875 0.470703125 0.0927734375 0.05322265625
0 0.43212890625 0.47509765625 0.09912109375 0.0576171875
0 0.16796875 0.580078125 0.18017578125 0.05908203125
0 0.3115234375 0.58056640625 0.08203125 0.0419921875
0 0.4375 0.5908203125 0.14404296875 0.0556640625
0 0.115234375 0.6337890625 0.10009765625 0.0556640625
0 0.2314453125 0.63525390625 0.1015625 0.05419921875
0 0.373046875 0.6455078125 0.15576171875 0.056640625
0 0.486328125 0.64697265625 0.046875 0.0439453125
0 0.11376953125 0.51171875 0.064453125 0.0556640625
0 0.20361328125 0.51416015625 0.08740234375 0.05224609375
0 0.298828125 0.521484375 0.08740234375 0.04638671875
0 0.3896484375 0.52734375 0.0810546875 0.0439453125
0 0.47509765625 0.53369140625 0.0693359375 0.0302734375
0 0.70654296875 0.1962890625 0.30078125 0.32666015625
0 0.9306640625 0.26025390625 0.138671875 0.3095703125
0 0.53564453125 0.40576171875 0.0341796875 0.06689453125
0 0.58447265625 0.41552734375 0.0576171875 0.0693359375
0 0.6376953125 0.4306640625 0.0439453125 0.06591796875
0 0.583984375 0.53662109375 0.12255859375 0.10498046875
0 0.70947265625 0.546875 0.11767578125 0.11767578125
0 0.79541015625 0.56201171875 0.04541015625 0.0966796875
0 0.85400390625 0.58935546875 0.0732421875 0.0927734375
0 0.919921875 0.5830078125 0.05029296875 0.0888671875
0 0.9736328125 0.599609375 0.052734375 0.08203125
0 0.55615234375 0.65771484375 0.0791015625 0.0634765625
0 0.6328125 0.65185546875 0.076171875 0.0751953125
0 0.70458984375 0.65625 0.0556640625 0.06640625
0 0.77392578125 0.6669921875 0.0791015625 0.044921875
0 0.087890625 0.95654296875 0.02734375 0.0283203125
0 0.2060546875 0.7880859375 0.177734375 0.197265625
0 0.39599609375 0.79296875 0.2060546875 0.20703125
0 0.21240234375 0.9482421875 0.1806640625 0.103515625
0 0.8642578125 0.74609375 0.259765625 0.11328125
0 0.62158203125 0.89208984375 0.2236328125 0.1298828125