0 0.02392578125 0.01025390625 0.0478515625 0.0205078125
0 0.15283203125 0.00390625 0.1767578125 0.0078125
0 0.48095703125 0.0771484375 0.0380859375 0.025390625
0 0.2265625 0.14697265625 0.03369140625 0.0185546875
0 0.3828125 0.26953125 0.0224609375 0.02001953125
0 0.39599609375 0.31689453125 0.01513671875 0.02294921875
0 0.09716796875 0.423828125 0.03076171875 0.01123046875
0 0.30615234375 0.42431640625 0.03076171875 0.0146484375
0 0.3056640625 0.4345703125 0.03466796875 0.0146484375
0 0.482421875 0.48291015625 0.03515625 0.0166015625
0 0.4814453125 0.49462890625 0.037109375 0.0166015625
0 0.154296875 0.712890625 0.30859375 0.158203125
0 0.40283203125 0.7451171875 0.1640625 0.1142578125
0 0.0517578125 0.82958984375 0.0673828125 0.07666015625
0 0.1337890625 0.8369140625 0.091796875 0.06884765625
0 0.2392578125 0.84716796875 0.07470703125 0.0537109375
0 0.328125 0.84423828125 0.06640625 0.06689453125
0 0.39794921875 0.8447265625 0.07373046875 0.0751953125
0 0.99072265625 0.54248046875 0.0185546875 0.0458984375
0 0.99462890625 0.58056640625 0.0107421875 0.0322265625
0 0.798828125 0.54248046875 0.15625 0.0458984375
0 0.90478515625 0.58984375 0.15283203125 0.12939453125
0 0.58544921875 0.56298828125 0.1708984375 0.0869140625
0 0.734375 0.55712890625 0.11376953125 0.0751953125
0 0.82470703125 0.609375 0.11767578125 0.095703125
0 0.572265625 0.599609375 0.1279296875 0.05322265625
0 0.712890625 0.6259765625 0.16162109375 0.06298828125
0 0.66162109375 0.712890625 0.3232421875 0.123046875
0 0.5126953125 0.8447265625 0.025390625 0.0234375
0 0.5498046875 0.85400390625 0.052734375 0.02587890625
0 0.59228515625 0.85986328125 0.0224609375 0.02099609375
0 0.64306640625 0.86767578125 0.07470703125 0.03076171875