0 0.49853515625 0.4111328125 0.06005859375 0.0390625
0 0.55126953125 0.412109375 0.04541015625 0.0283203125
0 0.41845703125 0.509765625 0.27490234375 0.17529296875
0 0.666015625 0.52294921875 0.23583984375 0.162109375
0 0.42529296875 0.609375 0.02783203125 0.041015625
0 0.44775390625 0.61474609375 0.02099609375 0.02587890625
0 0.48291015625 0.61669921875 0.048828125 0.03466796875
0 0.5302734375 0.619140625 0.04541015625 0.0302734375
0 0.55712890625 0.6201171875 0.00830078125 0.00634765625
0 0.578125 0.6181640625 0.02783203125 0.0283203125
0 0.60546875 0.6201171875 0.02783203125 0.0283203125
0 0.62353515625 0.62353515625 0.00830078125 0.0087890625
0 0.64404296875 0.62548828125 0.029296875 0.03466796875
0 0.67822265625 0.6220703125 0.03564453125 0.0283203125