0 0.30126953125 0.2548828125 0.02587890625 0.02392578125
0 0.36181640625 0.259765625 0.09130859375 0.02880859375
0 0.4755859375 0.2646484375 0.12939453125 0.03369140625
0 0.57080078125 0.275390625 0.05810546875 0.03125
0 0.63671875 0.27392578125 0.06591796875 0.03173828125
0 0.71142578125 0.279296875 0.08056640625 0.03466796875
0 0.7958984375 0.2841796875 0.08447265625 0.03271484375
0 0.87451171875 0.28955078125 0.072265625 0.03271484375
0 0.62109375 0.2958984375 0.029296875 0.00927734375
0 0.646484375 0.29736328125 0.01904296875 0.00830078125
0 0.671875 0.296875 0.02099609375 0.01025390625
0 0.69482421875 0.30078125 0.0224609375 0.0107421875
0 0.73193359375 0.30322265625 0.05078125 0.01318359375
0 0.76806640625 0.30419921875 0.01171875 0.00830078125
0 0.791015625 0.3037109375 0.029296875 0.0126953125
0 0.82666015625 0.3056640625 0.03857421875 0.01318359375
0 0.85791015625 0.31005859375 0.01318359375 0.0087890625
0 0.87158203125 0.31005859375 0.00830078125 0.00830078125
0 0.50390625 0.4951171875 0.04638671875 0.02099609375
0 0.556640625 0.49609375 0.06005859375 0.0205078125
0 0.697265625 0.5009765625 0.0927734375 0.01318359375
0 0.47705078125 0.63623046875 0.02880859375 0.015625
0 0.47607421875 0.64892578125 0.0283203125 0.0078125
0 0.47607421875 0.658203125 0.02783203125 0.0087890625
0 0.2255859375 0.59716796875 0.02587890625 0.01171875