0 0.2119140625 0.59375 0.048828125 0.01171875
0 0.4931640625 0.166015625 0.046875 0.03515625
0 0.552734375 0.16796875 0.0654296875 0.03173828125
0 0.677734375 0.5302734375 0.0146484375 0.005859375
0 0.697265625 0.5302734375 0.025390625 0.00537109375
0 0.81298828125 0.37353515625 0.0166015625 0.00537109375
0 0.8349609375 0.3740234375 0.02734375 0.00537109375
0 0.1982421875 0.6171875 0.0224609375 0.02001953125
0 0.21142578125 0.66455078125 0.01513671875 0.02294921875
0 0.12158203125 0.77197265625 0.03076171875 0.0146484375
0 0.12109375 0.7822265625 0.03466796875 0.0146484375
0 0.29931640625 0.8310546875 0.03759765625 0.0166015625
0 0.30078125 0.8427734375 0.04345703125 0.0166015625