0 0.03466796875 0.03125 0.0693359375 0.0625
0 0.13134765625 0.03662109375 0.1044921875 0.0732421875
0 0.203125 0.0517578125 0.03076171875 0.0498046875
0 0.2734375 0.05712890625 0.07958984375 0.0537109375
0 0.56005859375 0.0810546875 0.2353515625 0.162109375
0 0.79248046875 0.07470703125 0.1552734375 0.1494140625
0 0.99072265625 0.10009765625 0.0185546875 0.0458984375
0 0.46826171875 0.22216796875 0.0576171875 0.0341796875
0 0.59375 0.21435546875 0.1552734375 0.03173828125
0 0.10205078125 0.50341796875 0.1337890625 0.0283203125
0 0.2060546875 0.50341796875 0.0625 0.0283203125
0 0.27734375 0.5087890625 0.0703125 0.0390625
0 0.37841796875 0.51220703125 0.1220703125 0.0458984375
0 0.376953125 0.78515625 0.125 0.283203125
0 0.18017578125 0.75927734375 0.15869140625 0.083984375
0 0.2666015625 0.921875 0.01171875 0.03125
0 0.66796875 0.72216796875 0.02099609375 0.04931640625