0 0.123046875 0.640625 0.05712890625 0.046875
0 0.19970703125 0.640625 0.07373046875 0.0517578125
0 0.2900390625 0.630859375 0.08740234375 0.0517578125
0 0.390625 0.634765625 0.0947265625 0.03955078125
0 0.470703125 0.62841796875 0.048828125 0.0517578125
0 0.5322265625 0.6357421875 0.0625 0.0615234375
0 0.1103515625 0.68896484375 0.068359375 0.02490234375
0 0.2021484375 0.68994140625 0.10986328125 0.02734375
0 0.27587890625 0.68994140625 0.029296875 0.02734375
0 0.33740234375 0.68994140625 0.0849609375 0.02734375
0 0.4052734375 0.69140625 0.048828125 0.02978515625