0 0.43017578125 0.0283203125 0.15771484375 0.04345703125
0 0.10205078125 0.1640625 0.0361328125 0.01806640625
0 0.18603515625 0.162109375 0.01513671875 0.0078125
0 0.22314453125 0.16259765625 0.05615234375 0.00927734375
0 0.1328125 0.169921875 0.02001953125 0.01025390625
0 0.1162109375 0.1875 0.05859375 0.01611328125
0 0.3701171875 0.16259765625 0.09619140625 0.0390625
0 0.48828125 0.17236328125 0.12451171875 0.02978515625
0 0.41162109375 0.1982421875 0.05859375 0.01953125
0 0.4755859375 0.20068359375 0.04833984375 0.01904296875
0 0.45068359375 0.3173828125 0.17041015625 0.04248046875
0 0.091796875 0.484375 0.041015625 0.02099609375
0 0.15478515625 0.47802734375 0.07666015625 0.0087890625
0 0.2255859375 0.47705078125 0.06103515625 0.00927734375
0 0.12646484375 0.4892578125 0.021484375 0.00927734375
0 0.1064453125 0.5107421875 0.0654296875 0.02001953125
0 0.1572265625 0.515625 0.0185546875 0.02001953125
0 0.38623046875 0.4677734375 0.1015625 0.04296875
0 0.51171875 0.47314453125 0.13330078125 0.0283203125
0 0.4296875 0.5048828125 0.06396484375 0.0205078125
0 0.498046875 0.50341796875 0.05419921875 0.02001953125
0 0.9189453125 0.04052734375 0.09765625 0.0810546875
0 0.9892578125 0.0458984375 0.021484375 0.0703125
0 0.95361328125 0.177734375 0.0927734375 0.033203125
0 0.43212890625 0.68408203125 0.291015625 0.19580078125
0 0.21435546875 0.68896484375 0.1181640625 0.20263671875
0 0.083984375 0.66455078125 0.10107421875 0.18408203125
0 0.0654296875 0.83935546875 0.03759765625 0.0634765625
0 0.10791015625 0.83740234375 0.04150390625 0.0625
0 0.17138671875 0.83642578125 0.08251953125 0.06494140625
0 0.24951171875 0.8330078125 0.076171875 0.07177734375
0 0.3369140625 0.82861328125 0.08349609375 0.068359375
0 0.4072265625 0.81982421875 0.04638671875 0.05224609375
0 0.46484375 0.8232421875 0.05859375 0.06591796875
0 0.51123046875 0.81494140625 0.0263671875 0.05224609375
0 0.548828125 0.81396484375 0.0361328125 0.0498046875
0 0.05712890625 0.904296875 0.05810546875 0.05419921875
0 0.13623046875 0.90771484375 0.08935546875 0.05908203125
0 0.21435546875 0.90283203125 0.05224609375 0.06591796875
0 0.291015625 0.90185546875 0.08740234375 0.0634765625
0 0.3828125 0.89794921875 0.08740234375 0.06689453125
0 0.45654296875 0.892578125 0.04638671875 0.0615234375
0 0.5126953125 0.8837890625 0.05712890625 0.06005859375
0 0.5673828125 0.88427734375 0.03857421875 0.05224609375
0 0.0615234375 0.9736328125 0.072265625 0.052734375
0 0.1181640625 0.9716796875 0.025390625 0.05322265625
0 0.16455078125 0.9736328125 0.0556640625 0.052734375
0 0.2353515625 0.97314453125 0.076171875 0.0537109375
0 0.32421875 0.97021484375 0.08984375 0.0595703125
0 0.40283203125 0.9609375 0.05322265625 0.05224609375
0 0.46875 0.96044921875 0.06787109375 0.05078125
0 0.55029296875 0.970703125 0.0810546875 0.05322265625
0 0.9833984375 0.62109375 0.02197265625 0.0400390625
0 0.99658203125 0.6201171875 0.0068359375 0.033203125
0 0.6279296875 0.837890625 0.037109375 0.05859375
0 0.6728515625 0.8447265625 0.0478515625 0.05419921875
0 0.7373046875 0.83837890625 0.0751953125 0.05810546875
0 0.7978515625 0.8408203125 0.03955078125 0.04736328125
0 0.85546875 0.83544921875 0.06982421875 0.0556640625
0 0.9189453125 0.8349609375 0.05322265625 0.05419921875
0 0.61767578125 0.91064453125 0.0166015625 0.0517578125
0 0.66064453125 0.9072265625 0.05517578125 0.0625
0 0.73486328125 0.90478515625 0.08447265625 0.05810546875
0 0.802734375 0.9091796875 0.0458984375 0.052734375
0 0.84765625 0.90771484375 0.04150390625 0.0498046875
0 0.62890625 0.9765625 0.0390625 0.046875
0 0.671875 0.9765625 0.046875 0.046875
0 0.74560546875 0.9765625 0.0615234375 0.046875
0 0.81396484375 0.97021484375 0.04052734375 0.052734375
0 0.859375 0.974609375 0.048828125 0.05078125
0 0.90673828125 0.97021484375 0.04052734375 0.04736328125
0 0.9619140625 0.96484375 0.076171875 0.0546875