0 0.27001953125 0.29931640625 0.02001953125 0.01513671875
0 0.28662109375 0.2978515625 0.01318359375 0.01513671875
0 0.26171875 0.3134765625 0.03076171875 0.0185546875
0 0.29443359375 0.3095703125 0.025390625 0.01953125
0 0.5263671875 0.25341796875 0.18212890625 0.138671875
0 0.64697265625 0.50048828125 0.291015625 0.19580078125
0 0.42919921875 0.50537109375 0.1181640625 0.20263671875
0 0.298828125 0.48095703125 0.10107421875 0.18408203125
0 0.2802734375 0.65576171875 0.03759765625 0.0634765625
0 0.32275390625 0.65380859375 0.04150390625 0.0625
0 0.38623046875 0.65283203125 0.08251953125 0.06494140625
0 0.46435546875 0.6494140625 0.076171875 0.07177734375
0 0.5517578125 0.64501953125 0.08349609375 0.068359375
0 0.6220703125 0.63623046875 0.04638671875 0.05224609375
0 0.6796875 0.6396484375 0.05859375 0.06591796875
0 0.72607421875 0.63134765625 0.0263671875 0.05224609375
0 0.763671875 0.63037109375 0.0361328125 0.0498046875
0 0.27197265625 0.720703125 0.05810546875 0.05419921875
0 0.35107421875 0.72412109375 0.08935546875 0.05908203125
0 0.42919921875 0.71923828125 0.05224609375 0.06591796875
0 0.505859375 0.71826171875 0.08740234375 0.0634765625
0 0.59765625 0.71435546875 0.08740234375 0.06689453125
0 0.67138671875 0.708984375 0.04638671875 0.0615234375
0 0.7275390625 0.7001953125 0.05712890625 0.06005859375
0 0.7822265625 0.70068359375 0.03857421875 0.05224609375
0 0.27685546875 0.794921875 0.07275390625 0.0625
0 0.3330078125 0.7880859375 0.025390625 0.05322265625
0 0.37939453125 0.794921875 0.0556640625 0.0625
0 0.4501953125 0.79248046875 0.076171875 0.05908203125
0 0.53955078125 0.787109375 0.08935546875 0.06005859375
0 0.61767578125 0.77734375 0.05322265625 0.05224609375
0 0.68359375 0.77685546875 0.06787109375 0.05078125
0 0.76513671875 0.787109375 0.0810546875 0.05322265625
0 0.39892578125 0.8564453125 0.0400390625 0.05810546875
0 0.4521484375 0.8505859375 0.0556640625 0.0693359375
0 0.51171875 0.85205078125 0.05224609375 0.06005859375
0 0.5703125 0.85888671875 0.05712890625 0.0625