0 0.32373046875 0.26513671875 0.080078125 0.14013671875
0 0.40869140625 0.283203125 0.07763671875 0.1201171875
0 0.5185546875 0.27099609375 0.125 0.09814453125
0 0.6181640625 0.26904296875 0.05859375 0.09521484375
0 0.70263671875 0.255859375 0.09228515625 0.12158203125
0 0.19189453125 0.42431640625 0.138671875 0.1318359375
0 0.3173828125 0.4267578125 0.10009765625 0.146484375
0 0.39453125 0.40478515625 0.05615234375 0.13671875
0 0.455078125 0.4208984375 0.0498046875 0.09814453125
0 0.548828125 0.404296875 0.125 0.12841796875
0 0.66748046875 0.3935546875 0.09765625 0.14013671875
0 0.7919921875 0.3935546875 0.138671875 0.12353515625
0 0.3095703125 0.572265625 0.05615234375 0.1416015625
0 0.40771484375 0.58154296875 0.12744140625 0.146484375
0 0.50927734375 0.5908203125 0.06103515625 0.12158203125
0 0.5830078125 0.5751953125 0.0712890625 0.0966796875
0 0.68359375 0.5576171875 0.11767578125 0.1181640625
0 0.46435546875 0.740234375 0.08642578125 0.1298828125