0 0.125 0.03955078125 0.25 0.0791015625
0 0.04345703125 0.12158203125 0.0869140625 0.0947265625
0 0.1279296875 0.123046875 0.09130859375 0.09326171875
0 0.20849609375 0.1240234375 0.0830078125 0.091796875
0 0.04052734375 0.20556640625 0.0439453125 0.04833984375
0 0.13720703125 0.20361328125 0.15234375 0.0517578125
0 0.3115234375 0.07373046875 0.123046875 0.0849609375
0 0.45947265625 0.109375 0.15478515625 0.072265625
0 0.587890625 0.1376953125 0.09375 0.05712890625
0 0.703125 0.15673828125 0.115234375 0.072265625
0 0.84716796875 0.19140625 0.15478515625 0.083984375
0 0.9619140625 0.21533203125 0.076171875 0.0712890625
0 0.37548828125 0.1953125 0.2509765625 0.234375
0 0.7109375 0.283203125 0.35302734375 0.16796875
0 0.2744140625 0.32373046875 0.048828125 0.1005859375
0 0.369140625 0.33447265625 0.13525390625 0.09033203125
0 0.51611328125 0.35595703125 0.20263671875 0.09765625
0 0.6708984375 0.38330078125 0.10693359375 0.076171875
0 0.80224609375 0.396484375 0.15234375 0.0927734375
0 0.93701171875 0.42041015625 0.1259765625 0.0693359375
0 0.30078125 0.39501953125 0.1015625 0.0439453125
0 0.74462890625 0.4482421875 0.224609375 0.05615234375
0 0.7490234375 0.82373046875 0.01123046875 0.01904296875
0 0.7744140625 0.8232421875 0.0390625 0.01953125
0 0.8046875 0.8212890625 0.01220703125 0.02001953125
0 0.82861328125 0.8203125 0.03662109375 0.01953125
0 0.7958984375 0.75927734375 0.1005859375 0.07421875
0 0.794921875 0.7041015625 0.0302734375 0.0078125
0 0.794921875 0.63330078125 0.0869140625 0.05419921875
0 0.74365234375 0.5302734375 0.0283203125 0.021484375
0 0.77197265625 0.52978515625 0.0263671875 0.0205078125
0 0.7412109375 0.55517578125 0.01708984375 0.01220703125
0 0.75732421875 0.5556640625 0.013671875 0.01171875
0 0.771484375 0.5546875 0.0126953125 0.01171875
0 0.78515625 0.5537109375 0.0146484375 0.01220703125
0 0.80859375 0.55322265625 0.0322265625 0.0146484375
0 0.74609375 0.5693359375 0.017578125 0.01220703125
0 0.7880859375 0.568359375 0.0654296875 0.0126953125
0 0.6142578125 0.560546875 0.0244140625 0.01953125
0 0.60888671875 0.56884765625 0.0126953125 0.01220703125
0 0.6201171875 0.568359375 0.0107421875 0.0146484375
0 0.4013671875 0.6064453125 0.009765625 0.0087890625
0 0.36181640625 0.63671875 0.01416015625 0.00830078125