0 0.056640625 0.025390625 0.11328125 0.05078125
0 0.208984375 0.03564453125 0.1640625 0.0712890625
0 0.05859375 0.14697265625 0.0732421875 0.0478515625
0 0.14892578125 0.15234375 0.091796875 0.05419921875
0 0.23828125 0.1494140625 0.083984375 0.05615234375
0 0.302734375 0.14501953125 0.0390625 0.04345703125
0 0.3681640625 0.146484375 0.08203125 0.056640625
0 0.9326171875 0.25146484375 0.013671875 0.0224609375
0 0.9443359375 0.25244140625 0.009765625 0.02392578125
0 0.95947265625 0.25146484375 0.02001953125 0.02587890625
0 0.97705078125 0.27001953125 0.0126953125 0.0224609375
0 0.9873046875 0.27099609375 0.01123046875 0.0205078125
0 0.99560546875 0.26953125 0.0087890625 0.025390625
0 0.90625 0.4052734375 0.13623046875 0.05615234375
0 0.98388671875 0.41455078125 0.0322265625 0.0556640625
0 0.80126953125 0.47705078125 0.0712890625 0.0380859375
0 0.8505859375 0.48486328125 0.0400390625 0.02783203125
0 0.921875 0.48779296875 0.107421875 0.04296875
0 0.984375 0.49658203125 0.03125 0.0478515625
0 0.70166015625 0.5205078125 0.03515625 0.03955078125
0 0.7470703125 0.52880859375 0.0625 0.03955078125
0 0.80078125 0.5302734375 0.0576171875 0.03955078125
0 0.87890625 0.5361328125 0.111328125 0.04443359375
0 0.9638671875 0.54931640625 0.06884765625 0.04443359375
0 0.689453125 0.56494140625 0.03759765625 0.03955078125
0 0.7236328125 0.57275390625 0.041015625 0.0380859375
0 0.76123046875 0.578125 0.04638671875 0.03955078125
0 0.81689453125 0.578125 0.072265625 0.04638671875
0 0.89892578125 0.5908203125 0.10107421875 0.04443359375
0 0.9736328125 0.5947265625 0.05126953125 0.04296875
0 0.72119140625 0.61865234375 0.05615234375 0.0380859375
0 0.7822265625 0.62353515625 0.07861328125 0.04443359375
0 0.845703125 0.63623046875 0.06005859375 0.04638671875
0 0.93310546875 0.64453125 0.115234375 0.04931640625
0 0.6650390625 0.6650390625 0.05615234375 0.04443359375
0 0.734375 0.67138671875 0.09228515625 0.05126953125
0 0.8134765625 0.68798828125 0.07373046875 0.04443359375
0 0.8857421875 0.69384765625 0.080078125 0.04931640625
0 0.94287109375 0.703125 0.0400390625 0.04443359375
0 0.9755859375 0.71435546875 0.03515625 0.041015625
0 0.85546875 0.75 0.06494140625 0.04931640625