0 0.1552734375 0.46435546875 0.0986328125 0.044921875
0 0.25341796875 0.46826171875 0.10498046875 0.04345703125
0 0.63232421875 0.169921875 0.1015625 0.04052734375
0 0.63330078125 0.19873046875 0.080078125 0.0380859375
0 0.44287109375 0.51123046875 0.0634765625 0.0556640625
0 0.5126953125 0.51220703125 0.0703125 0.0537109375
0 0.6083984375 0.51513671875 0.11328125 0.0478515625
0 0.69189453125 0.521484375 0.0478515625 0.03515625
0 0.76611328125 0.5263671875 0.0927734375 0.025390625
0 0.11328125 0.74072265625 0.07421875 0.0478515625
0 0.0576171875 0.80029296875 0.06982421875 0.0615234375
0 0.146484375 0.80322265625 0.1044921875 0.0634765625
0 0.3125 0.56005859375 0.005859375 0.0302734375