0 0.3291015625 0.23583984375 0.0126953125 0.0224609375
0 0.85791015625 0.39892578125 0.01416015625 0.03955078125
0 0.80078125 0.57861328125 0.03466796875 0.03955078125
0 0.5791015625 0.4716796875 0.158203125 0.12353515625
0 0.4833984375 0.59423828125 0.04248046875 0.0869140625
0 0.5400390625 0.59814453125 0.064453125 0.07861328125
0 0.60498046875 0.595703125 0.056640625 0.07861328125
0 0.6708984375 0.58544921875 0.06591796875 0.0869140625
0 0.49755859375 0.67822265625 0.04248046875 0.05908203125
0 0.54443359375 0.67431640625 0.048828125 0.05615234375
0 0.599609375 0.67138671875 0.05810546875 0.044921875