0 0.146484375 0.142578125 0.29296875 0.197265625
0 0.38037109375 0.19921875 0.1181640625 0.14453125
0 0.33203125 0.302734375 0.1826171875 0.05224609375
0 0.26904296875 0.34814453125 0.09912109375 0.02880859375
0 0.2021484375 0.34228515625 0.0341796875 0.0244140625
0 0.18115234375 0.28662109375 0.103515625 0.05126953125
0 0.11328125 0.33642578125 0.07421875 0.02783203125
0 0.06005859375 0.2724609375 0.1201171875 0.05859375
0 0.04296875 0.33251953125 0.0556640625 0.03125
0 0.00537109375 0.32666015625 0.0107421875 0.0302734375
0 0.44580078125 0.2646484375 0.0126953125 0.03125
0 0.4560546875 0.2666015625 0.01171875 0.02783203125
0 0.44873046875 0.29296875 0.0185546875 0.03125
0 0.603515625 0.2880859375 0.138671875 0.052734375
0 0.7158203125 0.28955078125 0.08203125 0.0556640625
0 0.7978515625 0.30224609375 0.078125 0.0498046875
0 0.52783203125 0.35986328125 0.1767578125 0.0791015625
0 0.7060546875 0.361328125 0.19140625 0.076171875
0 0.24169921875 0.45849609375 0.1904296875 0.1181640625
0 0.40234375 0.44091796875 0.07421875 0.0830078125
0 0.0703125 0.587890625 0.140625 0.126953125
0 0.23681640625 0.607421875 0.16357421875 0.12890625
0 0.3857421875 0.59130859375 0.107421875 0.1025390625
0 0.0859375 0.74755859375 0.0732421875 0.0478515625
0 0.17626953125 0.7529296875 0.091796875 0.05419921875
0 0.265625 0.75 0.083984375 0.05615234375
0 0.330078125 0.74560546875 0.0390625 0.04345703125
0 0.39697265625 0.7470703125 0.0849609375 0.056640625