0 0.03515625 0.2060546875 0.0703125 0.0859375
0 0.22607421875 0.22412109375 0.22119140625 0.0849609375
0 0.05517578125 0.36376953125 0.02734375 0.04150390625
0 0.0986328125 0.36572265625 0.0263671875 0.03857421875
0 0.833984375 0.32470703125 0.07666015625 0.0205078125
0 0.892578125 0.32421875 0.0302734375 0.02099609375
0 0.93115234375 0.3251953125 0.037109375 0.01806640625
0 0.9765625 0.32568359375 0.046875 0.0146484375
0 0.8232421875 0.3427734375 0.05517578125 0.01708984375
0 0.880859375 0.3427734375 0.0537109375 0.0146484375
0 0.9306640625 0.34326171875 0.03125 0.01416015625
0 0.9775390625 0.34423828125 0.044921875 0.0107421875
0 0.849609375 0.3671875 0.05126953125 0.0146484375
0 0.93017578125 0.36669921875 0.09228515625 0.0146484375
0 0.07177734375 0.7265625 0.1201171875 0.2265625
0 0.23046875 0.73974609375 0.1923828125 0.19677734375
0 0.4033203125 0.7275390625 0.12255859375 0.19482421875
0 0.0556640625 0.96044921875 0.111328125 0.0791015625
0 0.18310546875 0.94091796875 0.1259765625 0.1181640625
0 0.31982421875 0.96484375 0.1513671875 0.0703125
0 0.5283203125 0.49072265625 0.0146484375 0.02490234375
0 0.53955078125 0.48974609375 0.0107421875 0.02734375
0 0.54736328125 0.4921875 0.00537109375 0.0224609375
0 0.55712890625 0.4921875 0.0146484375 0.0224609375
0 0.580078125 0.4921875 0.0185546875 0.0224609375
0 0.595703125 0.4931640625 0.015625 0.02490234375
0 0.6279296875 0.4931640625 0.01953125 0.02490234375
0 0.6435546875 0.49462890625 0.0146484375 0.0224609375
0 0.65576171875 0.4970703125 0.01171875 0.0224609375
0 0.669921875 0.4970703125 0.01708984375 0.0224609375
0 0.77783203125 0.46923828125 0.1142578125 0.0185546875
0 0.8720703125 0.47021484375 0.072265625 0.0205078125
0 0.955078125 0.47900390625 0.08984375 0.0380859375