0 0.38818359375 0.30029296875 0.09521484375 0.0830078125
0 0.55224609375 0.22607421875 0.22119140625 0.15673828125
0 0.35400390625 0.51220703125 0.20703125 0.400390625
0 0.494140625 0.4111328125 0.05322265625 0.09326171875
0 0.56884765625 0.39990234375 0.08349609375 0.10986328125
0 0.6904296875 0.3525390625 0.1376953125 0.12060546875
0 0.4892578125 0.51806640625 0.05419921875 0.09619140625
0 0.6953125 0.46630859375 0.13427734375 0.11279296875
0 0.4990234375 0.625 0.0869140625 0.10546875
0 0.69140625 0.5859375 0.1376953125 0.10546875
0 0.72021484375 0.677734375 0.08251953125 0.0751953125
0 0.63818359375 0.69140625 0.0703125 0.072265625
0 0.57568359375 0.70849609375 0.041015625 0.052734375
0 0.43115234375 0.73583984375 0.0703125 0.05859375
0 0.36572265625 0.74169921875 0.0498046875 0.0615234375