0 0.3798828125 0.03466796875 0.216796875 0.0693359375
0 0.03369140625 0.06689453125 0.0673828125 0.0458984375
0 0.0302734375 0.55078125 0.060546875 0.109375
0 0.0537109375 0.60693359375 0.107421875 0.1064453125
0 0.20068359375 0.5556640625 0.1923828125 0.13427734375
0 0.07861328125 0.65087890625 0.0947265625 0.0380859375
0 0.3984375 0.62890625 0.0341796875 0.0283203125
0 0.42578125 0.61962890625 0.0361328125 0.02490234375
0 0.47119140625 0.5908203125 0.0234375 0.01708984375
0 0.48828125 0.58154296875 0.0234375 0.0224609375
0 0.4755859375 0.60009765625 0.0234375 0.01708984375
0 0.490234375 0.5927734375 0.01953125 0.015625
0 0.5478515625 0.0244140625 0.095703125 0.048828125
0 0.6943359375 0.0166015625 0.193359375 0.033203125
0 0.90576171875 0.6142578125 0.1884765625 0.0546875
0 0.8564453125 0.65625 0.0703125 0.01513671875
0 0.93310546875 0.65576171875 0.083984375 0.02099609375
0 0.98779296875 0.65625 0.0244140625 0.017578125
0 0.0927734375 0.82373046875 0.185546875 0.1611328125
0 0.357421875 0.81982421875 0.28515625 0.1533203125
0 0.05859375 0.97705078125 0.1171875 0.0458984375
0 0.1708984375 0.98095703125 0.091796875 0.0380859375
0 0.27734375 0.9716796875 0.11328125 0.056640625
0 0.392578125 0.9716796875 0.1171875 0.056640625
0 0.8984375 0.6845703125 0.056640625 0.029296875