0 0.05322265625 0.1240234375 0.01904296875 0.02734375
0 0.0712890625 0.12548828125 0.01708984375 0.0302734375
0 0.095703125 0.13037109375 0.03125 0.03173828125
0 0.12841796875 0.13330078125 0.03564453125 0.037109375
0 0.1630859375 0.14306640625 0.0205078125 0.02587890625
0 0.18212890625 0.142578125 0.0234375 0.0302734375
0 0.2119140625 0.14599609375 0.04052734375 0.037109375
0 0.36328125 0.07666015625 0.25146484375 0.1533203125
0 0.296875 0.15380859375 0.06201171875 0.04736328125
0 0.34716796875 0.16259765625 0.03369140625 0.04443359375
0 0.39794921875 0.1630859375 0.06396484375 0.048828125
0 0.4482421875 0.1728515625 0.0322265625 0.03857421875
0 0.64111328125 0.14453125 0.2939453125 0.20654296875
0 0.85693359375 0.2255859375 0.0205078125 0.0185546875
0 0.88330078125 0.23046875 0.01806640625 0.02587890625
0 0.9091796875 0.23291015625 0.0234375 0.0244140625
0 0.92822265625 0.23779296875 0.01806640625 0.02001953125
0 0.810546875 0.779296875 0.0283203125 0.02880859375
0 0.81591796875 0.79443359375 0.03125 0.0302734375
0 0.7060546875 0.751953125 0.0205078125 0.02880859375
0 0.71337890625 0.76416015625 0.0234375 0.03271484375
0 0.4287109375 0.82373046875 0.025390625 0.0341796875