0 0.1298828125 0.2099609375 0.1796875 0.158203125
0 0.01904296875 0.3076171875 0.0380859375 0.0390625
0 0.0556640625 0.306640625 0.048828125 0.04150390625
0 0.0986328125 0.30908203125 0.052734375 0.046875
0 0.13525390625 0.306640625 0.03271484375 0.03857421875
0 0.1845703125 0.30419921875 0.06884765625 0.06005859375
0 0.017578125 0.33984375 0.03515625 0.021484375
0 0.0517578125 0.341796875 0.041015625 0.021484375
0 0.09423828125 0.34326171875 0.04638671875 0.02490234375
0 0.1513671875 0.345703125 0.06982421875 0.0234375
0 0.19677734375 0.34912109375 0.021484375 0.02001953125
0 0.2119140625 0.34912109375 0.015625 0.0166015625
0 0.94775390625 0.08251953125 0.1044921875 0.1201171875
0 0.8349609375 0.20703125 0.05419921875 0.04248046875
0 0.8818359375 0.20556640625 0.0439453125 0.03466796875
0 0.8330078125 0.25390625 0.0458984375 0.0400390625
0 0.87890625 0.24853515625 0.0498046875 0.04541015625
0 0.837890625 0.31787109375 0.05615234375 0.03466796875
0 0.01220703125 0.48779296875 0.0244140625 0.0478515625
0 0.0498046875 0.49755859375 0.0576171875 0.04443359375
0 0.00732421875 0.5419921875 0.0146484375 0.041015625
0 0.0361328125 0.55126953125 0.044921875 0.04638671875
0 0.11279296875 0.5615234375 0.111328125 0.04931640625
0 0.0244140625 0.60205078125 0.048828125 0.0458984375
0 0.08203125 0.6123046875 0.072265625 0.04638671875
0 0.14208984375 0.61962890625 0.04736328125 0.04443359375
0 0.02294921875 0.654296875 0.0458984375 0.0546875
0 0.0771484375 0.66455078125 0.0673828125 0.05126953125
0 0.03857421875 0.72509765625 0.0771484375 0.0576171875
0 0.12158203125 0.73779296875 0.0888671875 0.052734375
0 0.4677734375 0.48046875 0.22265625 0.1015625
0 0.72412109375 0.474609375 0.2119140625 0.08984375
0 0.4111328125 0.76416015625 0.24365234375 0.3251953125