0 0.06201171875 0.41162109375 0.06103515625 0.07666015625
0 0.12255859375 0.41845703125 0.06494140625 0.06982421875
0 0.18505859375 0.4091796875 0.0576171875 0.0849609375
0 0.24365234375 0.4189453125 0.0498046875 0.068359375
0 0.3037109375 0.42578125 0.06494140625 0.08154296875
0 0.37451171875 0.42333984375 0.06640625 0.080078125
0 0.44482421875 0.42822265625 0.0673828125 0.08349609375
0 0.5048828125 0.4150390625 0.04736328125 0.080078125
0 0.57763671875 0.416015625 0.09521484375 0.08154296875
0 0.654296875 0.421875 0.05126953125 0.06982421875
0 0.7275390625 0.41650390625 0.09228515625 0.08349609375
0 0.8173828125 0.41650390625 0.07763671875 0.08642578125
0 0.90625 0.4208984375 0.08984375 0.08837890625
0 0.0712890625 0.5048828125 0.0400390625 0.080078125
0 0.12890625 0.51171875 0.06982421875 0.08984375
0 0.18798828125 0.505859375 0.04638671875 0.08154296875
0 0.25732421875 0.51416015625 0.08251953125 0.07177734375
0 0.3310546875 0.51416015625 0.05517578125 0.068359375
0 0.40771484375 0.515625 0.09228515625 0.068359375
0 0.4873046875 0.517578125 0.0576171875 0.068359375
0 0.56005859375 0.51904296875 0.080078125 0.07177734375
0 0.658203125 0.51513671875 0.111328125 0.08349609375
0 0.775390625 0.51513671875 0.1162109375 0.08642578125