0 0.05029296875 0.14697265625 0.0966796875 0.0703125
0 0.2001953125 0.15869140625 0.13427734375 0.06103515625
0 0.30078125 0.15869140625 0.0517578125 0.0654296875
0 0.384765625 0.16455078125 0.1064453125 0.06787109375
0 0.47265625 0.17626953125 0.0546875 0.0771484375
0 0.05859375 0.2666015625 0.1171875 0.1875
0 0.201171875 0.29345703125 0.0703125 0.1474609375
0 0.31884765625 0.30712890625 0.1533203125 0.13818359375
0 0.46337890625 0.31689453125 0.1171875 0.12890625
0 0.4384765625 0.4375 0.0419921875 0.05615234375
0 0.50390625 0.431640625 0.0234375 0.04931640625
0 0.41357421875 0.490234375 0.0390625 0.0302734375
0 0.79443359375 0.0068359375 0.0732421875 0.013671875
0 0.861328125 0.00732421875 0.056640625 0.0146484375
0 0.90771484375 0.00732421875 0.0302734375 0.0146484375
0 0.939453125 0.009765625 0.03125 0.01953125
0 0.97265625 0.0078125 0.033203125 0.015625
0 0.958984375 0.115234375 0.08203125 0.009765625
0 0.8076171875 0.08544921875 0.0458984375 0.0087890625
0 0.85205078125 0.08544921875 0.04443359375 0.00830078125
0 0.7880859375 0.09423828125 0.048828125 0.0087890625
0 0.83203125 0.09423828125 0.03857421875 0.0087890625
0 0.8603515625 0.09423828125 0.0185546875 0.0078125
0 0.87353515625 0.0947265625 0.00732421875 0.00732421875
0 0.81103515625 0.11279296875 0.0869140625 0.01025390625
0 0.86474609375 0.11328125 0.01806640625 0.00927734375
0 0.83544921875 0.13623046875 0.01904296875 0.00732421875
0 0.830078125 0.15869140625 0.03662109375 0.00732421875
0 0.8037109375 0.18408203125 0.04052734375 0.0068359375
0 0.833984375 0.18359375 0.02099609375 0.0068359375
0 0.81298828125 0.20458984375 0.03515625 0.00732421875
0 0.84423828125 0.2041015625 0.0263671875 0.00732421875
0 0.86767578125 0.20361328125 0.02001953125 0.00732421875
0 0.81982421875 0.21728515625 0.02978515625 0.00732421875
0 0.99072265625 0.205078125 0.0185546875 0.0078125
0 0.9697265625 0.21826171875 0.02880859375 0.0078125
0 0.66650390625 0.5546875 0.04248046875 0.05078125
0 0.7314453125 0.5537109375 0.0771484375 0.04443359375
0 0.80810546875 0.5625 0.0625 0.04541015625
0 0.865234375 0.5546875 0.04345703125 0.04443359375
0 0.923828125 0.55615234375 0.068359375 0.04541015625
0 0.98095703125 0.56591796875 0.0380859375 0.0419921875
0 0.64697265625 0.6025390625 0.12060546875 0.04736328125
0 0.73876953125 0.61328125 0.0517578125 0.04443359375
0 0.80615234375 0.6162109375 0.06640625 0.0439453125
0 0.89306640625 0.61767578125 0.0947265625 0.04296875
0 0.97314453125 0.61279296875 0.0537109375 0.0400390625
0 0.5439453125 0.5341796875 0.009765625 0.015625
0 0.56103515625 0.55126953125 0.0302734375 0.048828125
0 0.5517578125 0.615234375 0.025390625 0.033203125
0 0.5791015625 0.77294921875 0.080078125 0.0849609375
0 0.6875 0.779296875 0.1025390625 0.07666015625
0 0.81591796875 0.78955078125 0.1201171875 0.05859375
0 0.94482421875 0.7822265625 0.1103515625 0.072265625
0 0.60400390625 0.91796875 0.04150390625 0.03857421875
0 0.66259765625 0.92333984375 0.0576171875 0.05029296875
0 0.74072265625 0.92578125 0.083984375 0.05078125
0 0.80859375 0.92236328125 0.03466796875 0.0361328125
0 0.86572265625 0.921875 0.06298828125 0.0361328125
0 0.93994140625 0.9228515625 0.0693359375 0.03515625