0 0.08740234375 0.0205078125 0.07421875 0.0302734375
0 0.18408203125 0.01953125 0.07080078125 0.03515625
0 0.28515625 0.0244140625 0.0888671875 0.03515625
0 0.4130859375 0.0302734375 0.1259765625 0.03662109375
0 0.24609375 0.1650390625 0.3564453125 0.09228515625
0 0.65771484375 0.1416015625 0.0361328125 0.01806640625
0 0.69580078125 0.13916015625 0.04931640625 0.01611328125
0 0.7373046875 0.13427734375 0.041015625 0.017578125
0 0.775390625 0.12841796875 0.03857421875 0.02099609375
0 0.70703125 0.1728515625 0.11767578125 0.05322265625
0 0.81982421875 0.15771484375 0.11474609375 0.06640625
0 0.935546875 0.1484375 0.12890625 0.08203125
0 0.72900390625 0.2109375 0.03857421875 0.02001953125
0 0.76904296875 0.20751953125 0.0419921875 0.02099609375
0 0.8056640625 0.20458984375 0.03515625 0.017578125
0 0.85302734375 0.20263671875 0.05810546875 0.02001953125
0 0.90673828125 0.19580078125 0.05908203125 0.0205078125
0 0.95849609375 0.1943359375 0.046875 0.02001953125
0 0.79736328125 0.224609375 0.05517578125 0.0185546875
0 0.8369140625 0.2216796875 0.02978515625 0.0166015625
0 0.8720703125 0.21630859375 0.0458984375 0.01953125
0 0.91162109375 0.21533203125 0.03955078125 0.01513671875
0 0.96630859375 0.2109375 0.04736328125 0.01806640625
0 0.99462890625 0.20751953125 0.0107421875 0.0185546875
0 0.69482421875 0.275390625 0.0185546875 0.009765625
0 0.71044921875 0.27294921875 0.0224609375 0.01318359375
0 0.7265625 0.27392578125 0.013671875 0.01025390625
0 0.73974609375 0.2724609375 0.02099609375 0.01123046875
0 0.75732421875 0.271484375 0.0224609375 0.01171875
0 0.77978515625 0.271484375 0.03271484375 0.009765625
0 0.81396484375 0.2685546875 0.033203125 0.01220703125
0 0.84375 0.26806640625 0.033203125 0.0107421875
0 0.86474609375 0.26611328125 0.01708984375 0.01123046875
0 0.88427734375 0.26513671875 0.01708984375 0.01171875
0 0.904296875 0.26416015625 0.029296875 0.01220703125
0 0.9306640625 0.2626953125 0.01708984375 0.0126953125
0 0.947265625 0.2626953125 0.021484375 0.01513671875
0 0.908203125 0.33251953125 0.0185546875 0.01416015625
0 0.91943359375 0.341796875 0.0107421875 0.00927734375
0 0.302734375 0.5341796875 0.07421875 0.04638671875
0 0.36865234375 0.54052734375 0.05810546875 0.048828125
0 0.42431640625 0.54443359375 0.05322265625 0.04638671875
0 0.47607421875 0.54833984375 0.05322265625 0.0439453125
0 0.94091796875 0.763671875 0.06689453125 0.0517578125
0 0.990234375 0.7451171875 0.01953125 0.064453125
0 0.93115234375 0.806640625 0.0869140625 0.05810546875