0 0.10888671875 0.0751953125 0.06982421875 0.06396484375
0 0.2119140625 0.07958984375 0.13623046875 0.072265625
0 0.14013671875 0.16943359375 0.09619140625 0.078125
0 0.30810546875 0.1591796875 0.2119140625 0.11572265625
0 0.56982421875 0.17236328125 0.2958984375 0.107421875
0 0.27978515625 0.31884765625 0.26416015625 0.1796875
0 0.52197265625 0.3349609375 0.18798828125 0.15380859375
0 0.240234375 0.52880859375 0.416015625 0.22900390625
0 0.615234375 0.54931640625 0.22607421875 0.1943359375
0 0.23095703125 0.7392578125 0.08203125 0.06396484375
0 0.3427734375 0.7275390625 0.14599609375 0.0869140625
0 0.5009765625 0.72607421875 0.169921875 0.095703125
0 0.06396484375 0.85791015625 0.10400390625 0.0986328125
0 0.19091796875 0.85498046875 0.18212890625 0.0986328125
0 0.39892578125 0.83642578125 0.23779296875 0.095703125
0 0.63720703125 0.84765625 0.23779296875 0.1015625
0 0.43798828125 0.9853515625 0.07177734375 0.02880859375
0 0.5009765625 0.98388671875 0.05419921875 0.03173828125
0 0.83837890625 0.97509765625 0.0185546875 0.0498046875
0 0.8759765625 0.97802734375 0.0400390625 0.04345703125
0 0.8779296875 0.91162109375 0.0322265625 0.06689453125
0 0.8359375 0.90869140625 0.0322265625 0.06689453125
0 0.8310546875 0.826171875 0.02587890625 0.04638671875
0 0.865234375 0.83056640625 0.01806640625 0.06103515625