0 0.24658203125 0.1591796875 0.1650390625 0.318359375
0 0.06640625 0.568359375 0.12890625 0.04296875
0 0.21337890625 0.57177734375 0.1630859375 0.0361328125
0 0.48779296875 0.2978515625 0.0693359375 0.03369140625
0 0.54443359375 0.29443359375 0.04345703125 0.0361328125
0 0.583984375 0.2978515625 0.03564453125 0.04345703125
0 0.62841796875 0.29931640625 0.05322265625 0.041015625
0 0.67724609375 0.29541015625 0.044921875 0.04345703125
0 0.7275390625 0.2919921875 0.0517578125 0.0361328125
0 0.5283203125 0.357421875 0.21435546875 0.09423828125
0 0.71923828125 0.35498046875 0.12255859375 0.09423828125
0 0.25830078125 0.86962890625 0.103515625 0.05810546875
0 0.31884765625 0.865234375 0.0205078125 0.06640625
0 0.25927734375 0.939453125 0.0751953125 0.06591796875
0 0.31591796875 0.93701171875 0.0263671875 0.0654296875
0 0.212890625 0.9921875 0.064453125 0.015625
0 0.26171875 0.9921875 0.033203125 0.015625
0 0.439453125 0.71875 0.17529296875 0.109375
0 0.5771484375 0.7099609375 0.08837890625 0.10791015625
0 0.6435546875 0.71142578125 0.0341796875 0.0263671875
0 0.70166015625 0.720703125 0.0771484375 0.080078125
0 0.80322265625 0.7236328125 0.111328125 0.08349609375
0 0.92041015625 0.72802734375 0.1201171875 0.08837890625
0 0.61669921875 0.8359375 0.404296875 0.16015625
0 0.9189453125 0.8623046875 0.162109375 0.1484375
0 0.4296875 0.9609375 0.1484375 0.078125
0 0.5908203125 0.97021484375 0.1484375 0.0595703125
0 0.73193359375 0.9609375 0.1064453125 0.078125
0 0.85302734375 0.96923828125 0.1181640625 0.0615234375
0 0.93505859375 0.97314453125 0.01953125 0.01318359375
0 0.9775390625 0.9521484375 0.044921875 0.08984375