0 0.09326171875 0.1494140625 0.16357421875 0.08349609375
0 0.2861328125 0.18994140625 0.19091796875 0.08447265625
0 0.44091796875 0.32958984375 0.521484375 0.19677734375
0 0.8447265625 0.3857421875 0.22900390625 0.14453125
0 0.90576171875 0.5087890625 0.14501953125 0.05126953125
0 0.740234375 0.4892578125 0.1826171875 0.05224609375
0 0.67724609375 0.53466796875 0.09912109375 0.02880859375
0 0.6103515625 0.52880859375 0.0341796875 0.0244140625
0 0.58935546875 0.47314453125 0.103515625 0.05126953125
0 0.521484375 0.52294921875 0.07421875 0.02783203125
0 0.46533203125 0.45947265625 0.12744140625 0.05908203125
0 0.451171875 0.51904296875 0.0556640625 0.03125
0 0.39208984375 0.513671875 0.05419921875 0.02978515625
0 0.33203125 0.45556640625 0.12060546875 0.0556640625
0 0.1845703125 0.43115234375 0.15576171875 0.06005859375
0 0.10888671875 0.48828125 0.04736328125 0.02978515625
0 0.16357421875 0.49365234375 0.04736328125 0.02783203125
0 0.2138671875 0.49560546875 0.041015625 0.03125
0 0.27099609375 0.5 0.05810546875 0.033203125
0 0.333984375 0.5068359375 0.05322265625 0.03759765625