0 0.03662109375 0.06591796875 0.0732421875 0.1318359375
0 0.0107421875 0.2275390625 0.021484375 0.109375
0 0.1015625 0.1806640625 0.1376953125 0.12060546875
0 0.1064453125 0.29443359375 0.13427734375 0.11279296875
0 0.6845703125 0.02392578125 0.630859375 0.0478515625
0 0.57568359375 0.396484375 0.0986328125 0.033203125
0 0.703125 0.396484375 0.1484375 0.033203125
0 0.830078125 0.396484375 0.08984375 0.033203125
0 0.90234375 0.3974609375 0.041015625 0.03515625
0 0.58447265625 0.453125 0.0517578125 0.03564453125
0 0.6396484375 0.45166015625 0.044921875 0.033203125
0 0.6953125 0.44970703125 0.06689453125 0.046875
0 0.76611328125 0.453125 0.06494140625 0.03564453125
0 0.828125 0.447265625 0.04833984375 0.046875
0 0.876953125 0.4541015625 0.04345703125 0.033203125
0 0.61572265625 0.599609375 0.06005859375 0.05322265625
0 0.69140625 0.6083984375 0.08154296875 0.048828125
0 0.75390625 0.60498046875 0.04345703125 0.0419921875
0 0.810546875 0.6005859375 0.06005859375 0.0556640625
0 0.8671875 0.61083984375 0.046875 0.03564453125
0 0.6337890625 0.7041015625 0.09326171875 0.04443359375
0 0.7236328125 0.705078125 0.07666015625 0.0419921875
0 0.634765625 0.76318359375 0.091796875 0.0419921875
0 0.73046875 0.75732421875 0.08984375 0.05322265625
0 0.8271484375 0.7705078125 0.09326171875 0.048828125
0 0.64990234375 0.8408203125 0.115234375 0.05126953125
0 0.7587890625 0.83740234375 0.08642578125 0.04443359375
0 0.83154296875 0.833984375 0.04833984375 0.05126953125
0 0.64990234375 0.8994140625 0.115234375 0.05322265625
0 0.7587890625 0.89404296875 0.08642578125 0.0419921875
0 0.8515625 0.8984375 0.08837890625 0.05126953125
0 0.62109375 0.9609375 0.0615234375 0.0419921875
0 0.69287109375 0.9609375 0.068359375 0.0419921875
0 0.7529296875 0.95751953125 0.044921875 0.048828125
0 0.8095703125 0.9638671875 0.05810546875 0.048828125
0 0.7421875 0.99267578125 0.046875 0.0146484375