0 0.43017578125 0.0751953125 0.1220703125 0.150390625
0 0.03369140625 0.5712890625 0.0673828125 0.044921875
0 0.1279296875 0.56982421875 0.10693359375 0.03955078125
0 0.24658203125 0.5634765625 0.11669921875 0.0498046875
0 0.08984375 0.62548828125 0.1796875 0.0419921875
0 0.26953125 0.619140625 0.1650390625 0.03857421875
0 0.30859375 0.7880859375 0.07080078125 0.0283203125
0 0.35986328125 0.7861328125 0.0185546875 0.03125
0 0.26953125 0.837890625 0.0986328125 0.0322265625
0 0.345703125 0.837890625 0.046875 0.03125
0 0.2060546875 0.9345703125 0.0859375 0.03125
0 0.31298828125 0.93603515625 0.1123046875 0.0302734375
0 0.0673828125 0.98583984375 0.134765625 0.0283203125
0 0.17578125 0.986328125 0.07421875 0.02734375
0 0.2822265625 0.98828125 0.138671875 0.0234375
0 0.4296875 0.65478515625 0.12109375 0.0517578125
0 0.5498046875 0.66015625 0.09423828125 0.048828125
0 0.3984375 0.68798828125 0.05859375 0.0322265625
0 0.51025390625 0.69677734375 0.14794921875 0.03564453125
0 0.578125 0.4443359375 0.197265625 0.029296875
0 0.60888671875 0.48486328125 0.07666015625 0.0673828125