0 0.265625 0.16064453125 0.126953125 0.1142578125
0 0.1865234375 0.32373046875 0.26220703125 0.10986328125
0 0.783203125 0.19482421875 0.14208984375 0.10546875
0 0.69921875 0.30322265625 0.04638671875 0.08837890625
0 0.75244140625 0.3154296875 0.052734375 0.08251953125
0 0.79296875 0.30615234375 0.03076171875 0.07080078125
0 0.8173828125 0.30712890625 0.01806640625 0.0693359375
0 0.85693359375 0.29931640625 0.05908203125 0.08837890625
0 0.6904296875 0.384765625 0.03515625 0.048828125
0 0.72021484375 0.3916015625 0.0322265625 0.03515625
0 0.7587890625 0.3857421875 0.046875 0.046875
0 0.79736328125 0.3857421875 0.0302734375 0.046875
0 0.822265625 0.3876953125 0.015625 0.04296875
0 0.8603515625 0.380859375 0.05859375 0.056640625
0 0.0166015625 0.78759765625 0.033203125 0.0419921875
0 0.04296875 0.78662109375 0.01953125 0.0380859375
0 0.07421875 0.78125 0.04296875 0.04150390625
0 0.11572265625 0.7880859375 0.0390625 0.04150390625
0 0.021484375 0.828125 0.04296875 0.044921875
0 0.0556640625 0.828125 0.029296875 0.044921875
0 0.2216796875 0.80224609375 0.14111328125 0.0693359375
0 0.314453125 0.7998046875 0.029296875 0.072265625
0 0.15673828125 0.9091796875 0.2275390625 0.13134765625
0 0.021484375 0.99072265625 0.04296875 0.0185546875
0 0.0634765625 0.99267578125 0.041015625 0.0146484375
0 0.1025390625 0.99609375 0.037109375 0.0078125
0 0.142578125 0.99267578125 0.03125 0.0146484375
0 0.177734375 0.99267578125 0.0390625 0.0146484375
0 0.228515625 0.994140625 0.060546875 0.01171875
0 0.275390625 0.994140625 0.021484375 0.01171875
0 0.3046875 0.994140625 0.041015625 0.01171875
0 0.62158203125 0.42822265625 0.1396484375 0.0380859375
0 0.515625 0.4912109375 0.146484375 0.03759765625
0 0.6904296875 0.49267578125 0.18798828125 0.03466796875
0 0.513671875 0.57421875 0.13916015625 0.0390625
0 0.677734375 0.57177734375 0.1689453125 0.04345703125
0 0.49462890625 0.66552734375 0.18798828125 0.041015625
0 0.69287109375 0.67236328125 0.19970703125 0.04638671875
0 0.5126953125 0.7802734375 0.19677734375 0.0537109375