0 0.05224609375 0.03125 0.1044921875 0.0625
0 0.1845703125 0.16015625 0.369140625 0.197265625
0 0.333984375 0.35986328125 0.0341796875 0.0244140625
0 0.31298828125 0.30419921875 0.103515625 0.05126953125
0 0.2451171875 0.35400390625 0.07421875 0.02783203125
0 0.18896484375 0.29052734375 0.12744140625 0.05908203125
0 0.1748046875 0.35009765625 0.0556640625 0.03125
0 0.11572265625 0.3447265625 0.05419921875 0.02978515625
0 0.0576171875 0.28662109375 0.115234375 0.0556640625
0 0.01171875 0.3310546875 0.0234375 0.033203125
0 0.0576171875 0.337890625 0.05322265625 0.03759765625
0 0.52734375 0.03955078125 0.29296875 0.0791015625
0 0.7939453125 0.0322265625 0.189453125 0.064453125
0 0.419921875 0.1328125 0.1015625 0.0703125
0 0.5234375 0.12060546875 0.08203125 0.078125
0 0.6591796875 0.12060546875 0.154296875 0.072265625
0 0.8525390625 0.1083984375 0.205078125 0.08642578125
0 0.3828125 0.21923828125 0.02734375 0.0810546875
0 0.4521484375 0.21142578125 0.103515625 0.0751953125
0 0.5390625 0.20556640625 0.0625 0.08642578125
0 0.6015625 0.20703125 0.05859375 0.078125
0 0.6728515625 0.20263671875 0.076171875 0.0751953125
0 0.7294921875 0.2099609375 0.029296875 0.0615234375
0 0.76953125 0.20703125 0.04296875 0.08349609375
0 0.8046875 0.2001953125 0.02734375 0.0751953125
0 0.859375 0.19873046875 0.078125 0.078125
0 0.947265625 0.19580078125 0.08984375 0.0947265625
0 0.384765625 0.2900390625 0.03125 0.08984375
0 0.431640625 0.28759765625 0.0546875 0.08935546875
0 0.4970703125 0.3046875 0.068359375 0.072265625
0 0.5703125 0.2919921875 0.07421875 0.0751953125
0 0.634765625 0.28759765625 0.046875 0.08349609375
0 0.7021484375 0.30029296875 0.083984375 0.0751953125
0 0.7841796875 0.28759765625 0.076171875 0.0947265625
0 0.8583984375 0.28369140625 0.068359375 0.0751953125
0 0.9404296875 0.29052734375 0.087890625 0.08349609375
0 0.404296875 0.37939453125 0.0703125 0.0947265625
0 0.4619140625 0.38818359375 0.044921875 0.072265625
0 0.521484375 0.38134765625 0.06640625 0.08056640625
0 0.6005859375 0.3740234375 0.087890625 0.078125
0 0.6982421875 0.37255859375 0.095703125 0.0751953125
0 0.78515625 0.376953125 0.06640625 0.06689453125
0 0.859375 0.3701171875 0.0703125 0.0751953125
0 0.93359375 0.36572265625 0.0703125 0.08349609375
0 0.3974609375 0.45751953125 0.048828125 0.072265625
0 0.4609375 0.46337890625 0.06640625 0.0615234375
0 0.53515625 0.45654296875 0.0703125 0.0751953125
0 0.6083984375 0.45751953125 0.068359375 0.072265625
0 0.6826171875 0.45361328125 0.068359375 0.0751953125
0 0.7373046875 0.45068359375 0.029296875 0.08056640625
0 0.796875 0.45068359375 0.08203125 0.0751953125
0 0.892578125 0.45068359375 0.09375 0.0751953125
0 0.8525390625 0.5283203125 0.236328125 0.04296875
0 0.41015625 0.521484375 0.08203125 0.056640625
0 0.4912109375 0.521484375 0.076171875 0.056640625
0 0.5732421875 0.5244140625 0.080078125 0.05078125
0 0.640625 0.52294921875 0.046875 0.0537109375
0 0.38818359375 0.62646484375 0.0380859375 0.0576171875
0 0.421875 0.62548828125 0.03369140625 0.0458984375
0 0.46630859375 0.609375 0.0537109375 0.0595703125
0 0.51611328125 0.59912109375 0.04248046875 0.0634765625
0 0.5732421875 0.5908203125 0.0712890625 0.06689453125
0 0.6318359375 0.58154296875 0.044921875 0.0634765625
0 0.6875 0.57666015625 0.0625 0.0537109375
0 0.7529296875 0.57373046875 0.068359375 0.0478515625
0 0.79833984375 0.5654296875 0.0185546875 0.03125
0 0.4521484375 0.66064453125 0.07080078125 0.044921875
0 0.52392578125 0.65478515625 0.0693359375 0.0537109375