0 0.0732421875 0.22265625 0.146484375 0.21484375
0 0.22021484375 0.20556640625 0.13037109375 0.21484375
0 0.37939453125 0.1826171875 0.17529296875 0.220703125
0 0.4423828125 0.43603515625 0.119140625 0.2060546875
0 0.3232421875 0.44482421875 0.12890625 0.1884765625
0 0.1962890625 0.4501953125 0.130859375 0.177734375
0 0.0830078125 0.45751953125 0.08984375 0.1630859375
0 0.01611328125 0.4619140625 0.0322265625 0.154296875
0 0.98681640625 0.07470703125 0.0263671875 0.0087890625
0 0.9765625 0.08349609375 0.046875 0.0087890625
0 0.978515625 0.1015625 0.04296875 0.009765625
0 0.986328125 0.17333984375 0.02734375 0.0068359375
0 0.9921875 0.193359375 0.015625 0.0078125
0 0.9970703125 0.2060546875 0.005859375 0.0078125
0 0.0126953125 0.94140625 0.025390625 0.076171875
0 0.23583984375 0.7705078125 0.2734375 0.302734375
0 0.51220703125 0.7041015625 0.1943359375 0.330078125
0 0.19287109375 0.9541015625 0.1943359375 0.091796875
0 0.34765625 0.93896484375 0.10595703125 0.09716796875
0 0.48388671875 0.9248046875 0.1748046875 0.10546875
0 0.59375 0.9033203125 0.03125 0.10546875
0 0.591796875 0.9912109375 0.03515625 0.017578125
0 0.67138671875 0.611328125 0.1240234375 0.080078125
0 0.802734375 0.60107421875 0.125 0.087890625
0 0.92578125 0.599609375 0.10009765625 0.08203125
0 0.662109375 0.6923828125 0.10546875 0.076171875
0 0.76513671875 0.69287109375 0.0791015625 0.05517578125
0 0.84765625 0.6962890625 0.08935546875 0.0654296875