0 0.0771484375 0.17578125 0.154296875 0.14453125
0 0.3193359375 0.1953125 0.201171875 0.109375
0 0.21826171875 0.09375 0.1240234375 0.0888671875
0 0.345703125 0.09033203125 0.10205078125 0.076171875
0 0.6572265625 0.25439453125 0.1416015625 0.13427734375
0 0.8466796875 0.26416015625 0.16162109375 0.109375
0 0.58349609375 0.37646484375 0.09375 0.10986328125
0 0.6982421875 0.38720703125 0.109375 0.107421875
0 0.806640625 0.3935546875 0.08203125 0.10107421875
0 0.91552734375 0.4013671875 0.1201171875 0.10498046875
0 0.6396484375 0.51416015625 0.19189453125 0.05859375
0 0.767578125 0.52294921875 0.044921875 0.05078125
0 0.837890625 0.5263671875 0.07470703125 0.048828125
0 0.06298828125 0.67236328125 0.1220703125 0.1650390625
0 0.20751953125 0.6689453125 0.1435546875 0.158203125
0 0.35498046875 0.6943359375 0.1298828125 0.208984375
0 0.02783203125 0.93017578125 0.0556640625 0.1396484375
0 0.15576171875 0.9541015625 0.1708984375 0.091796875
0 0.34130859375 0.92431640625 0.1572265625 0.1513671875
0 0.4736328125 0.86279296875 0.107421875 0.0869140625
0 0.73681640625 0.86767578125 0.4013671875 0.0859375
0 0.45068359375 0.93017578125 0.0615234375 0.0419921875
0 0.5517578125 0.93603515625 0.1494140625 0.044921875
0 0.7158203125 0.9375 0.18017578125 0.04150390625
0 0.90234375 0.9365234375 0.16259765625 0.0400390625
0 0.4990234375 0.98193359375 0.158203125 0.0361328125
0 0.66455078125 0.9833984375 0.1689453125 0.033203125
0 0.84912109375 0.984375 0.1943359375 0.03125