0 0.15869140625 0.57666015625 0.05126953125 0.14453125
0 0.01953125 0.7392578125 0.0390625 0.06640625
0 0.2021484375 0.87451171875 0.1005859375 0.0556640625
0 0.36865234375 0.88720703125 0.02880859375 0.02978515625
0 0.3203125 0.56787109375 0.228515625 0.2158203125
0 0.4912109375 0.83154296875 0.017578125 0.0341796875
0 0.62451171875 0.62158203125 0.06689453125 0.09423828125
0 0.6865234375 0.650390625 0.04541015625 0.06982421875
0 0.73388671875 0.66357421875 0.0302734375 0.072265625
0 0.7744140625 0.6806640625 0.04541015625 0.072265625
0 0.81005859375 0.69873046875 0.02294921875 0.0556640625
0 0.853515625 0.716796875 0.0576171875 0.06787109375
0 0.60107421875 0.70849609375 0.05615234375 0.08935546875
0 0.66162109375 0.7265625 0.05322265625 0.08203125
0 0.72607421875 0.7568359375 0.06689453125 0.08447265625
0 0.77685546875 0.76025390625 0.02880859375 0.06787109375
0 0.82080078125 0.77490234375 0.05322265625 0.072265625
0 0.869140625 0.78662109375 0.0380859375 0.06298828125
0 0.60205078125 0.81591796875 0.04833984375 0.05322265625
0 0.6640625 0.82666015625 0.06689453125 0.060546875
0 0.71337890625 0.830078125 0.02880859375 0.05322265625
0 0.744140625 0.84228515625 0.0361328125 0.05322265625
0 0.78369140625 0.8486328125 0.04541015625 0.05078125
0 0.8291015625 0.85693359375 0.04248046875 0.04833984375
0 0.859375 0.85693359375 0.01513671875 0.04345703125
0 0.8798828125 0.8603515625 0.02294921875 0.0361328125
0 0.6748046875 0.890625 0.04248046875 0.04833984375
0 0.7138671875 0.89306640625 0.033203125 0.04345703125
0 0.75048828125 0.900390625 0.033203125 0.04833984375
0 0.7783203125 0.900390625 0.01953125 0.04345703125
0 0.7998046875 0.9013671875 0.02587890625 0.041015625
0 0.83056640625 0.90380859375 0.0361328125 0.0361328125
0 0.58740234375 0.9521484375 0.03466796875 0.0458984375
0 0.630859375 0.9560546875 0.04248046875 0.03857421875
0 0.6767578125 0.95361328125 0.041015625 0.05322265625
0 0.72021484375 0.95361328125 0.0361328125 0.05322265625
0 0.7646484375 0.94873046875 0.05322265625 0.05810546875
0 0.802734375 0.95458984375 0.01953125 0.0361328125
0 0.830078125 0.9521484375 0.03173828125 0.0361328125
0 0.85888671875 0.95361328125 0.02294921875 0.03369140625