0 0.29296875 0.0400390625 0.1875 0.080078125
0 0.2666015625 0.126953125 0.03662109375 0.03173828125
0 0.30517578125 0.126953125 0.02587890625 0.02978515625
0 0.33740234375 0.12841796875 0.025390625 0.033203125
0 0.37255859375 0.126953125 0.02880859375 0.03271484375
0 0.4208984375 0.125 0.056640625 0.037109375
0 0.38232421875 0.1640625 0.0712890625 0.03125
0 0.43603515625 0.16015625 0.0263671875 0.03125
0 0.26123046875 0.24658203125 0.02685546875 0.0244140625
0 0.29541015625 0.24365234375 0.03564453125 0.0263671875
0 0.32275390625 0.2421875 0.0126953125 0.02392578125
0 0.3515625 0.240234375 0.03515625 0.02734375
0 0.39111328125 0.23828125 0.03369140625 0.02587890625
0 0.41748046875 0.2373046875 0.01171875 0.0244140625
0 0.43896484375 0.236328125 0.0205078125 0.029296875
0 0.26220703125 0.29150390625 0.0244140625 0.0263671875
0 0.30908203125 0.287109375 0.060546875 0.02587890625
0 0.3623046875 0.28173828125 0.041015625 0.0244140625
0 0.40185546875 0.28125 0.03076171875 0.01806640625
0 0.43505859375 0.275390625 0.0283203125 0.025390625
0 0.34130859375 0.330078125 0.17919921875 0.0439453125
0 0.5771484375 0.1279296875 0.1875 0.18017578125
0 0.76806640625 0.126953125 0.18359375 0.1884765625
0 0.623046875 0.3046875 0.13623046875 0.146484375
0 0.74853515625 0.32861328125 0.0849609375 0.10498046875
0 0.0263671875 0.4423828125 0.052734375 0.0859375
0 0.2646484375 0.48193359375 0.369140625 0.1650390625
0 0.01611328125 0.626953125 0.0322265625 0.056640625
0 0.05224609375 0.63037109375 0.0185546875 0.0166015625
0 0.09521484375 0.6259765625 0.052734375 0.05810546875
0 0.17236328125 0.6142578125 0.0810546875 0.078125
0 0.01171875 0.7099609375 0.0234375 0.033203125
0 0.0458984375 0.7119140625 0.041015625 0.03662109375
0 0.10595703125 0.70947265625 0.02880859375 0.03173828125
0 0.17529296875 0.70703125 0.10498046875 0.033203125
0 0.27734375 0.70361328125 0.0361328125 0.033203125
0 0.30859375 0.7060546875 0.02392578125 0.04150390625
0 0.3388671875 0.701171875 0.02978515625 0.044921875
0 0.36767578125 0.7001953125 0.02734375 0.033203125
0 0.416015625 0.6982421875 0.06640625 0.033203125
0 0.35009765625 0.77587890625 0.03271484375 0.03173828125
0 0.37646484375 0.77783203125 0.02001953125 0.03857421875
0 0.39892578125 0.77197265625 0.02490234375 0.03662109375
0 0.42236328125 0.775390625 0.0185546875 0.02685546875
0 0.34326171875 0.81787109375 0.02392578125 0.03515625
0 0.39794921875 0.8154296875 0.080078125 0.03662109375
0 0.48974609375 0.5546875 0.0810546875 0.197265625
0 0.5791015625 0.65966796875 0.0966796875 0.14306640625
0 0.48779296875 0.72412109375 0.0771484375 0.3720703125
0 0.5888671875 0.84765625 0.154296875 0.3046875
0 0.466796875 0.9296875 0.0322265625 0.052734375
0 0.49755859375 0.94873046875 0.0322265625 0.04833984375
0 0.5263671875 0.9677734375 0.02783203125 0.04833984375
0 0.5546875 0.9833984375 0.03125 0.033203125
0 0.58251953125 0.99267578125 0.0185546875 0.0146484375
0 0.46728515625 0.9755859375 0.0361328125 0.048828125
0 0.51171875 0.98828125 0.05859375 0.0234375
0 0.7685546875 0.955078125 0.03515625 0.0400390625
0 0.80517578125 0.95068359375 0.03857421875 0.03564453125
0 0.84375 0.93798828125 0.04150390625 0.04833984375
0 0.88232421875 0.93212890625 0.04150390625 0.0439453125
0 0.9384765625 0.91943359375 0.0771484375 0.052734375
0 0.98876953125 0.904296875 0.0224609375 0.056640625
0 0.8349609375 0.970703125 0.166015625 0.05859375