0 0.01025390625 0.2109375 0.0205078125 0.111328125
0 0.06103515625 0.2216796875 0.06396484375 0.10205078125
0 0.1220703125 0.23974609375 0.0419921875 0.078125
0 0.01123046875 0.30615234375 0.0224609375 0.0478515625
0 0.03515625 0.3134765625 0.01611328125 0.033203125
0 0.541015625 0.224609375 0.060546875 0.07470703125
0 0.5986328125 0.21435546875 0.0771484375 0.10693359375
0 0.6767578125 0.1982421875 0.10693359375 0.1083984375
0 0.80322265625 0.16455078125 0.15185546875 0.130859375
0 0.923828125 0.1259765625 0.08154296875 0.10693359375
0 0.63525390625 0.36767578125 0.17822265625 0.177734375
0 0.85986328125 0.38232421875 0.2802734375 0.2001953125
0 0.52099609375 0.51953125 0.0732421875 0.08447265625
0 0.60595703125 0.5419921875 0.11083984375 0.087890625
0 0.69189453125 0.55712890625 0.08154296875 0.091796875
0 0.79931640625 0.55615234375 0.1396484375 0.1064453125
0 0.92138671875 0.56494140625 0.1220703125 0.0888671875
0 0.01220703125 0.76220703125 0.0244140625 0.0341796875
0 0.06494140625 0.76611328125 0.06884765625 0.03173828125
0 0.15185546875 0.7646484375 0.09814453125 0.0341796875
0 0.2529296875 0.76708984375 0.09619140625 0.04345703125
0 0.32763671875 0.7646484375 0.0419921875 0.0390625
0 0.37548828125 0.76416015625 0.0478515625 0.0341796875
0 0.046875 0.8896484375 0.09375 0.08984375
0 0.21484375 0.8740234375 0.212890625 0.09228515625
0 0.0166015625 0.97216796875 0.033203125 0.0556640625
0 0.05908203125 0.98876953125 0.0478515625 0.0224609375
0 0.1123046875 0.990234375 0.052734375 0.01953125
0 0.2607421875 0.990234375 0.076171875 0.01953125
0 0.35205078125 0.98046875 0.0947265625 0.0390625
0 0.6044921875 0.89794921875 0.0361328125 0.0185546875
0 0.6357421875 0.900390625 0.0234375 0.0185546875
0 0.6533203125 0.900390625 0.01416015625 0.01416015625
0 0.6728515625 0.8994140625 0.02490234375 0.0166015625
0 0.63037109375 0.93212890625 0.02490234375 0.0166015625
0 0.755859375 0.62841796875 0.013671875 0.0380859375