0 0.2509765625 0.2841796875 0.06103515625 0.05224609375
0 0.32958984375 0.27685546875 0.08740234375 0.06689453125
0 0.43212890625 0.27685546875 0.1142578125 0.0625
0 0.5234375 0.2822265625 0.06884765625 0.0771484375
0 0.60400390625 0.27587890625 0.0888671875 0.064453125
0 0.68115234375 0.27392578125 0.0595703125 0.064453125
0 0.7470703125 0.27001953125 0.06884765625 0.07275390625
0 0.81787109375 0.27001953125 0.0673828125 0.07275390625
0 0.2783203125 0.33251953125 0.0751953125 0.03564453125
0 0.3427734375 0.3310546875 0.06396484375 0.03759765625
0 0.3896484375 0.33642578125 0.0390625 0.0439453125
0 0.43505859375 0.33935546875 0.0546875 0.03759765625
0 0.4814453125 0.3310546875 0.046875 0.03759765625
0 0.5166015625 0.33447265625 0.02978515625 0.02685546875
0 0.5498046875 0.330078125 0.03759765625 0.03564453125
0 0.60009765625 0.328125 0.0625 0.03564453125
0 0.25146484375 0.408203125 0.0595703125 0.05419921875
0 0.32958984375 0.40185546875 0.08740234375 0.06689453125
0 0.43359375 0.39892578125 0.11083984375 0.064453125
0 0.51708984375 0.3935546875 0.05322265625 0.0751953125
0 0.5791015625 0.39697265625 0.0673828125 0.064453125
0 0.6494140625 0.39501953125 0.0703125 0.06884765625
0 0.71240234375 0.3935546875 0.05322265625 0.06689453125
0 0.27734375 0.4541015625 0.07666015625 0.03759765625
0 0.3447265625 0.453125 0.06103515625 0.03564453125
0 0.4052734375 0.4521484375 0.06396484375 0.033203125
0 0.45166015625 0.4541015625 0.03125 0.029296875
0 0.48583984375 0.451171875 0.03759765625 0.03125
0 0.53515625 0.4501953125 0.06103515625 0.03759765625
0 0.2509765625 0.533203125 0.0576171875 0.05810546875
0 0.3271484375 0.52587890625 0.0859375 0.06884765625
0 0.3994140625 0.5185546875 0.0517578125 0.0751953125
0 0.4716796875 0.52099609375 0.0908203125 0.06689453125
0 0.55224609375 0.5283203125 0.0673828125 0.05224609375
0 0.6201171875 0.51123046875 0.0625 0.0810546875
0 0.68603515625 0.513671875 0.0654296875 0.07275390625
0 0.74462890625 0.51025390625 0.04833984375 0.0791015625
0 0.8154296875 0.529296875 0.0908203125 0.07080078125
0 0.2763671875 0.5908203125 0.078125 0.03955078125
0 0.3583984375 0.5908203125 0.09228515625 0.0439453125
0 0.43603515625 0.58544921875 0.0625 0.03759765625
0 0.49072265625 0.58349609375 0.05615234375 0.03759765625
0 0.5400390625 0.58251953125 0.0517578125 0.03955078125
0 0.1875 0.67822265625 0.0595703125 0.03955078125
0 0.26708984375 0.671875 0.0908203125 0.0478515625
0 0.2197265625 0.7783203125 0.1015625 0.0478515625
0 0.1787109375 0.8583984375 0.06103515625 0.0458984375
0 0.234375 0.857421875 0.046875 0.0439453125
0 0.265625 0.8564453125 0.0185546875 0.04150390625
0 0.3125 0.85498046875 0.0810546875 0.0439453125