0 0.203125 0.07421875 0.00634765625 0.03271484375
0 0.375 0.13720703125 0.0341796875 0.03759765625
0 0.40576171875 0.12890625 0.0234375 0.03271484375
0 0.44091796875 0.0947265625 0.015625 0.01318359375
0 0.45556640625 0.09130859375 0.015625 0.01318359375
0 0.478515625 0.140625 0.0048828125 0.0107421875
0 0.4296875 0.1142578125 0.015625 0.01708984375
0 0.4423828125 0.11376953125 0.0126953125 0.021484375
0 0.451171875 0.1123046875 0.01025390625 0.02099609375
0 0.4609375 0.109375 0.0087890625 0.01708984375
0 0.72998046875 0.009765625 0.0693359375 0.01953125
0 0.0322265625 0.3515625 0.064453125 0.0234375
0 0.11279296875 0.34619140625 0.0888671875 0.0126953125
0 0.0146484375 0.3955078125 0.029296875 0.021484375
0 0.04931640625 0.400390625 0.03759765625 0.01220703125
0 0.083984375 0.39404296875 0.03662109375 0.0224609375
0 0.1103515625 0.380859375 0.02880859375 0.02392578125
0 0.2568359375 0.376953125 0.048828125 0.01416015625
0 0.29345703125 0.3798828125 0.025390625 0.01708984375
0 0.33154296875 0.37841796875 0.0537109375 0.01904296875
0 0.0458984375 0.47900390625 0.091796875 0.0693359375
0 0.1787109375 0.4873046875 0.15185546875 0.0791015625
0 0.0322265625 0.599609375 0.064453125 0.0859375
0 0.1005859375 0.58251953125 0.07275390625 0.0625
0 0.20751953125 0.5673828125 0.14794921875 0.06005859375
0 0.0166015625 0.681640625 0.033203125 0.015625
0 0.05078125 0.68505859375 0.03515625 0.0146484375
0 0.0908203125 0.68115234375 0.04345703125 0.01611328125
0 0.1279296875 0.6826171875 0.03271484375 0.01708984375
0 0.16650390625 0.68017578125 0.0439453125 0.01708984375
0 0.25439453125 0.66455078125 0.03369140625 0.013671875
0 0.28759765625 0.6650390625 0.0400390625 0.013671875
0 0.322265625 0.66357421875 0.03271484375 0.0126953125
0 0.28173828125 0.68408203125 0.0546875 0.0244140625
0 0.31982421875 0.6875 0.01953125 0.02099609375
0 0.86767578125 0.9921875 0.0537109375 0.015625