0 0.06787109375 0.044921875 0.1357421875 0.08984375
0 0.0234375 0.1494140625 0.0458984375 0.0859375
0 0.07421875 0.166015625 0.06396484375 0.09130859375
0 0.119140625 0.17041015625 0.0341796875 0.0888671875
0 0.01171875 0.2646484375 0.0234375 0.072265625
0 0.05615234375 0.26708984375 0.07177734375 0.072265625
0 0.11328125 0.28271484375 0.05419921875 0.0859375
0 0.07666015625 0.38525390625 0.1494140625 0.1083984375
0 0.5625 0.37060546875 0.033203125 0.0966796875
0 0.2841796875 0.28515625 0.05615234375 0.05810546875
0 0.33740234375 0.2919921875 0.05419921875 0.06640625
0 0.3935546875 0.76708984375 0.37109375 0.2939453125
0 0.7890625 0.4794921875 0.13232421875 0.044921875
0 0.93505859375 0.47998046875 0.1298828125 0.0576171875