0 0.52392578125 0.02783203125 0.01416015625 0.03955078125
0 0.466796875 0.20751953125 0.03466796875 0.03955078125
0 0.2451171875 0.1005859375 0.158203125 0.12353515625
0 0.1494140625 0.22314453125 0.04248046875 0.0869140625
0 0.2060546875 0.22705078125 0.064453125 0.07861328125
0 0.27099609375 0.224609375 0.056640625 0.07861328125
0 0.3369140625 0.21435546875 0.06591796875 0.0869140625
0 0.16357421875 0.30712890625 0.04248046875 0.05908203125
0 0.21044921875 0.30322265625 0.048828125 0.05615234375
0 0.265625 0.30029296875 0.05810546875 0.044921875
0 0.59130859375 0.1787109375 0.0439453125 0.041015625
0 0.63623046875 0.17529296875 0.044921875 0.04345703125
0 0.6865234375 0.171875 0.0517578125 0.0361328125
0 0.67822265625 0.23486328125 0.12255859375 0.09423828125