0 0.103515625 0.02490234375 0.1171875 0.0498046875
0 0.2236328125 0.02734375 0.111328125 0.0546875
0 0.3134765625 0.02978515625 0.056640625 0.0595703125
0 0.3916015625 0.04296875 0.083984375 0.068359375
0 0.1328125 0.1015625 0.17578125 0.068359375
0 0.3310546875 0.09814453125 0.189453125 0.099609375
0 0.1416015625 0.17333984375 0.158203125 0.08984375
0 0.32421875 0.18408203125 0.171875 0.08740234375
0 0.1181640625 0.24755859375 0.154296875 0.068359375
0 0.2509765625 0.25 0.091796875 0.068359375
0 0.36328125 0.25732421875 0.125 0.068359375
0 0.1513671875 0.30224609375 0.123046875 0.05615234375
0 0.2626953125 0.314453125 0.080078125 0.04150390625
0 0.33984375 0.3154296875 0.05859375 0.0390625
0 0.2255859375 0.35595703125 0.365234375 0.07080078125
0 0.22265625 0.40771484375 0.39453125 0.0634765625
0 0.072265625 0.4345703125 0.08203125 0.009765625
0 0.1552734375 0.4345703125 0.072265625 0.009765625
0 0.0478515625 0.486328125 0.095703125 0.09375
0 0.23583984375 0.49658203125 0.2802734375 0.1142578125
0 0.46533203125 0.49169921875 0.1533203125 0.1044921875
0 0.61083984375 0.49365234375 0.1181640625 0.1083984375
0 0.26318359375 0.69140625 0.10009765625 0.06103515625
0 0.3408203125 0.69677734375 0.05322265625 0.0498046875
0 0.41455078125 0.68798828125 0.08740234375 0.0654296875
0 0.5048828125 0.69287109375 0.08740234375 0.05810546875
0 0.5986328125 0.70068359375 0.095703125 0.048828125
0 0.25732421875 0.76220703125 0.05126953125 0.0556640625
0 0.31591796875 0.76416015625 0.06787109375 0.0595703125
0 0.3720703125 0.771484375 0.044921875 0.05712890625
0 0.43408203125 0.76513671875 0.0458984375 0.052734375
0 0.48974609375 0.76708984375 0.0595703125 0.05126953125
0 0.54248046875 0.763671875 0.03955078125 0.05810546875
0 0.5947265625 0.771484375 0.064453125 0.05419921875
0 0.24072265625 0.8232421875 0.06982421875 0.052734375
0 0.310546875 0.82177734375 0.0654296875 0.052734375
0 0.37255859375 0.82421875 0.05615234375 0.05126953125
0 0.44775390625 0.82666015625 0.064453125 0.0458984375
0 0.509765625 0.8310546875 0.05517578125 0.04296875
0 0.5634765625 0.83154296875 0.0478515625 0.0556640625
0 0.61865234375 0.83251953125 0.05810546875 0.04296875
0 0.21728515625 0.890625 0.05810546875 0.03173828125
0 0.3583984375 0.88818359375 0.0341796875 0.0234375
0 0.462890625 0.87841796875 0.02197265625 0.01513671875
0 0.45654296875 0.89404296875 0.0283203125 0.01953125
0 0.5302734375 0.88671875 0.04248046875 0.0263671875
0 0.29248046875 0.93798828125 0.04150390625 0.03466796875
0 0.32470703125 0.9384765625 0.02294921875 0.02783203125
0 0.34912109375 0.94580078125 0.017578125 0.03076171875
0 0.46533203125 0.93994140625 0.0126953125 0.02783203125
0 0.49951171875 0.94140625 0.02099609375 0.02490234375
0 0.52734375 0.9423828125 0.03662109375 0.0234375
0 0.744140625 0.6552734375 0.04638671875 0.11181640625
0 0.79638671875 0.6513671875 0.05859375 0.11474609375
0 0.8662109375 0.65380859375 0.0751953125 0.109375
0 0.9501953125 0.6513671875 0.0869140625 0.109375
0 0.8740234375 0.771484375 0.09619140625 0.09326171875