0 0.2060546875 0.0615234375 0.244140625 0.064453125
0 0.4306640625 0.10498046875 0.111328125 0.09716796875
0 0.3525390625 0.0751953125 0.041015625 0.064453125
0 0.162109375 0.17333984375 0.14453125 0.1484375
0 0.3603515625 0.2490234375 0.232421875 0.27783203125
0 0.2646484375 0.37451171875 0.056640625 0.0537109375
0 0.1982421875 0.34716796875 0.068359375 0.07568359375
0 0.11328125 0.3232421875 0.09765625 0.10791015625
0 0.0400390625 0.28515625 0.048828125 0.05908203125
0 0.3603515625 0.35400390625 0.048828125 0.056640625
0 0.7392578125 0.328125 0.13232421875 0.044921875
0 0.90185546875 0.3291015625 0.16259765625 0.05810546875
0 0.236328125 0.7294921875 0.2265625 0.119140625
0 0.34814453125 0.7392578125 0.1005859375 0.138671875
0 0.41845703125 0.75146484375 0.056640625 0.09765625
0 0.05224609375 0.681640625 0.0810546875 0.0234375
0 0.142578125 0.7060546875 0.078125 0.072265625
0 0.2333984375 0.7451171875 0.10009765625 0.111328125
0 0.3251953125 0.8017578125 0.0732421875 0.08203125
0 0.40673828125 0.84814453125 0.06689453125 0.06884765625
0 0.02001953125 0.71484375 0.0400390625 0.064453125
0 0.0869140625 0.7548828125 0.08642578125 0.0732421875
0 0.177734375 0.80029296875 0.0849609375 0.080078125
0 0.27197265625 0.84619140625 0.056640625 0.064453125
0 0.3154296875 0.8671875 0.02978515625 0.048828125
0 0.3662109375 0.88623046875 0.07177734375 0.064453125
0 0.4267578125 0.91845703125 0.05322265625 0.0576171875
0 0.0107421875 0.7734375 0.021484375 0.09375
0 0.0654296875 0.80810546875 0.08349609375 0.095703125
0 0.14453125 0.83740234375 0.07177734375 0.0732421875
0 0.20947265625 0.8662109375 0.04833984375 0.07763671875
0 0.26025390625 0.88623046875 0.046875 0.06005859375
0 0.3203125 0.916015625 0.06005859375 0.0576171875
0 0.36767578125 0.93603515625 0.03857421875 0.04443359375
0 0.40869140625 0.95068359375 0.046875 0.06005859375
0 0.44189453125 0.96630859375 0.02978515625 0.05126953125
0 0.46435546875 0.97900390625 0.0283203125 0.0419921875
0 0.00927734375 0.85546875 0.0185546875 0.06640625
0 0.052734375 0.8818359375 0.05517578125 0.06884765625
0 0.1162109375 0.90380859375 0.04833984375 0.064453125
0 0.17431640625 0.92041015625 0.0615234375 0.06201171875
0 0.23095703125 0.94287109375 0.0517578125 0.0712890625
0 0.28857421875 0.96044921875 0.0732421875 0.0576171875
0 0.357421875 0.982421875 0.025390625 0.03515625
0 0.38330078125 0.98681640625 0.0302734375 0.0263671875
0 0.4091796875 0.990234375 0.03515625 0.01953125
0 0.69970703125 0.697265625 0.0908203125 0.0546875
0 0.76953125 0.70166015625 0.03955078125 0.0498046875
0 0.8232421875 0.70703125 0.0615234375 0.0556640625
0 0.88916015625 0.70703125 0.064453125 0.05810546875
0 0.95556640625 0.7001953125 0.0712890625 0.060546875
0 0.703125 0.76123046875 0.0498046875 0.0390625
0 0.82275390625 0.763671875 0.18310546875 0.0400390625
0 0.95166015625 0.76611328125 0.06884765625 0.03759765625
0 0.673828125 0.8583984375 0.02294921875 0.0390625
0 0.7138671875 0.85400390625 0.05517578125 0.048828125
0 0.767578125 0.85595703125 0.0478515625 0.04736328125
0 0.81689453125 0.86083984375 0.046875 0.048828125
0 0.8955078125 0.861328125 0.0791015625 0.04443359375
0 0.96435546875 0.86279296875 0.05419921875 0.04736328125
0 0.67578125 0.92822265625 0.02490234375 0.04150390625
0 0.71240234375 0.92236328125 0.0458984375 0.0498046875
0 0.77099609375 0.93017578125 0.0654296875 0.0595703125
0 0.822265625 0.9287109375 0.04248046875 0.0400390625
0 0.87353515625 0.9287109375 0.05810546875 0.0400390625
0 0.6953125 0.9892578125 0.060546875 0.021484375
0 0.7490234375 0.98583984375 0.041015625 0.0283203125
0 0.78662109375 0.9873046875 0.0302734375 0.025390625
0 0.84912109375 0.98876953125 0.0673828125 0.0224609375
0 0.90673828125 0.99169921875 0.0458984375 0.0166015625
0 0.9453125 0.9921875 0.017578125 0.015625
0 0.5009765625 0.96337890625 0.0126953125 0.01806640625