0 0.0205078125 0.07568359375 0.041015625 0.0732421875
0 0.00927734375 0.1455078125 0.0185546875 0.068359375
0 0.01953125 0.22021484375 0.0390625 0.0654296875
0 0.04248046875 0.43505859375 0.0341796875 0.0087890625
0 0.03564453125 0.41650390625 0.02978515625 0.0283203125
0 0.05810546875 0.41650390625 0.02197265625 0.0283203125
0 0.5869140625 0.134765625 0.03515625 0.025390625
0 0.599609375 0.1015625 0.04248046875 0.02734375
0 0.64404296875 0.130859375 0.0654296875 0.02587890625
0 0.6513671875 0.1015625 0.0517578125 0.02685546875
0 0.7109375 0.1328125 0.0556640625 0.0224609375
0 0.7080078125 0.10205078125 0.05322265625 0.0283203125
0 0.76416015625 0.1025390625 0.0517578125 0.02734375
0 0.97705078125 0.0869140625 0.02294921875 0.0126953125
0 0.99462890625 0.0859375 0.0107421875 0.013671875
0 0.87646484375 0.115234375 0.068359375 0.02587890625
0 0.95849609375 0.11328125 0.08056640625 0.03076171875
0 0.1142578125 0.591796875 0.09765625 0.0859375
0 0.20458984375 0.599609375 0.0615234375 0.0703125
0 0.2880859375 0.59228515625 0.083984375 0.0849609375
0 0.37939453125 0.58984375 0.0712890625 0.08984375
0 0.18603515625 0.7314453125 0.1669921875 0.033203125
0 0.33203125 0.73095703125 0.099609375 0.0341796875
0 0.62451171875 0.74609375 0.1103515625 0.158203125
0 0.60595703125 0.90869140625 0.0732421875 0.1416015625