0 0.05322265625 0.005859375 0.0341796875 0.01171875
0 0.09423828125 0.0126953125 0.0517578125 0.025390625
0 0.14697265625 0.0224609375 0.0537109375 0.044921875
0 0.20166015625 0.03759765625 0.05419921875 0.06640625
0 0.1396484375 0.181640625 0.1982421875 0.337890625
0 0.06298828125 0.41064453125 0.1259765625 0.1494140625
0 0.21240234375 0.43505859375 0.15185546875 0.15771484375
0 0.03076171875 0.56103515625 0.0517578125 0.0830078125
0 0.08349609375 0.56640625 0.05810546875 0.0830078125
0 0.13134765625 0.5693359375 0.0458984375 0.0830078125
0 0.17578125 0.5732421875 0.0458984375 0.0859375
0 0.22607421875 0.5869140625 0.0634765625 0.0859375
0 0.27099609375 0.58984375 0.0341796875 0.080078125
0 0.6640625 0.35791015625 0.029296875 0.1240234375
0 0.7080078125 0.36181640625 0.05517578125 0.11328125
0 0.6796875 0.548828125 0.060546875 0.115234375
0 0.75927734375 0.529296875 0.09765625 0.134765625
0 0.10302734375 0.88427734375 0.11181640625 0.08740234375
0 0.21728515625 0.880859375 0.13671875 0.08642578125
0 0.31103515625 0.8818359375 0.0517578125 0.072265625
0 0.3935546875 0.88232421875 0.1064453125 0.083984375
0 0.24755859375 0.96728515625 0.3388671875 0.0654296875