0 0.86962890625 0.103515625 0.0732421875 0.140625
0 0.9306640625 0.1171875 0.072265625 0.1435546875
0 0.986328125 0.12353515625 0.02734375 0.1572265625
0 0.3291015625 0.810546875 0.07421875 0.05322265625
0 0.41064453125 0.8134765625 0.0859375 0.05859375
0 0.29736328125 0.8876953125 0.1015625 0.06787109375
0 0.40283203125 0.8876953125 0.1015625 0.060546875
0 0.01416015625 0.7880859375 0.01416015625 0.025390625
0 0.48291015625 0.40283203125 0.0458984375 0.0205078125
0 0.49951171875 0.46337890625 0.0791015625 0.0126953125
0 0.4638671875 0.49853515625 0.0078125 0.0087890625
0 0.4658203125 0.5126953125 0.01171875 0.009765625
0 0.46630859375 0.521484375 0.0126953125 0.009765625
0 0.4677734375 0.55419921875 0.015625 0.0087890625
0 0.46826171875 0.56494140625 0.0166015625 0.0107421875
0 0.46875 0.578125 0.017578125 0.0078125
0 0.55126953125 0.56005859375 0.0078125 0.00341796875
0 0.67236328125 0.3857421875 0.1240234375 0.05810546875
0 0.6767578125 0.44384765625 0.12451171875 0.0595703125
0 0.81982421875 0.4189453125 0.15576171875 0.11181640625
0 0.951171875 0.384765625 0.09765625 0.05859375
0 0.9501953125 0.44921875 0.099609375 0.044921875
0 0.7470703125 0.51416015625 0.02001953125 0.0283203125
0 0.80712890625 0.50732421875 0.099609375 0.04248046875
0 0.943359375 0.5126953125 0.11328125 0.03125