0 0.74658203125 0.88720703125 0.02734375 0.0224609375
0 0.7763671875 0.89111328125 0.03076171875 0.0205078125
0 0.80615234375 0.892578125 0.02880859375 0.0234375
0 0.83984375 0.89501953125 0.03759765625 0.021484375
0 0.76025390625 0.8515625 0.04150390625 0.0283203125
0 0.802734375 0.853515625 0.04150390625 0.021484375
0 0.841796875 0.853515625 0.0361328125 0.02685546875
0 0.86962890625 0.8193359375 0.013671875 0.02001953125
0 0.8330078125 0.81884765625 0.05859375 0.02294921875
0 0.78271484375 0.818359375 0.03662109375 0.02294921875
0 0.7529296875 0.810546875 0.021484375 0.021484375
0 0.85009765625 0.7275390625 0.11572265625 0.07861328125
0 0.763671875 0.72802734375 0.03515625 0.068359375
0 0.69140625 0.72216796875 0.09130859375 0.076171875
0 0.6083984375 0.7470703125 0.04736328125 0.056640625
0 0.54248046875 0.75048828125 0.076171875 0.0634765625
0 0.4833984375 0.75634765625 0.0322265625 0.05615234375
0 0.8740234375 0.576171875 0.0810546875 0.0849609375
0 0.818359375 0.5791015625 0.03076171875 0.0546875
0 0.73193359375 0.5693359375 0.1162109375 0.10888671875
0 0.57275390625 0.583984375 0.18896484375 0.0888671875
0 0.83447265625 0.47509765625 0.1572265625 0.08935546875
0 0.693359375 0.4833984375 0.1171875 0.0908203125
0 0.8310546875 0.32568359375 0.1650390625 0.0810546875
0 0.68212890625 0.3408203125 0.123046875 0.095703125
0 0.779296875 0.2041015625 0.14208984375 0.1083984375
0 0.24853515625 0.375 0.3115234375 0.14599609375
0 0.619140625 0.02294921875 0.04052734375 0.0244140625
0 0.55908203125 0.03125 0.0556640625 0.0439453125