0 0.06787109375 0.14208984375 0.1357421875 0.2841796875
0 0.1875 0.14990234375 0.103515625 0.2802734375
0 0.07275390625 0.36669921875 0.10888671875 0.14013671875
0 0.4833984375 0.01611328125 0.09765625 0.0322265625
0 0.603515625 0.0087890625 0.13671875 0.017578125
0 0.060546875 0.60595703125 0.12109375 0.2529296875
0 0.16796875 0.6396484375 0.142578125 0.28515625
0 0.11962890625 0.84521484375 0.2392578125 0.1865234375
0 0.0078125 0.93017578125 0.015625 0.0771484375
0 0.0576171875 0.9423828125 0.10107421875 0.080078125
0 0.14013671875 0.95751953125 0.076171875 0.08349609375
0 0.19677734375 0.96435546875 0.0400390625 0.0712890625
0 0.228515625 0.96875 0.021484375 0.0625
0 0.5068359375 0.662109375 0.17431640625 0.03564453125
0 0.65966796875 0.66015625 0.1337890625 0.0322265625
0 0.564453125 0.73193359375 0.13916015625 0.0478515625
0 0.4580078125 0.7998046875 0.146484375 0.03759765625
0 0.6328125 0.80126953125 0.18798828125 0.03466796875
0 0.4560546875 0.8828125 0.13916015625 0.0390625
0 0.6201171875 0.88037109375 0.1689453125 0.04345703125
0 0.43701171875 0.97412109375 0.18798828125 0.041015625
0 0.634765625 0.978515625 0.19921875 0.04296875