0 0.275390625 0.31494140625 0.0703125 0.05029296875
0 0.66357421875 0.18359375 0.0361328125 0.01806640625
0 0.70166015625 0.18115234375 0.04931640625 0.01611328125
0 0.7431640625 0.17626953125 0.041015625 0.017578125
0 0.78125 0.17041015625 0.03857421875 0.02099609375
0 0.712890625 0.21484375 0.11767578125 0.05322265625
0 0.82568359375 0.19970703125 0.11474609375 0.06640625
0 0.9384765625 0.1904296875 0.123046875 0.08203125
0 0.73486328125 0.2529296875 0.03857421875 0.02001953125
0 0.77490234375 0.24951171875 0.0419921875 0.02099609375
0 0.8115234375 0.24658203125 0.03515625 0.017578125
0 0.85888671875 0.24462890625 0.05810546875 0.02001953125
0 0.91259765625 0.23779296875 0.05908203125 0.0205078125
0 0.96435546875 0.236328125 0.046875 0.02001953125
0 0.80322265625 0.2666015625 0.05517578125 0.0185546875
0 0.8427734375 0.263671875 0.02978515625 0.0166015625
0 0.8779296875 0.25830078125 0.0458984375 0.01953125
0 0.91748046875 0.25732421875 0.03955078125 0.01513671875
0 0.97216796875 0.2529296875 0.04736328125 0.01806640625
0 0.70068359375 0.3173828125 0.0185546875 0.009765625
0 0.71630859375 0.31494140625 0.0224609375 0.01318359375
0 0.732421875 0.31591796875 0.013671875 0.01025390625
0 0.74560546875 0.314453125 0.02099609375 0.01123046875
0 0.76318359375 0.3134765625 0.0224609375 0.01171875
0 0.78564453125 0.3134765625 0.03271484375 0.009765625
0 0.81982421875 0.310546875 0.033203125 0.01220703125
0 0.849609375 0.31005859375 0.033203125 0.0107421875
0 0.87060546875 0.30810546875 0.01708984375 0.01123046875
0 0.89013671875 0.30712890625 0.01708984375 0.01171875
0 0.91015625 0.30615234375 0.029296875 0.01220703125
0 0.9365234375 0.3046875 0.01708984375 0.0126953125
0 0.953125 0.3046875 0.021484375 0.01513671875
0 0.9140625 0.37451171875 0.0185546875 0.01416015625
0 0.92529296875 0.3837890625 0.0107421875 0.00927734375
0 0.078125 0.7265625 0.12255859375 0.19482421875
0 0.22216796875 0.685546875 0.1435546875 0.26318359375
0 0.40771484375 0.7138671875 0.205078125 0.306640625
0 0.36474609375 0.95849609375 0.1748046875 0.0830078125
0 0.587890625 0.4990234375 0.056640625 0.091796875
0 0.6943359375 0.52978515625 0.1640625 0.15087890625
0 0.88134765625 0.599609375 0.2373046875 0.208984375
0 0.6171875 0.63916015625 0.076171875 0.11962890625
0 0.703125 0.69091796875 0.123046875 0.15625
0 0.810546875 0.75244140625 0.111328125 0.16943359375
0 0.93017578125 0.8154296875 0.1396484375 0.203125