0 0.0302734375 0.04833984375 0.060546875 0.0751953125
0 0.0810546875 0.04541015625 0.029296875 0.08056640625
0 0.140625 0.04541015625 0.08203125 0.0751953125
0 0.236328125 0.04541015625 0.09375 0.0751953125
0 0.1962890625 0.12744140625 0.236328125 0.05029296875
0 0.54248046875 0.2841796875 0.0654296875 0.201171875
0 0.68359375 0.2548828125 0.1923828125 0.1748046875
0 0.892578125 0.21484375 0.21484375 0.228515625
0 0.94775390625 0.42919921875 0.0849609375 0.0810546875
0 0.86865234375 0.4208984375 0.0556640625 0.09765625
0 0.771484375 0.42333984375 0.076171875 0.0927734375
0 0.6982421875 0.42529296875 0.052734375 0.0888671875
0 0.60107421875 0.42822265625 0.0810546875 0.0830078125
0 0.5322265625 0.43359375 0.044921875 0.072265625
0 0.03369140625 0.73583984375 0.06103515625 0.07666015625
0 0.09423828125 0.74267578125 0.06494140625 0.06982421875
0 0.15673828125 0.7333984375 0.0576171875 0.0849609375
0 0.21533203125 0.7431640625 0.0498046875 0.068359375
0 0.275390625 0.75 0.06494140625 0.08154296875
0 0.34619140625 0.74755859375 0.06640625 0.080078125
0 0.41650390625 0.75244140625 0.0673828125 0.08349609375
0 0.4765625 0.7392578125 0.04736328125 0.080078125
0 0.04296875 0.8291015625 0.0400390625 0.080078125
0 0.1005859375 0.8359375 0.06982421875 0.08984375
0 0.15966796875 0.830078125 0.04638671875 0.08154296875
0 0.22900390625 0.83837890625 0.08251953125 0.07177734375
0 0.302734375 0.83837890625 0.05517578125 0.068359375
0 0.37939453125 0.83984375 0.09228515625 0.068359375
0 0.458984375 0.841796875 0.0576171875 0.068359375
0 0.50048828125 0.8427734375 0.0185546875 0.072265625
0 0.919921875 0.54736328125 0.119140625 0.046875
0 0.869140625 0.591796875 0.162109375 0.0576171875
0 0.97900390625 0.59765625 0.0419921875 0.060546875
0 0.7744140625 0.63330078125 0.08984375 0.03125
0 0.880859375 0.63720703125 0.123046875 0.0341796875