0 0.18994140625 0.0927734375 0.083984375 0.04296875
0 0.20068359375 0.126953125 0.046875 0.02294921875
0 0.650390625 0.0244140625 0.037109375 0.048828125
0 0.6875 0.02099609375 0.037109375 0.0419921875
0 0.7216796875 0.01611328125 0.0390625 0.0322265625
0 0.6513671875 0.064453125 0.0390625 0.037109375
0 0.7724609375 0.0126953125 0.046875 0.025390625
0 0.8212890625 0.009765625 0.046875 0.01953125
0 0.20947265625 0.87646484375 0.02001953125 0.01513671875
0 0.22607421875 0.875 0.01318359375 0.01513671875
0 0.201171875 0.890625 0.03076171875 0.0185546875
0 0.23388671875 0.88671875 0.025390625 0.01953125
0 0.39697265625 0.830078125 0.0458984375 0.138671875
0 0.51513671875 0.81787109375 0.05322265625 0.03173828125
0 0.57666015625 0.8193359375 0.05419921875 0.0234375
0 0.62890625 0.814453125 0.03125 0.03076171875
0 0.6669921875 0.81298828125 0.03662109375 0.03076171875
0 0.70947265625 0.81787109375 0.044921875 0.02099609375
0 0.5732421875 0.8984375 0.16748046875 0.12939453125
0 0.75244140625 0.90673828125 0.11767578125 0.1015625