0 0.01611328125 0.02197265625 0.0322265625 0.0439453125
0 0.109375 0.02197265625 0.150390625 0.0439453125
0 0.0341796875 0.0654296875 0.068359375 0.03515625
0 0.1064453125 0.06982421875 0.0595703125 0.04052734375
0 0.177734375 0.0634765625 0.06884765625 0.03076171875
0 0.05810546875 0.11083984375 0.1162109375 0.0361328125
0 0.04833984375 0.20263671875 0.07080078125 0.03076171875
0 0.1259765625 0.2021484375 0.07421875 0.029296875
0 0.90625 0.224609375 0.17431640625 0.03564453125
0 0.94677734375 0.29443359375 0.1064453125 0.0478515625
0 0.0068359375 0.37939453125 0.013671875 0.0400390625
0 0.0302734375 0.37158203125 0.0361328125 0.0419921875
0 0.05908203125 0.36328125 0.02197265625 0.0400390625
0 0.08349609375 0.361328125 0.03271484375 0.0400390625
0 0.0654296875 0.44189453125 0.10009765625 0.0654296875
0 0.15234375 0.43017578125 0.0673828125 0.0654296875
0 0.01318359375 0.521484375 0.0205078125 0.0283203125
0 0.06787109375 0.5166015625 0.0888671875 0.0419921875
0 0.12646484375 0.5087890625 0.03125 0.03515625
0 0.16162109375 0.5029296875 0.0390625 0.03759765625
0 0.20361328125 0.49951171875 0.0419921875 0.03515625
0 0.2568359375 0.49365234375 0.06396484375 0.03759765625
0 0.30615234375 0.48876953125 0.03759765625 0.0419921875
0 0.01953125 0.5615234375 0.0263671875 0.0419921875
0 0.041015625 0.55419921875 0.01708984375 0.03759765625
0 0.06787109375 0.5517578125 0.0361328125 0.03271484375
0 0.109375 0.5517578125 0.046875 0.0419921875
0 0.1513671875 0.54833984375 0.04052734375 0.03515625
0 0.19189453125 0.5439453125 0.03759765625 0.0400390625
0 0.23046875 0.53662109375 0.0390625 0.0400390625
0 0.279296875 0.53564453125 0.0498046875 0.03759765625
0 0.00830078125 0.59716796875 0.0166015625 0.0302734375
0 0.00341796875 0.64453125 0.0068359375 0.03515625
0 0.013671875 0.6455078125 0.0185546875 0.0234375
0 0.033203125 0.6396484375 0.0205078125 0.0400390625
0 0.05615234375 0.64111328125 0.02490234375 0.03271484375
0 0.080078125 0.64111328125 0.0205078125 0.03271484375
0 0.107421875 0.64111328125 0.0341796875 0.03759765625
0 0.14111328125 0.63525390625 0.0361328125 0.0400390625
0 0.18505859375 0.6337890625 0.04541015625 0.03759765625
0 0.23046875 0.63623046875 0.0390625 0.0419921875
0 0.27880859375 0.6337890625 0.0576171875 0.046875
0 0.1669921875 0.7333984375 0.0498046875 0.0400390625
0 0.23876953125 0.73095703125 0.0908203125 0.0400390625
0 0.2177734375 0.87158203125 0.03271484375 0.03515625
0 0.2490234375 0.8740234375 0.03271484375 0.0400390625
0 0.0224609375 0.5966796875 0.01708984375 0.03271484375
0 0.04296875 0.5986328125 0.02978515625 0.03759765625
0 0.0654296875 0.59423828125 0.02490234375 0.03271484375
0 0.5810546875 0.62451171875 0.22265625 0.0595703125
0 0.7841796875 0.62646484375 0.15673828125 0.0625
0 0.5087890625 0.70556640625 0.078125 0.0419921875
0 0.61328125 0.69580078125 0.09765625 0.04052734375
0 0.71875 0.69970703125 0.07958984375 0.05322265625
0 0.82373046875 0.697265625 0.09521484375 0.0498046875
0 0.94384765625 0.6962890625 0.1123046875 0.052734375
0 0.54296875 0.759765625 0.09912109375 0.0556640625
0 0.6318359375 0.7490234375 0.05517578125 0.05419921875
0 0.716796875 0.75048828125 0.0859375 0.05224609375
0 0.84814453125 0.76806640625 0.14892578125 0.05322265625
0 0.96923828125 0.76220703125 0.0615234375 0.0419921875
0 0.5732421875 0.8154296875 0.14404296875 0.05078125
0 0.70166015625 0.81494140625 0.056640625 0.04296875
0 0.81494140625 0.822265625 0.10791015625 0.03515625
0 0.94775390625 0.8203125 0.09912109375 0.04296875
0 0.505859375 0.87158203125 0.072265625 0.0537109375
0 0.60498046875 0.87646484375 0.09912109375 0.0576171875
0 0.71484375 0.87841796875 0.09521484375 0.05908203125
0 0.80908203125 0.875 0.0654296875 0.04541015625
0 0.92626953125 0.8876953125 0.14013671875 0.0576171875
0 0.49755859375 0.98046875 0.0556640625 0.0390625
0 0.60986328125 0.98193359375 0.1435546875 0.0361328125
0 0.74072265625 0.98486328125 0.0908203125 0.0302734375
0 0.8447265625 0.9873046875 0.091796875 0.025390625
0 0.947265625 0.990234375 0.0859375 0.01953125
0 0.4921875 0.92236328125 0.044921875 0.0458984375
0 0.5625 0.9287109375 0.0810546875 0.0439453125
0 0.66015625 0.935546875 0.09375 0.03076171875
0 0.74609375 0.93310546875 0.06298828125 0.0439453125
0 0.8388671875 0.9404296875 0.09619140625 0.056640625