0 0.18115234375 0.35693359375 0.0859375 0.10546875
0 0.0673828125 0.76318359375 0.05712890625 0.11279296875
0 0.05224609375 0.60546875 0.03369140625 0.09765625
0 0.27294921875 0.80078125 0.07763671875 0.1728515625
0 0.49072265625 0.755859375 0.060546875 0.1201171875
0 0.52685546875 0.8515625 0.0185546875 0.048828125
0 0.56640625 0.80810546875 0.0234375 0.06005859375
0 0.2890625 0.3779296875 0.08251953125 0.1240234375
0 0.390625 0.39453125 0.1162109375 0.1279296875
0 0.53271484375 0.4189453125 0.162109375 0.13916015625
0 0.6650390625 0.43212890625 0.099609375 0.1201171875
0 0.84814453125 0.5732421875 0.13818359375 0.35693359375
0 0.7607421875 0.8046875 0.04736328125 0.0751953125
0 0.81640625 0.81787109375 0.07080078125 0.06396484375
0 0.8935546875 0.81787109375 0.08447265625 0.0712890625
0 0.95361328125 0.8271484375 0.03857421875 0.08251953125
0 0.765625 0.89306640625 0.05419921875 0.0791015625
0 0.8271484375 0.8984375 0.0693359375 0.09033203125
0 0.8876953125 0.8984375 0.06591796875 0.09033203125
0 0.94580078125 0.9189453125 0.07421875 0.11669921875