0 0.28076171875 0.046875 0.1669921875 0.033203125
0 0.4267578125 0.04638671875 0.099609375 0.0341796875
0 0.38720703125 0.34521484375 0.0322265625 0.0126953125
0 0.421875 0.3466796875 0.033203125 0.015625
0 0.41552734375 0.3662109375 0.0107421875 0.009765625
0 0.39208984375 0.3759765625 0.0087890625 0.009765625
0 0.4033203125 0.37744140625 0.013671875 0.0087890625
0 0.76806640625 0.37353515625 0.03662109375 0.02197265625
0 0.76904296875 0.396484375 0.107421875 0.02001953125
0 0.7705078125 0.41650390625 0.10498046875 0.02001953125
0 0.72509765625 0.44970703125 0.078125 0.03369140625
0 0.8115234375 0.453125 0.08544921875 0.04345703125
0 0.73876953125 0.49365234375 0.05615234375 0.03662109375
0 0.08935546875 0.666015625 0.1787109375 0.083984375
0 0.24951171875 0.8056640625 0.4990234375 0.197265625
0 0.5732421875 0.8623046875 0.091796875 0.14453125
0 0.53271484375 0.96533203125 0.1728515625 0.0517578125
0 0.40771484375 0.99658203125 0.0341796875 0.0068359375
0 0.38720703125 0.94970703125 0.103515625 0.05126953125
0 0.3193359375 0.99267578125 0.07421875 0.0146484375
0 0.26318359375 0.93603515625 0.12744140625 0.05908203125
0 0.24853515625 0.98974609375 0.0556640625 0.0205078125
0 0.189453125 0.9873046875 0.0546875 0.025390625
0 0.1298828125 0.93212890625 0.12060546875 0.0556640625
0 0.02978515625 0.9072265625 0.0595703125 0.060546875
0 0.01611328125 0.9716796875 0.0322265625 0.03125
0 0.06884765625 0.9765625 0.05810546875 0.033203125
0 0.13134765625 0.98193359375 0.0537109375 0.0361328125
0 0.6259765625 0.9912109375 0.013671875 0.013671875
0 0.64990234375 0.99169921875 0.033203125 0.0126953125
0 0.681640625 0.99072265625 0.033203125 0.0126953125
0 0.71435546875 0.99072265625 0.03466796875 0.0126953125
0 0.7568359375 0.98974609375 0.052734375 0.0126953125