0 0.60205078125 0.04296875 0.080078125 0.072265625
0 0.67431640625 0.0380859375 0.05322265625 0.0673828125
0 0.76318359375 0.0380859375 0.1123046875 0.072265625
0 0.86669921875 0.03173828125 0.0830078125 0.0634765625
0 0.94970703125 0.025390625 0.0732421875 0.05078125
0 0.58935546875 0.115234375 0.05224609375 0.04736328125
0 0.638671875 0.11181640625 0.0546875 0.0498046875
0 0.673828125 0.1103515625 0.02392578125 0.04736328125
0 0.71533203125 0.1005859375 0.0673828125 0.0625
0 0.75830078125 0.10791015625 0.015625 0.017578125
0 0.80224609375 0.10400390625 0.0703125 0.06005859375
0 0.86279296875 0.0927734375 0.05908203125 0.0625
0 0.92626953125 0.0830078125 0.06494140625 0.0625
0 0.962890625 0.09423828125 0.01708984375 0.01513671875
0 0.9853515625 0.08740234375 0.029296875 0.0576171875
0 0.59619140625 0.1591796875 0.07177734375 0.044921875
0 0.66064453125 0.16162109375 0.06494140625 0.05517578125
0 0.72314453125 0.154296875 0.060546875 0.044921875
0 0.78125 0.150390625 0.06201171875 0.052734375
0 0.81982421875 0.15185546875 0.015625 0.02001953125
0 0.859375 0.1455078125 0.0634765625 0.04736328125
0 0.9248046875 0.140625 0.076171875 0.052734375
0 0.98095703125 0.13623046875 0.0380859375 0.0498046875
0 0.5537109375 0.2177734375 0.0703125 0.0625
0 0.6240234375 0.21923828125 0.0703125 0.06005859375
0 0.70751953125 0.21044921875 0.09130859375 0.0673828125
0 0.80859375 0.20556640625 0.10009765625 0.0673828125
0 0.93017578125 0.2001953125 0.1396484375 0.078125
0 0.57275390625 0.2841796875 0.1025390625 0.05517578125
0 0.68017578125 0.2841796875 0.1181640625 0.06494140625
0 0.78369140625 0.27685546875 0.0859375 0.06494140625
0 0.86572265625 0.27294921875 0.08447265625 0.0625
0 0.35986328125 0.57421875 0.02880859375 0.0224609375
0 0.38427734375 0.57421875 0.0224609375 0.0185546875
0 0.32177734375 0.69140625 0.1201171875 0.095703125
0 0.43310546875 0.68505859375 0.0732421875 0.0810546875
0 0.37158203125 0.76904296875 0.1650390625 0.044921875
0 0.6240234375 0.56689453125 0.04248046875 0.03369140625
0 0.7041015625 0.56103515625 0.09912109375 0.041015625
0 0.62646484375 0.599609375 0.06884765625 0.0205078125
0 0.71533203125 0.58984375 0.095703125 0.02392578125