0 0.00830078125 0.00390625 0.0126953125 0.0078125
0 0.53759765625 0.15966796875 0.01416015625 0.03955078125
0 0.48046875 0.33935546875 0.03466796875 0.03955078125
0 0.2587890625 0.232421875 0.158203125 0.12353515625
0 0.16259765625 0.345703125 0.0419921875 0.068359375
0 0.2197265625 0.349609375 0.064453125 0.060546875
0 0.2841796875 0.34814453125 0.056640625 0.0634765625
0 0.35009765625 0.34130859375 0.0654296875 0.0771484375
0 0.6728515625 0.13671875 0.0859375 0.23046875
0 0.85546875 0.1064453125 0.275390625 0.212890625
0 0.67919921875 0.29443359375 0.083984375 0.1015625
0 0.76171875 0.27294921875 0.083984375 0.091796875
0 0.84130859375 0.265625 0.07861328125 0.0966796875
0 0.94140625 0.259765625 0.1171875 0.091796875
0 0.01220703125 0.7216796875 0.0244140625 0.056640625
0 0.04150390625 0.716796875 0.03466796875 0.06689453125
0 0.0791015625 0.71044921875 0.04248046875 0.07763671875
0 0.4091796875 0.6845703125 0.03564453125 0.06689453125
0 0.44677734375 0.6845703125 0.0390625 0.0556640625
0 0.48388671875 0.681640625 0.03564453125 0.068359375
0 0.95458984375 0.6484375 0.0908203125 0.119140625
0 0.76318359375 0.43310546875 0.04150390625 0.03857421875