0 0.01513671875 0.171875 0.0302734375 0.01953125
0 0.0595703125 0.177734375 0.0546875 0.02001953125
0 0.10791015625 0.17822265625 0.04833984375 0.0185546875
0 0.15380859375 0.1826171875 0.046875 0.0166015625
0 0.02490234375 0.2099609375 0.0498046875 0.0390625
0 0.09423828125 0.2197265625 0.07275390625 0.03662109375
0 0.1826171875 0.22607421875 0.091796875 0.0302734375
0 0.0341796875 0.2734375 0.068359375 0.05859375
0 0.15380859375 0.275390625 0.130859375 0.06201171875
0 0.11328125 0.36181640625 0.1435546875 0.06689453125
0 0.06787109375 0.42236328125 0.0888671875 0.0341796875
0 0.19580078125 0.4248046875 0.1259765625 0.029296875
0 0.52099609375 0.0712890625 0.0419921875 0.0234375
0 0.60986328125 0.064453125 0.12890625 0.025390625
0 0.71435546875 0.05859375 0.072265625 0.0224609375
0 0.54931640625 0.24658203125 0.0986328125 0.0478515625
0 0.58447265625 0.29150390625 0.14501953125 0.0498046875
0 0.74072265625 0.2861328125 0.13671875 0.044921875
0 0.8857421875 0.28857421875 0.11962890625 0.046875
0 0.6611328125 0.3505859375 0.322265625 0.05078125
0 0.56884765625 0.40771484375 0.12744140625 0.037109375
0 0.10595703125 0.48291015625 0.103515625 0.05810546875
0 0.19677734375 0.47900390625 0.0810546875 0.06591796875
0 0.10693359375 0.552734375 0.0751953125 0.06591796875
0 0.18701171875 0.55078125 0.0732421875 0.06591796875
0 0.06103515625 0.630859375 0.064453125 0.06591796875
0 0.10986328125 0.6318359375 0.033203125 0.06787109375
0 0.1552734375 0.6318359375 0.0615234375 0.0517578125
0 0.22802734375 0.623046875 0.0869140625 0.06591796875
0 0.0439453125 0.69873046875 0.033203125 0.05810546875
0 0.083984375 0.69873046875 0.05078125 0.06201171875
0 0.12451171875 0.705078125 0.0390625 0.07421875
0 0.16943359375 0.69873046875 0.06298828125 0.06591796875
0 0.2431640625 0.708984375 0.083984375 0.05810546875
0 0.056640625 0.77294921875 0.04052734375 0.05810546875
0 0.1044921875 0.77001953125 0.0556640625 0.06396484375
0 0.16162109375 0.77685546875 0.05224609375 0.0458984375
0 0.2265625 0.77099609375 0.07177734375 0.05810546875
0 0.0517578125 0.85009765625 0.03759765625 0.06005859375
0 0.09912109375 0.85205078125 0.05078125 0.0517578125
0 0.16748046875 0.84375 0.07958984375 0.06396484375
0 0.2470703125 0.8408203125 0.0732421875 0.06591796875
0 0.14111328125 0.9150390625 0.02099609375 0.01806640625
0 0.1591796875 0.9140625 0.01513671875 0.02001953125
0 0.177734375 0.9111328125 0.025390625 0.02197265625
0 0.201171875 0.9130859375 0.02392578125 0.01806640625
0 0.22607421875 0.91015625 0.03125 0.02392578125
0 0.25439453125 0.912109375 0.0283203125 0.02783203125
0 0.271484375 0.9130859375 0.0087890625 0.02197265625
0 0.7021484375 0.6689453125 0.08203125 0.08203125
0 0.7763671875 0.67822265625 0.0703125 0.08837890625