0 0.12451171875 0.08984375 0.125 0.15576171875
0 0.26708984375 0.06640625 0.1416015625 0.1328125
0 0.1416015625 0.25341796875 0.1435546875 0.18115234375
0 0.25146484375 0.189453125 0.06982421875 0.13720703125
0 0.326171875 0.14111328125 0.07275390625 0.11474609375
0 0.17236328125 0.4345703125 0.16455078125 0.29736328125
0 0.29443359375 0.3076171875 0.080078125 0.18359375
0 0.37353515625 0.2275390625 0.07666015625 0.1689453125
0 0.14990234375 0.58935546875 0.0908203125 0.1396484375
0 0.2333984375 0.50244140625 0.064453125 0.1181640625
0 0.28662109375 0.4326171875 0.0341796875 0.08642578125
0 0.318359375 0.3896484375 0.029296875 0.0810546875
0 0.677734375 0.22802734375 0.1376953125 0.04931640625
0 0.76708984375 0.23291015625 0.033203125 0.044921875
0 0.8369140625 0.248046875 0.1005859375 0.06591796875
0 0.14306640625 0.70263671875 0.1259765625 0.0869140625
0 0.26806640625 0.70458984375 0.1220703125 0.0908203125
0 0.14794921875 0.78564453125 0.06201171875 0.05078125
0 0.24072265625 0.79150390625 0.119140625 0.0546875
0 0.37353515625 0.71923828125 0.037109375 0.07421875
0 0.35888671875 0.78271484375 0.0322265625 0.091796875
0 0.38671875 0.75244140625 0.02978515625 0.0859375
0 0.35888671875 0.83984375 0.015625 0.041015625
0 0.38330078125 0.8173828125 0.03076171875 0.05859375
0 0.9716796875 0.7509765625 0.056640625 0.115234375
0 0.8896484375 0.73828125 0.103515625 0.11962890625
0 0.7861328125 0.74609375 0.076171875 0.109375