0 0.2373046875 0.1611328125 0.46484375 0.234375
0 0.24560546875 0.3505859375 0.095703125 0.0986328125
0 0.33154296875 0.353515625 0.08056640625 0.08740234375
0 0.4013671875 0.36328125 0.06884765625 0.0849609375
0 0.5888671875 0.71435546875 0.076171875 0.04150390625
0 0.6455078125 0.724609375 0.033203125 0.03125
0 0.6826171875 0.71533203125 0.037109375 0.04443359375
0 0.734375 0.71923828125 0.0625 0.046875
0 0.5732421875 0.76611328125 0.107421875 0.03125
0 0.6513671875 0.76904296875 0.044921875 0.03125
0 0.7099609375 0.763671875 0.068359375 0.04150390625
0 0.767578125 0.76513671875 0.05078125 0.0390625