0 0.5751953125 0.1982421875 0.08154296875 0.04443359375
0 0.58984375 0.2744140625 0.138671875 0.0966796875
0 0.6767578125 0.259765625 0.0537109375 0.0888671875
0 0.75830078125 0.2744140625 0.1123046875 0.0966796875
0 0.6396484375 0.4091796875 0.25390625 0.12109375
0 0.16845703125 0.51171875 0.0625 0.080078125
0 0.1669921875 0.56884765625 0.17236328125 0.1650390625
0 0.2568359375 0.64306640625 0.00732421875 0.02001953125
0 0.138671875 0.873046875 0.11376953125 0.23681640625
0 0.24755859375 0.923828125 0.1044921875 0.15234375
0 0.68994140625 0.84423828125 0.009765625 0.00732421875
0 0.857421875 0.7138671875 0.00537109375 0.01220703125