0 0.18359375 0.31494140625 0.13623046875 0.09521484375
0 0.27490234375 0.31982421875 0.03515625 0.03515625
0 0.37744140625 0.29638671875 0.1533203125 0.1025390625
0 0.5419921875 0.27978515625 0.16162109375 0.10009765625
0 0.69287109375 0.263671875 0.125 0.09765625
0 0.84619140625 0.26123046875 0.16162109375 0.107421875
0 0.18212890625 0.40625 0.080078125 0.072265625
0 0.25439453125 0.4013671875 0.05322265625 0.0673828125
0 0.34326171875 0.4013671875 0.1123046875 0.072265625
0 0.44677734375 0.38623046875 0.0830078125 0.08251953125
0 0.5302734375 0.384765625 0.0732421875 0.06005859375
0 0.61865234375 0.36865234375 0.08447265625 0.07763671875
0 0.7177734375 0.3662109375 0.10009765625 0.08740234375
0 0.80517578125 0.36376953125 0.0771484375 0.08740234375
0 0.90234375 0.35009765625 0.11669921875 0.10986328125
0 0.8701171875 0.4248046875 0.041015625 0.02001953125
0 0.8701171875 0.458984375 0.111328125 0.04736328125
0 0.16943359375 0.478515625 0.05224609375 0.04736328125
0 0.21875 0.47509765625 0.0546875 0.0498046875
0 0.25390625 0.4736328125 0.02392578125 0.04736328125
0 0.29541015625 0.4638671875 0.0673828125 0.0625
0 0.33837890625 0.47119140625 0.015625 0.017578125
0 0.38232421875 0.46728515625 0.0703125 0.06005859375
0 0.44287109375 0.4560546875 0.05908203125 0.0625
0 0.50634765625 0.4462890625 0.06494140625 0.0625
0 0.54296875 0.45751953125 0.01708984375 0.01513671875
0 0.58447265625 0.451171875 0.06591796875 0.0576171875
0 0.64208984375 0.44384765625 0.05224609375 0.052734375
0 0.69970703125 0.44482421875 0.060546875 0.06494140625
0 0.17626953125 0.5224609375 0.07177734375 0.044921875
0 0.24072265625 0.52490234375 0.06494140625 0.05517578125
0 0.30322265625 0.517578125 0.060546875 0.044921875
0 0.361328125 0.513671875 0.06201171875 0.052734375
0 0.39990234375 0.51513671875 0.015625 0.02001953125
0 0.439453125 0.5087890625 0.0634765625 0.04736328125
0 0.5048828125 0.50390625 0.076171875 0.052734375
0 0.5625 0.5 0.03955078125 0.0498046875
0 0.61328125 0.49609375 0.05908203125 0.052734375
0 0.67529296875 0.49755859375 0.06201171875 0.0498046875
0 0.1337890625 0.5810546875 0.0703125 0.0625
0 0.2041015625 0.58251953125 0.0703125 0.06005859375
0 0.28759765625 0.57373046875 0.09130859375 0.0673828125
0 0.388671875 0.56884765625 0.10009765625 0.0673828125
0 0.5107421875 0.56396484375 0.140625 0.07763671875
0 0.62158203125 0.55859375 0.08154296875 0.0673828125
0 0.7080078125 0.5537109375 0.08837890625 0.0673828125
0 0.8046875 0.55126953125 0.095703125 0.072265625
0 0.90380859375 0.54736328125 0.1025390625 0.06982421875
0 0.15283203125 0.6474609375 0.1025390625 0.05517578125
0 0.26025390625 0.6474609375 0.1181640625 0.06494140625
0 0.36376953125 0.64013671875 0.0859375 0.06494140625
0 0.44580078125 0.63623046875 0.08447265625 0.0625
0 0.76806640625 0.62744140625 0.36865234375 0.0751953125
0 0.078125 0.74755859375 0.029296875 0.0498046875
0 0.07373046875 0.802734375 0.02392578125 0.05517578125
0 0.06982421875 0.8662109375 0.04345703125 0.052734375
0 0.06591796875 0.93115234375 0.03076171875 0.052734375
0 0.0673828125 0.982421875 0.01953125 0.03515625
0 0.03662109375 0.76611328125 0.0224609375 0.04736328125
0 0.02880859375 0.87890625 0.02392578125 0.052734375
0 0.00927734375 0.822265625 0.01806640625 0.0498046875
0 0.98779296875 0.734375 0.0244140625 0.060546875
0 0.99072265625 0.80517578125 0.01806640625 0.06494140625
0 0.990234375 0.87744140625 0.01953125 0.06005859375