0 0.42724609375 0.06201171875 0.0654296875 0.0751953125
0 0.02197265625 0.0654296875 0.0439453125 0.048828125
0 0.09716796875 0.0673828125 0.095703125 0.04248046875
0 0.0439453125 0.0986328125 0.0234375 0.01953125
0 0.07275390625 0.099609375 0.0390625 0.021484375
0 0.05908203125 0.11962890625 0.0810546875 0.02294921875
0 0.25390625 0.16064453125 0.26953125 0.130859375
0 0.0107421875 0.25732421875 0.021484375 0.0771484375
0 0.04638671875 0.25634765625 0.06005859375 0.06689453125
0 0.1015625 0.25634765625 0.06005859375 0.06689453125
0 0.1591796875 0.26025390625 0.06982421875 0.05859375
0 0.212890625 0.26220703125 0.0380859375 0.05859375
0 0.2392578125 0.27197265625 0.0146484375 0.01318359375
0 0.27001953125 0.267578125 0.04150390625 0.05078125
0 0.31689453125 0.26513671875 0.052734375 0.05859375
0 0.35009765625 0.2734375 0.013671875 0.01611328125
0 0.37890625 0.27001953125 0.0439453125 0.048828125
0 0.4267578125 0.2646484375 0.0537109375 0.06396484375
0 0.4580078125 0.2763671875 0.00390625 0.013671875
0 0.029296875 0.3291015625 0.05859375 0.03125
0 0.08984375 0.32958984375 0.05615234375 0.03759765625
0 0.13916015625 0.33154296875 0.0380859375 0.03125
0 0.19091796875 0.32958984375 0.0625 0.041015625
0 0.22998046875 0.3369140625 0.013671875 0.009765625
0 0.2880859375 0.3330078125 0.1005859375 0.03759765625
0 0.3525390625 0.33544921875 0.02099609375 0.029296875
0 0.3720703125 0.3388671875 0.013671875 0.01318359375
0 0.41943359375 0.3359375 0.0810546875 0.037109375
0 0.54248046875 0.29833984375 0.1650390625 0.1064453125
0 0.771484375 0.3056640625 0.25 0.09814453125
0 0.5087890625 0.19921875 0.09765625 0.04296875
0 0.6142578125 0.20751953125 0.115234375 0.03857421875
0 0.73291015625 0.2080078125 0.125 0.0498046875
0 0.48046875 0.4423828125 0.03759765625 0.03173828125
0 0.52294921875 0.43896484375 0.052734375 0.03515625
0 0.57666015625 0.443359375 0.0498046875 0.03662109375
0 0.79345703125 0.43896484375 0.0361328125 0.0283203125
0 0.03125 0.58154296875 0.0625 0.0810546875
0 0.49560546875 0.92529296875 0.0712890625 0.0517578125
0 0.5849609375 0.916015625 0.08740234375 0.0517578125
0 0.685546875 0.919921875 0.0947265625 0.03955078125
0 0.765625 0.91357421875 0.048828125 0.0517578125
0 0.8271484375 0.9208984375 0.0625 0.0615234375
0 0.505859375 0.974609375 0.091796875 0.02734375
0 0.57080078125 0.97509765625 0.029296875 0.02734375
0 0.63232421875 0.97509765625 0.0849609375 0.02734375
0 0.7001953125 0.9765625 0.048828125 0.02978515625