0 0.18994140625 0.06103515625 0.11572265625 0.10205078125
0 0.29248046875 0.03955078125 0.0751953125 0.0791015625
0 0.51513671875 0.01904296875 0.2021484375 0.0380859375
0 0.248046875 0.26953125 0.49609375 0.435546875
0 0.64208984375 0.17919921875 0.2158203125 0.3583984375
0 0.01171875 0.59521484375 0.0234375 0.0732421875
0 0.068359375 0.580078125 0.06982421875 0.064453125
0 0.18115234375 0.548828125 0.12158203125 0.08642578125
0 0.34619140625 0.5146484375 0.17138671875 0.08447265625
0 0.48486328125 0.48681640625 0.068359375 0.06005859375
0 0.6025390625 0.458984375 0.126953125 0.08447265625
0 0.81298828125 0.31689453125 0.1259765625 0.1572265625
0 0.78955078125 0.4521484375 0.06982421875 0.13720703125
0 0.8642578125 0.40380859375 0.07275390625 0.11474609375
0 0.83251953125 0.5703125 0.080078125 0.18359375
0 0.91162109375 0.490234375 0.07666015625 0.1689453125
0 0.82470703125 0.6904296875 0.0341796875 0.078125
0 0.8564453125 0.65234375 0.029296875 0.0810546875
0 0.30419921875 0.98583984375 0.0654296875 0.0283203125