0 0.005859375 0.18212890625 0.00732421875 0.02001953125
0 0.76806640625 0.01025390625 0.1298828125 0.0205078125
0 0.6748046875 0.06591796875 0.08984375 0.05810546875
0 0.7568359375 0.04638671875 0.06982421875 0.0703125
0 0.82861328125 0.03369140625 0.072265625 0.06396484375
0 0.03466796875 0.75537109375 0.0380859375 0.02392578125
0 0.087890625 0.75439453125 0.068359375 0.025390625
0 0.1279296875 0.6875 0.17138671875 0.10400390625
0 0.29345703125 0.67578125 0.16162109375 0.09375
0 0.43408203125 0.6689453125 0.11083984375 0.0908203125
0 0.421875 0.74072265625 0.052734375 0.0244140625
0 0.4765625 0.7333984375 0.06640625 0.033203125
0 0.623046875 0.47265625 0.16015625 0.0859375
0 0.8154296875 0.474609375 0.228515625 0.08984375
0 0.5771484375 0.56396484375 0.06982421875 0.068359375
0 0.630859375 0.5556640625 0.04248046875 0.05517578125
0 0.666015625 0.55810546875 0.02978515625 0.056640625
0 0.69921875 0.55810546875 0.03125 0.05322265625
0 0.73193359375 0.56298828125 0.0400390625 0.0634765625
0 0.775390625 0.56396484375 0.05615234375 0.06494140625
0 0.634765625 0.61962890625 0.06494140625 0.056640625
0 0.69970703125 0.61865234375 0.052734375 0.06494140625
0 0.6279296875 0.68994140625 0.048828125 0.046875
0 0.6796875 0.68994140625 0.0498046875 0.046875
0 0.56396484375 0.6953125 0.05615234375 0.115234375
0 0.62890625 0.7587890625 0.05126953125 0.05517578125
0 0.6806640625 0.75390625 0.0498046875 0.06494140625
0 0.76953125 0.685546875 0.03271484375 0.10498046875
0 0.8212890625 0.61865234375 0.05126953125 0.06494140625
0 0.86328125 0.6240234375 0.02734375 0.05810546875
0 0.8935546875 0.6298828125 0.02734375 0.046875
0 0.81982421875 0.69140625 0.0498046875 0.046875
0 0.87255859375 0.6845703125 0.05126953125 0.0634765625
0 0.9150390625 0.685546875 0.02880859375 0.05810546875
0 0.8173828125 0.74560546875 0.044921875 0.0615234375
0 0.85888671875 0.75244140625 0.03369140625 0.07177734375
0 0.90087890625 0.7529296875 0.0498046875 0.06689453125
0 0.57958984375 0.81640625 0.08740234375 0.056640625
0 0.658203125 0.8154296875 0.0673828125 0.05517578125
0 0.736328125 0.81201171875 0.0888671875 0.0517578125
0 0.818359375 0.81201171875 0.072265625 0.0517578125
0 0.892578125 0.81640625 0.07373046875 0.056640625
0 0.55908203125 0.86865234375 0.041015625 0.03515625
0 0.66845703125 0.87060546875 0.17236328125 0.03515625