0 0.4599609375 0.07568359375 0.060546875 0.0927734375
0 0.59814453125 0.08349609375 0.201171875 0.095703125
0 0.78076171875 0.09912109375 0.15576171875 0.0810546875
0 0.90283203125 0.10498046875 0.091796875 0.07373046875
0 0.15380859375 0.8193359375 0.078125 0.07080078125
0 0.064453125 0.884765625 0.0693359375 0.0810546875
0 0.1328125 0.8740234375 0.07080078125 0.06005859375
0 0.197265625 0.8779296875 0.05859375 0.06787109375
0 0.4462890625 0.6640625 0.033203125 0.048828125
0 0.55126953125 0.6533203125 0.04638671875 0.02587890625
0 0.59814453125 0.6533203125 0.04443359375 0.0224609375
0 0.64013671875 0.65478515625 0.04296875 0.0224609375
0 0.6787109375 0.65478515625 0.03369140625 0.02587890625
0 0.70703125 0.65673828125 0.02294921875 0.0224609375
0 0.72900390625 0.65478515625 0.02294921875 0.0224609375
0 0.76171875 0.65576171875 0.0400390625 0.02392578125
0 0.802734375 0.65478515625 0.0478515625 0.02587890625
0 0.84326171875 0.6572265625 0.037109375 0.02734375
0 0.880859375 0.658203125 0.03857421875 0.0224609375
0 0.5439453125 0.67919921875 0.0322265625 0.01904296875
0 0.591796875 0.67919921875 0.06298828125 0.01904296875
0 0.64208984375 0.6826171875 0.03369140625 0.0224609375
0 0.68017578125 0.6806640625 0.04296875 0.01904296875
0 0.60791015625 0.74365234375 0.06787109375 0.03466796875
0 0.65966796875 0.74609375 0.029296875 0.029296875
0 0.5009765625 0.8291015625 0.0693359375 0.0361328125
0 0.56494140625 0.8271484375 0.05517578125 0.03955078125
0 0.6279296875 0.828125 0.06787109375 0.0380859375
0 0.689453125 0.830078125 0.05517578125 0.03466796875
0 0.7470703125 0.8359375 0.05078125 0.04296875
0 0.4755859375 0.9267578125 0.091796875 0.0390625
0 0.54248046875 0.923828125 0.04150390625 0.04296875
0 0.5986328125 0.92529296875 0.07080078125 0.03955078125
0 0.6904296875 0.92724609375 0.0751953125 0.03955078125
0 0.7734375 0.92626953125 0.087890625 0.04150390625