0 0.09521484375 0.0439453125 0.1904296875 0.083984375
0 0.2548828125 0.046875 0.12890625 0.072265625
0 0.15966796875 0.1884765625 0.3193359375 0.193359375
0 0.14892578125 0.35400390625 0.2978515625 0.1044921875
0 0.56982421875 0.076171875 0.1826171875 0.15234375
0 0.52099609375 0.30810546875 0.1552734375 0.3623046875
0 0.74365234375 0.240234375 0.3017578125 0.48046875
0 0.73876953125 0.47802734375 0.0634765625 0.0224609375
0 0.11767578125 0.5283203125 0.1572265625 0.078125
0 0.24267578125 0.52783203125 0.0947265625 0.0771484375
0 0.21142578125 0.642578125 0.166015625 0.0625
0 0.06591796875 0.65087890625 0.10595703125 0.0625
0 0.548828125 0.541015625 0.458984375 0.103515625
0 0.9033203125 0.55615234375 0.193359375 0.1337890625
0 0.955078125 0.67333984375 0.08984375 0.0517578125
0 0.8173828125 0.654296875 0.1826171875 0.05224609375
0 0.75439453125 0.69970703125 0.09912109375 0.02880859375
0 0.6875 0.69384765625 0.0341796875 0.0244140625
0 0.66650390625 0.63818359375 0.103515625 0.05126953125
0 0.5986328125 0.68798828125 0.07421875 0.02783203125
0 0.54248046875 0.62451171875 0.12744140625 0.05908203125
0 0.5283203125 0.68408203125 0.0556640625 0.03125
0 0.46923828125 0.6787109375 0.05419921875 0.02978515625
0 0.4091796875 0.62060546875 0.12060546875 0.0556640625
0 0.34814453125 0.6650390625 0.0576171875 0.033203125
0 0.4111328125 0.671875 0.05322265625 0.03759765625