0 0.19775390625 0.033203125 0.0810546875 0.05615234375
0 0.29248046875 0.013671875 0.1044921875 0.02734375
0 0.1572265625 0.3583984375 0.0927734375 0.060546875
0 0.26806640625 0.35791015625 0.123046875 0.07470703125
0 0.38134765625 0.3486328125 0.095703125 0.06396484375
0 0.48095703125 0.337890625 0.08837890625 0.0712890625
0 0.5986328125 0.33203125 0.1318359375 0.0712890625
0 0.72216796875 0.3271484375 0.0947265625 0.06640625
0 0.25244140625 0.42626953125 0.1181640625 0.0458984375
0 0.36767578125 0.4248046875 0.1025390625 0.048828125
0 0.4775390625 0.41650390625 0.09765625 0.0654296875
0 0.2783203125 0.93212890625 0.06640625 0.033203125
0 0.27392578125 0.72802734375 0.169921875 0.18359375
0 0.30810546875 0.54150390625 0.11181640625 0.1650390625
0 0.37646484375 0.48779296875 0.005859375 0.02880859375
0 0.37646484375 0.51123046875 0.005859375 0.01611328125
0 0.7490234375 0.5908203125 0.01806640625 0.00732421875
0 0.74267578125 0.595703125 0.0126953125 0.00830078125
0 0.69873046875 0.4775390625 0.00927734375 0.005859375
0 0.69921875 0.4833984375 0.005859375 0.005859375
0 0.16943359375 0.4912109375 0.009765625 0.01318359375
0 0.169921875 0.50634765625 0.0126953125 0.0146484375
0 0.1015625 0.64453125 0.01708984375 0.01513671875
0 0.1396484375 0.689453125 0.02783203125 0.01953125
0 0.13232421875 0.69580078125 0.01611328125 0.01025390625
0 0.14599609375 0.70068359375 0.01171875 0.01025390625
0 0.140625 0.72509765625 0.013671875 0.01025390625
0 0.091796875 0.74267578125 0.0048828125 0.00634765625
0 0.1591796875 0.75341796875 0.0107421875 0.03076171875
0 0.884765625 0.47265625 0.23046875 0.046875
0 0.82275390625 0.53125 0.0546875 0.03076171875
0 0.888671875 0.53515625 0.068359375 0.03564453125
0 0.95849609375 0.53515625 0.05712890625 0.033203125
0 0.79296875 0.60302734375 0.046875 0.0263671875
0 0.8662109375 0.60498046875 0.0908203125 0.029296875
0 0.92822265625 0.603515625 0.0224609375 0.02685546875
0 0.9736328125 0.60107421875 0.052734375 0.0224609375