0 0.02685546875 0.08349609375 0.0537109375 0.0927734375
0 0.0185546875 0.1640625 0.037109375 0.048828125
0 0.82568359375 0.0654296875 0.13671875 0.1181640625
0 0.7802734375 0.1845703125 0.10791015625 0.08447265625
0 0.87841796875 0.17431640625 0.08349609375 0.10498046875
0 0.015625 0.53564453125 0.03125 0.0185546875
0 0.05712890625 0.53515625 0.052734375 0.02001953125
0 0.05810546875 0.59521484375 0.1162109375 0.0126953125
0 0.00244140625 0.630859375 0.0048828125 0.0078125
0 0.0146484375 0.63134765625 0.02001953125 0.00830078125
0 0.03466796875 0.630859375 0.02099609375 0.00830078125
0 0.00830078125 0.64404296875 0.0166015625 0.0087890625
0 0.0322265625 0.64453125 0.033203125 0.009765625
0 0.01220703125 0.6533203125 0.0244140625 0.009765625
0 0.03662109375 0.65380859375 0.0263671875 0.009765625
0 0.00927734375 0.68603515625 0.01171875 0.00927734375
0 0.02392578125 0.6865234375 0.01708984375 0.00830078125
0 0.04248046875 0.6865234375 0.02099609375 0.0087890625
0 0.00732421875 0.69677734375 0.0146484375 0.0107421875
0 0.02392578125 0.6962890625 0.02001953125 0.01123046875
0 0.04345703125 0.69677734375 0.02099609375 0.0107421875
0 0.013671875 0.70947265625 0.02734375 0.0087890625
0 0.04150390625 0.71044921875 0.02734375 0.00830078125
0 0.12841796875 0.69189453125 0.0078125 0.00341796875
0 0.24951171875 0.517578125 0.1240234375 0.05810546875
0 0.25390625 0.57568359375 0.12451171875 0.0595703125
0 0.39697265625 0.55078125 0.15576171875 0.11181640625
0 0.32421875 0.64599609375 0.02001953125 0.0283203125
0 0.38427734375 0.63916015625 0.099609375 0.04248046875
0 0.92626953125 0.53515625 0.0615234375 0.0576171875
0 0.97900390625 0.52294921875 0.0419921875 0.0556640625
0 0.78955078125 0.65966796875 0.25244140625 0.12744140625
0 0.685546875 0.7373046875 0.04931640625 0.04052734375
0 0.73193359375 0.7294921875 0.04345703125 0.0341796875
0 0.77197265625 0.724609375 0.0390625 0.0361328125
0 0.81396484375 0.71826171875 0.04248046875 0.04052734375
0 0.4951171875 0.87744140625 0.03125 0.0361328125
0 0.5263671875 0.87353515625 0.037109375 0.0361328125
0 0.560546875 0.8681640625 0.03369140625 0.0341796875
0 0.58984375 0.86474609375 0.02783203125 0.0361328125
0 0.61279296875 0.86181640625 0.015625 0.0341796875
0 0.63232421875 0.8583984375 0.0234375 0.04052734375
0 0.66357421875 0.85546875 0.037109375 0.0380859375
0 0.70947265625 0.8466796875 0.05712890625 0.04248046875
0 0.53466796875 0.96044921875 0.1103515625 0.0791015625
0 0.65283203125 0.94775390625 0.130859375 0.10009765625
0 0.7666015625 0.9267578125 0.0791015625 0.1083984375
0 0.8818359375 0.904296875 0.1328125 0.12353515625
0 0.97607421875 0.89208984375 0.0478515625 0.1123046875