0 0.23974609375 0.5673828125 0.0263671875 0.01708984375
0 0.26220703125 0.5693359375 0.0185546875 0.01708984375
0 0.28662109375 0.572265625 0.02978515625 0.0224609375
0 0.244140625 0.58447265625 0.02978515625 0.01708984375
0 0.27783203125 0.58642578125 0.03759765625 0.0205078125
0 0.2607421875 0.619140625 0.06005859375 0.044921875
0 0.25732421875 0.66064453125 0.076171875 0.052734375
0 0.2548828125 0.70947265625 0.083984375 0.05615234375
0 0.25048828125 0.75244140625 0.0615234375 0.0341796875
0 0.2177734375 0.3662109375 0.04736328125 0.0283203125
0 0.26171875 0.369140625 0.04736328125 0.0263671875
0 0.23046875 0.41455078125 0.0849609375 0.06787109375
0 0.30810546875 0.40576171875 0.072265625 0.0810546875
0 0.37939453125 0.41162109375 0.06982421875 0.08447265625
0 0.4443359375 0.4189453125 0.052734375 0.06591796875
0 0.4921875 0.42822265625 0.04638671875 0.0546875
0 0.4169921875 0.5185546875 0.0751953125 0.03564453125
0 0.47412109375 0.525390625 0.0400390625 0.03759765625
0 0.39990234375 0.5751953125 0.0712890625 0.095703125
0 0.46533203125 0.58642578125 0.0673828125 0.103515625
0 0.5244140625 0.5859375 0.05078125 0.111328125
0 0.3779296875 0.63134765625 0.01513671875 0.0205078125
0 0.39111328125 0.63232421875 0.01123046875 0.0224609375
0 0.4052734375 0.63330078125 0.02001953125 0.0244140625
0 0.5400390625 0.35107421875 0.01953125 0.1298828125
0 0.5185546875 0.13720703125 0.0185546875 0.01708984375
0 0.533203125 0.13916015625 0.0126953125 0.01708984375
0 0.54345703125 0.138671875 0.0126953125 0.017578125
0 0.54248046875 0.17138671875 0.0146484375 0.0380859375
0 0.52197265625 0.201171875 0.0224609375 0.0244140625
0 0.54150390625 0.20263671875 0.0166015625 0.0283203125
0 0.5185546875 0.2421875 0.01611328125 0.0244140625
0 0.60400390625 0.12841796875 0.1083984375 0.2568359375
0 0.83935546875 0.13427734375 0.3212890625 0.2685546875
0 0.84130859375 0.3076171875 0.0341796875 0.08203125
0 0.90087890625 0.3095703125 0.0732421875 0.08349609375
0 0.65576171875 0.93505859375 0.2119140625 0.1298828125
0 0.90234375 0.884765625 0.1953125 0.23046875