0 0.05859375 0.037109375 0.1171875 0.07421875
0 0.17919921875 0.0390625 0.1220703125 0.078125
0 0.05908203125 0.11376953125 0.06201171875 0.05078125
0 0.15185546875 0.11962890625 0.119140625 0.0546875
0 0.28466796875 0.04736328125 0.037109375 0.07421875
0 0.27001953125 0.11083984375 0.0322265625 0.091796875
0 0.2978515625 0.08056640625 0.02978515625 0.0859375
0 0.27001953125 0.16796875 0.015625 0.041015625
0 0.29443359375 0.1455078125 0.03076171875 0.05859375
0 0.56982421875 0.1572265625 0.21484375 0.2265625
0 0.69970703125 0.1328125 0.0751953125 0.0888671875
0 0.716796875 0.22900390625 0.1796875 0.1611328125
0 0.322265625 0.669921875 0.0546875 0.134765625
0 0.29248046875 0.79248046875 0.09375 0.10986328125
0 0.30078125 0.9296875 0.09765625 0.05859375
0 0.37890625 0.73291015625 0.05859375 0.0517578125
0 0.4658203125 0.7373046875 0.0947265625 0.03955078125
0 0.5458984375 0.73095703125 0.048828125 0.0517578125
0 0.607421875 0.73828125 0.0625 0.0615234375
0 0.357421875 0.7919921875 0.015625 0.02734375
0 0.41259765625 0.79248046875 0.0849609375 0.02734375
0 0.48046875 0.7939453125 0.048828125 0.02978515625