0 0.294921875 0.00390625 0.111328125 0.0078125
0 0.25146484375 0.1533203125 0.01708984375 0.017578125
0 0.9443359375 0.44091796875 0.0390625 0.0302734375
0 0.8720703125 0.80419921875 0.01123046875 0.01904296875
0 0.8974609375 0.8037109375 0.0390625 0.01953125
0 0.927734375 0.8017578125 0.01220703125 0.02001953125
0 0.95166015625 0.80078125 0.03662109375 0.01953125
0 0.9189453125 0.73974609375 0.1005859375 0.07421875
0 0.91796875 0.6845703125 0.0302734375 0.0078125
0 0.91796875 0.61376953125 0.0869140625 0.05419921875
0 0.86669921875 0.505859375 0.0283203125 0.03271484375
0 0.8955078125 0.50732421875 0.0263671875 0.02783203125
0 0.8642578125 0.53564453125 0.01708984375 0.01220703125
0 0.88037109375 0.5361328125 0.013671875 0.01171875
0 0.89453125 0.53515625 0.0126953125 0.01171875
0 0.908203125 0.5341796875 0.0146484375 0.01220703125
0 0.931640625 0.53369140625 0.0322265625 0.0146484375
0 0.869140625 0.5498046875 0.017578125 0.01220703125
0 0.9111328125 0.548828125 0.0654296875 0.0126953125
0 0.7373046875 0.541015625 0.0244140625 0.01953125
0 0.73193359375 0.54931640625 0.0126953125 0.01220703125
0 0.7431640625 0.548828125 0.0107421875 0.0146484375