0 0.2138671875 0.15283203125 0.142578125 0.236328125
0 0.322265625 0.19287109375 0.0625 0.18408203125
0 0.384765625 0.1787109375 0.06640625 0.23974609375
0 0.470703125 0.19091796875 0.109375 0.236328125
0 0.5751953125 0.22412109375 0.099609375 0.205078125
0 0.669921875 0.2587890625 0.09375 0.205078125
0 0.7744140625 0.26220703125 0.123046875 0.19775390625
0 0.87890625 0.28466796875 0.09765625 0.173828125
0 0.6044921875 0.513671875 0.123046875 0.09716796875
0 0.2802734375 0.796875 0.126953125 0.12158203125
0 0.3955078125 0.78466796875 0.099609375 0.1181640625
0 0.486328125 0.7900390625 0.08203125 0.0869140625
0 0.56640625 0.765625 0.07421875 0.12158203125
0 0.666015625 0.76220703125 0.12890625 0.11474609375
0 0.771484375 0.76025390625 0.08203125 0.111328125