0 0.291015625 0.24951171875 0.09765625 0.1181640625
0 0.2177734375 0.44140625 0.244140625 0.216796875
0 0.05029296875 0.45263671875 0.02001953125 0.0185546875
0 0.0537109375 0.4677734375 0.0224609375 0.021484375
0 0.41552734375 0.4306640625 0.1513671875 0.166015625
0 0.26953125 0.7177734375 0.095703125 0.08349609375
0 0.251953125 0.7939453125 0.0458984375 0.03857421875
0 0.29833984375 0.796875 0.015625 0.03662109375
0 0.3232421875 0.79833984375 0.02587890625 0.03857421875
0 0.2802734375 0.8037109375 0.0087890625 0.0107421875
0 0.38037109375 0.63134765625 0.0810546875 0.0400390625
0 0.52490234375 0.6328125 0.177734375 0.04833984375
0 0.42626953125 0.68017578125 0.1728515625 0.0439453125
0 0.59912109375 0.67724609375 0.14501953125 0.0498046875
0 0.75537109375 0.671875 0.13671875 0.044921875
0 0.900390625 0.67431640625 0.11962890625 0.046875
0 0.58837890625 0.736328125 0.4970703125 0.05078125
0 0.3642578125 0.7919921875 0.048828125 0.04296875
0 0.45166015625 0.7939453125 0.11328125 0.04345703125
0 0.58349609375 0.79345703125 0.12744140625 0.037109375
0 0.39208984375 0.85888671875 0.1044921875 0.0263671875
0 0.4697265625 0.86083984375 0.0322265625 0.025390625
0 0.6630859375 0.8623046875 0.3388671875 0.03955078125
0 0.41357421875 0.89306640625 0.1474609375 0.0263671875
0 0.56494140625 0.89794921875 0.13818359375 0.025390625
0 0.6611328125 0.89892578125 0.0341796875 0.02685546875