0 0.1572265625 0.009765625 0.08203125 0.01953125
0 0.13720703125 0.26904296875 0.013671875 0.00537109375
0 0.15576171875 0.26953125 0.009765625 0.005859375
0 0.1845703125 0.2685546875 0.00634765625 0.0068359375
0 0.2373046875 0.2705078125 0.01171875 0.0068359375
0 0.56298828125 0.01318359375 0.0263671875 0.0263671875
0 0.6162109375 0.01318359375 0.068359375 0.0263671875
0 0.68701171875 0.0126953125 0.0693359375 0.025390625
0 0.5556640625 0.04052734375 0.06787109375 0.0283203125
0 0.62841796875 0.0419921875 0.07080078125 0.02197265625
0 0.6923828125 0.0380859375 0.05712890625 0.02978515625
0 0.736328125 0.04296875 0.029296875 0.0263671875
0 0.5703125 0.0654296875 0.046875 0.015625
0 0.611328125 0.0654296875 0.03759765625 0.015625
0 0.6396484375 0.064453125 0.0185546875 0.01708984375
0 0.66748046875 0.064453125 0.03662109375 0.01708984375
0 0.70849609375 0.064453125 0.0458984375 0.01708984375
0 0.44921875 0.259765625 0.03564453125 0.0234375
0 0.54736328125 0.25390625 0.0341796875 0.01708984375
0 0.64990234375 0.2568359375 0.029296875 0.01708984375
0 0.75634765625 0.2568359375 0.03759765625 0.01708984375
0 0.8564453125 0.25830078125 0.04150390625 0.01708984375
0 0.9501953125 0.24365234375 0.03125 0.0185546875
0 0.24755859375 0.5927734375 0.0361328125 0.02734375
0 0.29443359375 0.58642578125 0.0537109375 0.0146484375
0 0.6298828125 0.58935546875 0.044921875 0.0205078125
0 0.7021484375 0.59033203125 0.08984375 0.0224609375
0 0.78759765625 0.59033203125 0.0673828125 0.0224609375
0 0.89892578125 0.591796875 0.1455078125 0.025390625
0 0.4677734375 0.64697265625 0.0771484375 0.03955078125
0 0.54931640625 0.6435546875 0.07421875 0.04541015625
0 0.6591796875 0.642578125 0.12451171875 0.0478515625
0 0.76611328125 0.64453125 0.0732421875 0.0478515625
0 0.8583984375 0.64599609375 0.0947265625 0.04150390625
0 0.94677734375 0.65283203125 0.06884765625 0.0517578125
0 0.61474609375 0.724609375 0.03515625 0.033203125
0 0.65478515625 0.7275390625 0.04736328125 0.03955078125
0 0.7099609375 0.72900390625 0.0634765625 0.04150390625
0 0.75341796875 0.7255859375 0.0283203125 0.03515625
0 0.80419921875 0.7255859375 0.0732421875 0.04345703125
0 0.85693359375 0.724609375 0.03271484375 0.033203125
0 0.8984375 0.7255859375 0.052734375 0.03125
0 0.95556640625 0.7255859375 0.0595703125 0.03125