0 0.291015625 0.2705078125 0.072265625 0.0439453125
0 0.35595703125 0.2744140625 0.05029296875 0.04248046875
0 0.43115234375 0.28125 0.09326171875 0.05224609375
0 0.50439453125 0.28515625 0.0478515625 0.0439453125
0 0.57763671875 0.29248046875 0.08935546875 0.0458984375
0 0.666015625 0.298828125 0.0771484375 0.0458984375
0 0.75439453125 0.3056640625 0.09423828125 0.0654296875
0 0.87890625 0.30810546875 0.1396484375 0.06396484375
0 0.51220703125 0.3642578125 0.09814453125 0.0751953125
0 0.6103515625 0.35888671875 0.07373046875 0.07373046875
0 0.0791015625 0.36767578125 0.0673828125 0.048828125
0 0.16552734375 0.369140625 0.095703125 0.04248046875
0 0.1123046875 0.400390625 0.0234375 0.01953125
0 0.14111328125 0.4013671875 0.0390625 0.021484375
0 0.12744140625 0.42138671875 0.0810546875 0.02294921875
0 0.322265625 0.46240234375 0.26953125 0.130859375
0 0.701171875 0.46728515625 0.4091796875 0.17626953125
0 0.05078125 0.5595703125 0.07958984375 0.07666015625
0 0.11474609375 0.55810546875 0.06005859375 0.06689453125
0 0.169921875 0.55810546875 0.06005859375 0.06689453125
0 0.2275390625 0.56201171875 0.06982421875 0.05859375
0 0.28125 0.56396484375 0.0380859375 0.05859375
0 0.3076171875 0.57373046875 0.0146484375 0.01318359375
0 0.33837890625 0.5693359375 0.04150390625 0.05078125
0 0.38525390625 0.56689453125 0.052734375 0.05859375
0 0.41845703125 0.5751953125 0.013671875 0.01611328125
0 0.447265625 0.57177734375 0.0439453125 0.048828125
0 0.4951171875 0.56640625 0.0537109375 0.06396484375
0 0.53076171875 0.57861328125 0.01220703125 0.01318359375
0 0.57666015625 0.56884765625 0.0771484375 0.0654296875
0 0.6396484375 0.5751953125 0.04638671875 0.05859375
0 0.6728515625 0.5810546875 0.01953125 0.04736328125
0 0.6904296875 0.5849609375 0.013671875 0.01611328125
0 0.72607421875 0.57666015625 0.0625 0.06201171875
0 0.7783203125 0.580078125 0.048828125 0.06201171875
0 0.81982421875 0.58251953125 0.03662109375 0.05712890625
0 0.8623046875 0.58251953125 0.05517578125 0.06396484375
0 0.90869140625 0.5947265625 0.0380859375 0.0556640625
0 0.95751953125 0.59326171875 0.06005859375 0.0654296875
0 0.03564453125 0.62890625 0.04638671875 0.03271484375
0 0.09423828125 0.63134765625 0.06640625 0.03125
0 0.158203125 0.63134765625 0.05615234375 0.03759765625
0 0.20751953125 0.63330078125 0.0380859375 0.03125
0 0.25927734375 0.63134765625 0.0625 0.041015625
0 0.29833984375 0.638671875 0.013671875 0.009765625
0 0.3564453125 0.634765625 0.1005859375 0.03759765625
0 0.4208984375 0.63720703125 0.02099609375 0.029296875
0 0.4404296875 0.640625 0.013671875 0.01318359375
0 0.49560546875 0.63818359375 0.0966796875 0.03759765625
0 0.57861328125 0.64306640625 0.06396484375 0.03125
0 0.6181640625 0.646484375 0.01123046875 0.01123046875
0 0.64599609375 0.6455078125 0.04150390625 0.029296875
0 0.7470703125 0.64892578125 0.15576171875 0.0361328125
0 0.83154296875 0.654296875 0.01123046875 0.01123046875