0 0.3828125 0.048828125 0.166015625 0.09765625
0 0.51025390625 0.017578125 0.0732421875 0.03515625
0 0.56787109375 0.0185546875 0.0439453125 0.037109375
0 0.53662109375 0.056640625 0.04248046875 0.05419921875
0 0.580078125 0.068359375 0.05859375 0.07421875
0 0.68896484375 0.0693359375 0.009765625 0.02392578125
0 0.69482421875 0.04931640625 0.01416015625 0.02392578125
0 0.705078125 0.03271484375 0.01416015625 0.02001953125
0 0.7158203125 0.0283203125 0.0078125 0.01318359375
0 0.7275390625 0.0341796875 0.01904296875 0.025390625
0 0.734375 0.0546875 0.01123046875 0.02685546875
0 0.71044921875 0.11572265625 0.01904296875 0.0146484375
0 0.69970703125 0.1376953125 0.01806640625 0.02392578125
0 0.72021484375 0.13037109375 0.01904296875 0.0224609375
0 0.62890625 0.232421875 0.0390625 0.0546875
0 0.6787109375 0.22265625 0.06005859375 0.0615234375
0 0.74560546875 0.2060546875 0.0771484375 0.0654296875
0 0.80908203125 0.1796875 0.0478515625 0.07861328125
0 0.88330078125 0.1630859375 0.10888671875 0.0986328125
0 0.9677734375 0.14892578125 0.064453125 0.0712890625
0 0.62451171875 0.2822265625 0.0302734375 0.05859375
0 0.71142578125 0.26220703125 0.13720703125 0.07080078125
0 0.05810546875 0.6787109375 0.1162109375 0.134765625
0 0.2353515625 0.68896484375 0.16162109375 0.109375
0 0.0869140625 0.81201171875 0.109375 0.107421875
0 0.1953125 0.818359375 0.08203125 0.10107421875
0 0.30419921875 0.826171875 0.1201171875 0.10498046875
0 0.06201171875 0.9384765625 0.1240234375 0.05859375
0 0.15625 0.94775390625 0.044921875 0.05078125
0 0.2265625 0.951171875 0.07470703125 0.048828125
0 0.63671875 0.51953125 0.05078125 0.0390625
0 0.697265625 0.51806640625 0.0546875 0.0361328125
0 0.7646484375 0.517578125 0.072265625 0.03515625
0 0.615234375 0.61572265625 0.01171875 0.0400390625
0 0.65478515625 0.6103515625 0.05224609375 0.0498046875
0 0.72119140625 0.60791015625 0.06591796875 0.05224609375
0 0.630859375 0.70947265625 0.04296875 0.0498046875
0 0.68359375 0.71142578125 0.05078125 0.0439453125
0 0.748046875 0.7099609375 0.0625 0.044921875
0 0.9296875 0.51513671875 0.080078125 0.0302734375
0 0.91064453125 0.61181640625 0.037109375 0.03466796875
0 0.91064453125 0.71044921875 0.037109375 0.03466796875
0 0.986328125 0.51513671875 0.02734375 0.0302734375
0 0.95849609375 0.70849609375 0.04736328125 0.0380859375
0 0.95849609375 0.60986328125 0.04736328125 0.03955078125
0 0.9931640625 0.609375 0.013671875 0.03515625