0 0.029296875 0.3525390625 0.05859375 0.046875
0 0.1416015625 0.48046875 0.0673828125 0.02490234375
0 0.0244140625 0.55322265625 0.048828125 0.0732421875
0 0.1240234375 0.55224609375 0.14013671875 0.068359375
0 0.4658203125 0.509765625 0.052734375 0.037109375
0 0.5068359375 0.51171875 0.033203125 0.04052734375
0 0.5517578125 0.51318359375 0.060546875 0.037109375
0 0.7333984375 0.525390625 0.029296875 0.037109375
0 0.8056640625 0.53173828125 0.115234375 0.04345703125
0 0.931640625 0.5419921875 0.13671875 0.041015625
0 0.5693359375 0.3251953125 0.138671875 0.052734375
0 0.681640625 0.32666015625 0.08203125 0.0556640625
0 0.763671875 0.33935546875 0.078125 0.0498046875
0 0.5107421875 0.4228515625 0.142578125 0.130859375
0 0.671875 0.427734375 0.19140625 0.13330078125
0 0.033203125 0.66259765625 0.06640625 0.0263671875
0 0.12939453125 0.6650390625 0.1103515625 0.03125
0 0.23681640625 0.666015625 0.0927734375 0.033203125
0 0.34716796875 0.66943359375 0.1142578125 0.0400390625
0 0.42431640625 0.67041015625 0.0302734375 0.0419921875
0 0.2216796875 0.72265625 0.046875 0.029296875
0 0.275390625 0.728515625 0.05224609375 0.03759765625
0 0.330078125 0.7294921875 0.048828125 0.03466796875
0 0.3671875 0.728515625 0.02099609375 0.029296875
0 0.4091796875 0.73095703125 0.05322265625 0.0400390625
0 0.5322265625 0.81005859375 0.1708984375 0.2431640625
0 0.73876953125 0.88037109375 0.1357421875 0.2275390625