0 0.0341796875 0.0400390625 0.068359375 0.041015625
0 0.1201171875 0.0390625 0.087890625 0.044921875
0 0.236328125 0.0302734375 0.1328125 0.048828125
0 0.353515625 0.02392578125 0.0859375 0.0478515625
0 0.0283203125 0.1083984375 0.056640625 0.09375
0 0.28515625 0.1015625 0.41796875 0.1005859375
0 0.0654296875 0.21240234375 0.103515625 0.06591796875
0 0.1630859375 0.2109375 0.083984375 0.0693359375
0 0.2373046875 0.208984375 0.056640625 0.06591796875
0 0.3173828125 0.2158203125 0.095703125 0.06591796875
0 0.4169921875 0.2041015625 0.095703125 0.0693359375
0 0.0302734375 0.2900390625 0.060546875 0.0625
0 0.1181640625 0.28369140625 0.103515625 0.0693359375
0 0.2353515625 0.28369140625 0.119140625 0.0693359375
0 0.3486328125 0.2783203125 0.087890625 0.07275390625
0 0.4541015625 0.27685546875 0.111328125 0.0693359375
0 0.5576171875 0.02001953125 0.033203125 0.0400390625
0 0.6220703125 0.01904296875 0.087890625 0.0380859375
0 0.7119140625 0.0205078125 0.087890625 0.041015625
0 0.5283203125 0.0693359375 0.017578125 0.046875
0 0.57421875 0.068359375 0.0703125 0.04931640625
0 0.642578125 0.07080078125 0.0625 0.04443359375
0 0.712890625 0.07080078125 0.078125 0.04443359375
0 0.8037109375 0.07373046875 0.099609375 0.0546875
0 0.529296875 0.11328125 0.01953125 0.025390625
0 0.5478515625 0.11279296875 0.017578125 0.0234375
0 0.5791015625 0.115234375 0.044921875 0.0234375
0 0.6484375 0.115234375 0.09765625 0.0234375
0 0.732421875 0.115234375 0.078125 0.0234375
0 0.818359375 0.115234375 0.09375 0.0234375
0 0.5615234375 0.142578125 0.025390625 0.02099609375
0 0.5810546875 0.14404296875 0.017578125 0.01806640625
0 0.611328125 0.14501953125 0.03515625 0.02099609375
0 0.6416015625 0.14501953125 0.029296875 0.02099609375
0 0.6796875 0.14501953125 0.046875 0.02099609375
0 0.708984375 0.14404296875 0.0234375 0.01806640625
0 0.7333984375 0.14404296875 0.029296875 0.01806640625
0 0.1435546875 0.97119140625 0.0986328125 0.044921875
0 0.24169921875 0.97509765625 0.10498046875 0.04345703125
0 0.3505859375 0.9814453125 0.115234375 0.037109375
0 0.462890625 0.97900390625 0.11328125 0.0419921875
0 0.83056640625 0.982421875 0.017578125 0.03125
0 0.85107421875 0.98095703125 0.013671875 0.02783203125
0 0.857421875 0.99609375 0.02734375 0.0078125
0 0.9501953125 0.98876953125 0.033203125 0.0224609375