0 0.0419921875 0.435546875 0.083984375 0.107421875
0 0.376953125 0.2060546875 0.013671875 0.044921875
0 0.3916015625 0.2080078125 0.0234375 0.04150390625
0 0.416015625 0.2080078125 0.033203125 0.04150390625
0 0.291015625 0.81005859375 0.103515625 0.0224609375
0 0.2080078125 0.84619140625 0.05224609375 0.0244140625
0 0.279296875 0.84814453125 0.0693359375 0.0244140625
0 0.2841796875 0.88330078125 0.07568359375 0.01806640625
0 0.34423828125 0.87890625 0.0302734375 0.02734375
0 0.251953125 0.91748046875 0.078125 0.0322265625
0 0.32373046875 0.919921875 0.0712890625 0.041015625
0 0.5380859375 0.91357421875 0.0595703125 0.1044921875
0 0.58740234375 0.89501953125 0.037109375 0.10205078125
0 0.63232421875 0.8759765625 0.0498046875 0.1083984375
0 0.69287109375 0.85791015625 0.0634765625 0.1044921875
0 0.77099609375 0.8193359375 0.06640625 0.12255859375
0 0.82421875 0.79736328125 0.03515625 0.11572265625
0 0.58837890625 0.9658203125 0.03759765625 0.060546875
0 0.63134765625 0.94921875 0.046875 0.0634765625
0 0.71435546875 0.91748046875 0.11474609375 0.08984375
0 0.7626953125 0.97314453125 0.09375 0.0537109375
0 0.849609375 0.9658203125 0.07421875 0.068359375