0 0.548828125 0.3193359375 0.18017578125 0.056640625
0 0.65771484375 0.3251953125 0.0439453125 0.04541015625
0 0.576171875 0.40234375 0.23486328125 0.1044921875
0 0.4560546875 0.5185546875 0.38720703125 0.11962890625
0 0.8056640625 0.52587890625 0.28369140625 0.13037109375
0 0.3798828125 0.60546875 0.1435546875 0.0673828125
0 0.4658203125 0.60302734375 0.0419921875 0.05419921875
0 0.509765625 0.6064453125 0.04541015625 0.0478515625
0 0.5576171875 0.60546875 0.0439453125 0.05419921875
0 0.6025390625 0.60546875 0.0595703125 0.05859375
0 0.64990234375 0.60986328125 0.0419921875 0.0498046875
0 0.7021484375 0.615234375 0.06640625 0.04345703125
0 0.77685546875 0.6162109375 0.08251953125 0.0673828125