0 0.0087890625 0.0625 0.017578125 0.03515625
0 0.10302734375 0.04541015625 0.1533203125 0.0908203125
0 0.26708984375 0.0361328125 0.1611328125 0.072265625
0 0.41796875 0.02783203125 0.125 0.0556640625
0 0.06884765625 0.14453125 0.1123046875 0.072265625
0 0.17236328125 0.12939453125 0.0830078125 0.08251953125
0 0.255859375 0.1279296875 0.0732421875 0.06005859375
0 0.34423828125 0.11181640625 0.08447265625 0.07763671875
0 0.44091796875 0.10888671875 0.0966796875 0.0869140625
0 0.02734375 0.20703125 0.0546875 0.0625
0 0.06396484375 0.21435546875 0.015625 0.017578125
0 0.10791015625 0.21044921875 0.0703125 0.06005859375
0 0.16845703125 0.19921875 0.05908203125 0.0625
0 0.23193359375 0.189453125 0.06494140625 0.0625
0 0.2685546875 0.20068359375 0.01708984375 0.01513671875
0 0.31005859375 0.1943359375 0.06591796875 0.0576171875
0 0.36767578125 0.18701171875 0.05224609375 0.052734375
0 0.42529296875 0.18798828125 0.060546875 0.06494140625
0 0.029296875 0.2607421875 0.05859375 0.044921875
0 0.0869140625 0.2568359375 0.06201171875 0.052734375
0 0.12548828125 0.25830078125 0.015625 0.02001953125
0 0.1650390625 0.251953125 0.0634765625 0.04736328125
0 0.23046875 0.2470703125 0.076171875 0.052734375
0 0.2880859375 0.2431640625 0.03955078125 0.0498046875
0 0.3388671875 0.2392578125 0.05908203125 0.052734375
0 0.40087890625 0.24072265625 0.06201171875 0.0498046875
0 0.029296875 0.31689453125 0.05859375 0.0673828125
0 0.1142578125 0.31201171875 0.10009765625 0.0673828125
0 0.236328125 0.30712890625 0.140625 0.07763671875
0 0.34716796875 0.3017578125 0.08154296875 0.0673828125
0 0.43359375 0.296875 0.08837890625 0.0673828125
0 0.0224609375 0.39013671875 0.044921875 0.0654296875
0 0.08935546875 0.38330078125 0.0859375 0.06494140625
0 0.17138671875 0.37939453125 0.08447265625 0.0625
0 0.39892578125 0.37060546875 0.1806640625 0.0751953125
0 0.8486328125 0.03759765625 0.0498046875 0.02783203125
0 0.89013671875 0.1376953125 0.166015625 0.16015625
0 0.990234375 0.1220703125 0.01953125 0.06640625
0 0.02294921875 0.57373046875 0.0458984375 0.0888671875
0 0.10205078125 0.55908203125 0.1044921875 0.0595703125
0 0.05810546875 0.95947265625 0.04736328125 0.05126953125
0 0.1181640625 0.94384765625 0.07177734375 0.06396484375
0 0.17626953125 0.9384765625 0.0400390625 0.06005859375
0 0.22998046875 0.93310546875 0.0615234375 0.06396484375
0 0.30126953125 0.9267578125 0.0771484375 0.06591796875
0 0.0595703125 0.98779296875 0.056640625 0.0244140625
0 0.12548828125 0.98681640625 0.0732421875 0.0263671875
0 0.2021484375 0.98291015625 0.078125 0.0341796875
0 0.29345703125 0.98046875 0.0966796875 0.0390625
0 0.59423828125 0.59912109375 0.193359375 0.060546875
0 0.7373046875 0.61669921875 0.087890625 0.04443359375
0 0.61181640625 0.693359375 0.2451171875 0.150390625
0 0.63720703125 0.8173828125 0.2958984375 0.162109375
0 0.6337890625 0.9287109375 0.2890625 0.142578125