0 0.013671875 0.36181640625 0.02734375 0.0615234375
0 0.0087890625 0.291015625 0.017578125 0.08203125
0 0.34375 0.0458984375 0.01904296875 0.01171875
0 0.3564453125 0.0703125 0.005859375 0.009765625
0 0.322265625 0.0888671875 0.01953125 0.01904296875
0 0.3408203125 0.08544921875 0.0185546875 0.0146484375
0 0.35546875 0.08740234375 0.0078125 0.0185546875
0 0.33740234375 0.09912109375 0.0185546875 0.013671875
0 0.35107421875 0.09912109375 0.00830078125 0.013671875
0 0.33642578125 0.12158203125 0.0458984375 0.0341796875
0 0.5419921875 0.15087890625 0.22119140625 0.18017578125
0 0.779296875 0.1591796875 0.20751953125 0.1357421875
0 0.33740234375 0.6796875 0.0439453125 0.04296875
0 0.35205078125 0.71337890625 0.0146484375 0.0224609375
0 0.3896484375 0.76708984375 0.048828125 0.08203125
0 0.4248046875 0.77001953125 0.025390625 0.0703125
0 0.4541015625 0.7685546875 0.037109375 0.0908203125
0 0.4931640625 0.7685546875 0.041015625 0.0908203125