0 0.5224609375 0.59619140625 0.14208984375 0.10546875
0 0.4384765625 0.70458984375 0.04638671875 0.08837890625
0 0.49169921875 0.716796875 0.052734375 0.08251953125
0 0.5322265625 0.70751953125 0.03076171875 0.07080078125
0 0.556640625 0.70849609375 0.01806640625 0.0693359375
0 0.59619140625 0.70068359375 0.05908203125 0.08837890625
0 0.43017578125 0.80224609375 0.03466796875 0.08056640625
0 0.45947265625 0.80810546875 0.0322265625 0.0654296875
0 0.49853515625 0.80322265625 0.04638671875 0.07861328125
0 0.537109375 0.80322265625 0.03076171875 0.07861328125
0 0.5615234375 0.80517578125 0.015625 0.07470703125
0 0.60009765625 0.79833984375 0.05908203125 0.08837890625
0 0.64404296875 0.8916015625 0.0986328125 0.0556640625
0 0.57568359375 0.953125 0.04638671875 0.0556640625
0 0.61328125 0.951171875 0.0322265625 0.0673828125
0 0.64892578125 0.947265625 0.04345703125 0.07470703125