0 0.1767578125 0.0205078125 0.056640625 0.041015625
0 0.39697265625 0.0234375 0.0517578125 0.046875
0 0.60400390625 0.02294921875 0.0654296875 0.0458984375
0 0.0185546875 0.2392578125 0.037109375 0.111328125
0 0.015625 0.36865234375 0.03125 0.0400390625
0 0.14208984375 0.37353515625 0.05078125 0.0400390625
0 0.19287109375 0.37255859375 0.05078125 0.04443359375
0 0.13720703125 0.4169921875 0.0498046875 0.03564453125
0 0.193359375 0.41845703125 0.056640625 0.04443359375
0 0.1064453125 0.45751953125 0.04345703125 0.03857421875
0 0.15478515625 0.45654296875 0.048828125 0.04296875
0 0.21533203125 0.458984375 0.06494140625 0.03857421875
0 0.35546875 0.37646484375 0.0703125 0.04296875
0 0.421875 0.37548828125 0.0595703125 0.04150390625
0 0.35302734375 0.4169921875 0.0673828125 0.03857421875
0 0.423828125 0.41845703125 0.06591796875 0.04150390625
0 0.33203125 0.4609375 0.0498046875 0.0400390625
0 0.3779296875 0.4609375 0.03466796875 0.04296875
0 0.43115234375 0.46044921875 0.0693359375 0.04443359375
0 0.33544921875 0.50048828125 0.03466796875 0.05029296875
0 0.3798828125 0.5078125 0.0498046875 0.04736328125
0 0.4296875 0.50244140625 0.0498046875 0.048828125
0 0.56982421875 0.38134765625 0.060546875 0.05029296875
0 0.62060546875 0.3837890625 0.0380859375 0.04296875
0 0.58935546875 0.41650390625 0.03466796875 0.048828125
0 0.62158203125 0.423828125 0.0361328125 0.037109375
0 0.5400390625 0.46484375 0.04443359375 0.04736328125
0 0.59912109375 0.46484375 0.0693359375 0.04150390625
0 0.5625 0.5087890625 0.0986328125 0.0400390625
0 0.6279296875 0.51123046875 0.0234375 0.0458984375
0 0.23388671875 0.7021484375 0.1025390625 0.09814453125
0 0.3203125 0.7099609375 0.05712890625 0.11474609375
0 0.396484375 0.7177734375 0.0849609375 0.095703125
0 0.46630859375 0.71875 0.06103515625 0.08984375
0 0.53857421875 0.70947265625 0.072265625 0.08740234375
0 0.603515625 0.71240234375 0.048828125 0.0771484375
0 0.18359375 0.7841796875 0.0380859375 0.04638671875
0 0.22265625 0.78466796875 0.03369140625 0.04541015625
0 0.26318359375 0.787109375 0.0458984375 0.04638671875
0 0.3076171875 0.783203125 0.03662109375 0.04833984375
0 0.34912109375 0.78173828125 0.05126953125 0.037109375
0 0.4013671875 0.787109375 0.0498046875 0.04443359375
0 0.4462890625 0.78662109375 0.0419921875 0.0419921875
0 0.48583984375 0.78271484375 0.03173828125 0.03662109375
0 0.00244140625 0.9736328125 0.0048828125 0.052734375
0 0.8046875 0.7880859375 0.330078125 0.396484375