0 0.11376953125 0.275390625 0.2275390625 0.09765625
0 0.09423828125 0.36962890625 0.17529296875 0.08984375
0 0.1103515625 0.46142578125 0.220703125 0.0751953125
0 0.02880859375 0.51171875 0.0576171875 0.037109375
0 0.13037109375 0.521484375 0.1357421875 0.03564453125
0 0.03955078125 0.5478515625 0.0791015625 0.02734375
0 0.10791015625 0.5517578125 0.0576171875 0.029296875
0 0.16357421875 0.55615234375 0.0517578125 0.0263671875
0 0.08349609375 0.5654296875 0.0615234375 0.0078125
0 0.3125 0.6162109375 0.0263671875 0.06494140625
0 0.33544921875 0.58056640625 0.0244140625 0.0224609375
0 0.3642578125 0.57666015625 0.017578125 0.0146484375
0 0.38671875 0.58837890625 0.0224609375 0.0361328125
0 0.4033203125 0.6298828125 0.0224609375 0.0517578125
0 0.33056640625 0.72314453125 0.017578125 0.01806640625
0 0.34814453125 0.72412109375 0.02001953125 0.02001953125
0 0.36572265625 0.72412109375 0.01513671875 0.02001953125
0 0.380859375 0.72509765625 0.017578125 0.01806640625
0 0.09130859375 0.76123046875 0.06103515625 0.04931640625
0 0.15771484375 0.7646484375 0.03125 0.0517578125
0 0.224609375 0.763671875 0.06005859375 0.05859375
0 0.3037109375 0.7724609375 0.05859375 0.05859375
0 0.36962890625 0.76806640625 0.03271484375 0.06298828125
0 0.42529296875 0.779296875 0.0439453125 0.0537109375
0 0.47119140625 0.78173828125 0.0166015625 0.0537109375
0 0.185546875 0.8173828125 0.03271484375 0.02685546875
0 0.25439453125 0.81982421875 0.08984375 0.02685546875
0 0.34521484375 0.82177734375 0.083984375 0.02685546875
0 0.40185546875 0.8251953125 0.017578125 0.02490234375
0 0.42626953125 0.8251953125 0.0185546875 0.02490234375
0 0.45263671875 0.82666015625 0.021484375 0.02685546875
0 0.83349609375 0.8154296875 0.01123046875 0.01904296875