0 0.16552734375 0.087890625 0.3173828125 0.17578125
0 0.72705078125 0.1005859375 0.03564453125 0.01904296875
0 0.22802734375 0.60986328125 0.4560546875 0.2998046875
0 0.4951171875 0.58154296875 0.16796875 0.2431640625
0 0.06005859375 0.79443359375 0.1201171875 0.1396484375
0 0.21484375 0.7841796875 0.18115234375 0.1318359375
0 0.41259765625 0.77587890625 0.19873046875 0.134765625
0 0.548828125 0.78515625 0.060546875 0.13671875
0 0.04150390625 0.9287109375 0.0830078125 0.11328125
0 0.20947265625 0.91943359375 0.23486328125 0.11181640625
0 0.45556640625 0.912109375 0.2470703125 0.1015625
0 0.18017578125 0.986328125 0.1279296875 0.02734375
0 0.51318359375 0.982421875 0.0986328125 0.03515625
0 0.86572265625 0.578125 0.01806640625 0.0146484375
0 0.88427734375 0.57568359375 0.02099609375 0.0166015625
0 0.85009765625 0.6494140625 0.07861328125 0.037109375
0 0.91943359375 0.638671875 0.0615234375 0.03271484375
0 0.86328125 0.6796875 0.03759765625 0.029296875
0 0.90234375 0.67529296875 0.0458984375 0.03515625
0 0.85986328125 0.712890625 0.06396484375 0.0322265625
0 0.919921875 0.705078125 0.05615234375 0.03271484375
0 0.86279296875 0.7470703125 0.05126953125 0.0302734375
0 0.91748046875 0.73876953125 0.05810546875 0.03515625
0 0.8232421875 0.78369140625 0.0478515625 0.03125
0 0.86376953125 0.78076171875 0.0322265625 0.0302734375
0 0.90625 0.77734375 0.04736328125 0.029296875
0 0.962890625 0.7705078125 0.068359375 0.03271484375
0 0.87255859375 0.81396484375 0.08056640625 0.03125
0 0.94091796875 0.806640625 0.0537109375 0.037109375
0 0.84716796875 0.8505859375 0.0302734375 0.02734375
0 0.888671875 0.84765625 0.05224609375 0.029296875
0 0.94580078125 0.84423828125 0.064453125 0.0302734375