0 0.677734375 0.1015625 0.12255859375 0.0673828125
0 0.53857421875 0.1279296875 0.0625 0.0654296875
0 0.619140625 0.14697265625 0.08837890625 0.076171875
0 0.70556640625 0.16455078125 0.08203125 0.07080078125
0 0.55517578125 0.0888671875 0.01171875 0.00927734375
0 0.57080078125 0.09326171875 0.0185546875 0.01123046875
0 0.39208984375 0.32958984375 0.041015625 0.04052734375
0 0.42236328125 0.29638671875 0.03857421875 0.03759765625
0 0.40869140625 0.3623046875 0.10302734375 0.1025390625
0 0.39599609375 0.47998046875 0.0625 0.12353515625
0 0.3935546875 0.64013671875 0.06884765625 0.13037109375
0 0.68505859375 0.44873046875 0.013671875 0.00537109375
0 0.70361328125 0.44921875 0.009765625 0.005859375
0 0.732421875 0.4482421875 0.00634765625 0.0068359375
0 0.78515625 0.4501953125 0.01171875 0.0068359375
0 0.17529296875 0.49658203125 0.0185546875 0.00390625
0 0.00927734375 0.40673828125 0.0107421875 0.01708984375