0 0.29443359375 0.0224609375 0.0927734375 0.044921875
0 0.29736328125 0.05517578125 0.1962890625 0.1103515625
0 0.23681640625 0.1240234375 0.0810546875 0.05615234375
0 0.33203125 0.08544921875 0.10498046875 0.0654296875
0 0.1962890625 0.44921875 0.0927734375 0.060546875
0 0.30712890625 0.44873046875 0.123046875 0.07470703125
0 0.42041015625 0.439453125 0.095703125 0.06396484375
0 0.52001953125 0.4287109375 0.08837890625 0.0712890625
0 0.59521484375 0.42236328125 0.0478515625 0.0712890625
0 0.2919921875 0.53076171875 0.1181640625 0.07177734375
0 0.4072265625 0.5205078125 0.10302734375 0.05810546875
0 0.51708984375 0.5107421875 0.09814453125 0.07177734375
0 0.73681640625 0.263671875 0.12744140625 0.365234375
0 0.8720703125 0.28955078125 0.14111328125 0.296875
0 0.44140625 0.63525390625 0.1875 0.0712890625
0 0.8955078125 0.91162109375 0.0859375 0.046875
0 0.97021484375 0.9111328125 0.0595703125 0.041015625
0 0.775390625 0.953125 0.041015625 0.04150390625
0 0.833984375 0.95458984375 0.076171875 0.04443359375
0 0.8935546875 0.95703125 0.03515625 0.03369140625
0 0.9462890625 0.953125 0.0625 0.03662109375
0 0.99072265625 0.951171875 0.0185546875 0.0390625
0 0.8857421875 0.9931640625 0.0625 0.013671875
0 0.951171875 0.98828125 0.068359375 0.0234375