0 0.3642578125 0.1904296875 0.06005859375 0.05078125
0 0.43115234375 0.19482421875 0.07080078125 0.05615234375
0 0.4921875 0.19482421875 0.04541015625 0.05419921875
0 0.53759765625 0.189453125 0.04443359375 0.046875
0 0.58544921875 0.18798828125 0.04638671875 0.0478515625
0 0.63232421875 0.19189453125 0.04736328125 0.0478515625
0 0.28515625 0.2490234375 0.0517578125 0.03857421875
0 0.3310546875 0.24462890625 0.03857421875 0.04296875
0 0.3779296875 0.2431640625 0.04833984375 0.0498046875
0 0.41015625 0.25146484375 0.01123046875 0.00830078125
0 0.45556640625 0.2451171875 0.0751953125 0.0458984375
0 0.51171875 0.248046875 0.033203125 0.0439453125
0 0.55126953125 0.24658203125 0.041015625 0.044921875
0 0.59228515625 0.244140625 0.03515625 0.04052734375
0 0.638671875 0.244140625 0.0537109375 0.0478515625
0 0.681640625 0.2412109375 0.02734375 0.0439453125
0 0.71484375 0.24560546875 0.03369140625 0.048828125
0 0.38916015625 0.2958984375 0.017578125 0.04052734375
0 0.42578125 0.29345703125 0.0498046875 0.04296875
0 0.46435546875 0.2958984375 0.02490234375 0.03857421875
0 0.49609375 0.29345703125 0.03271484375 0.03955078125
0 0.5361328125 0.29541015625 0.04052734375 0.046875
0 0.5810546875 0.29248046875 0.0439453125 0.03955078125
0 0.42919921875 0.34521484375 0.0224609375 0.0234375
0 0.45361328125 0.34814453125 0.02734375 0.025390625
0 0.48486328125 0.34716796875 0.03369140625 0.025390625
0 0.53759765625 0.34521484375 0.07421875 0.0234375
0 0.30859375 0.1240234375 0.021484375 0.01220703125
0 0.32666015625 0.123046875 0.01708984375 0.01416015625
0 0.34326171875 0.12255859375 0.017578125 0.01513671875
0 0.28076171875 0.13671875 0.02880859375 0.01318359375
0 0.30126953125 0.1376953125 0.013671875 0.01318359375
0 0.31640625 0.138671875 0.01611328125 0.01513671875
0 0.3310546875 0.13720703125 0.01416015625 0.01220703125
0 0.3486328125 0.13720703125 0.021484375 0.01416015625
0 0.365234375 0.13525390625 0.0126953125 0.01220703125
0 0.376953125 0.13671875 0.01513671875 0.01708984375
0 0.669921875 0.072265625 0.02294921875 0.01513671875
0 0.6630859375 0.0869140625 0.01513671875 0.017578125
0 0.6767578125 0.0859375 0.013671875 0.021484375
0 0.64892578125 0.1181640625 0.0224609375 0.01318359375
0 0.6640625 0.11865234375 0.0107421875 0.01416015625
0 0.6748046875 0.1162109375 0.01171875 0.01513671875
0 0.6904296875 0.1162109375 0.0205078125 0.01513671875
0 0.623046875 0.130859375 0.02392578125 0.01611328125
0 0.6435546875 0.13134765625 0.021484375 0.01708984375
0 0.6591796875 0.130859375 0.0126953125 0.01220703125
0 0.673828125 0.13134765625 0.01708984375 0.01318359375
0 0.6884765625 0.130859375 0.01318359375 0.01220703125
0 0.70166015625 0.130859375 0.01416015625 0.01611328125
0 0.7158203125 0.1298828125 0.01953125 0.01416015625