0 0.2705078125 0.232421875 0.1171875 0.154296875
0 0.263671875 0.3740234375 0.12646484375 0.0732421875
0 0.01220703125 0.89794921875 0.0244140625 0.0244140625
0 0.03369140625 0.8994140625 0.0126953125 0.021484375
0 0.11865234375 0.75048828125 0.12548828125 0.068359375
0 0.21337890625 0.7587890625 0.04541015625 0.06005859375
0 0.259765625 0.61865234375 0.09619140625 0.07568359375
0 0.36181640625 0.71240234375 0.0654296875 0.1240234375
0 0.455078125 0.7294921875 0.1162109375 0.1279296875
0 0.59716796875 0.75390625 0.162109375 0.13916015625
0 0.7294921875 0.76708984375 0.099609375 0.1201171875
0 0.912109375 0.86474609375 0.138671875 0.2705078125