0 0.4443359375 0.01220703125 0.05078125 0.0244140625
0 0.4990234375 0.00927734375 0.05859375 0.0185546875
0 0.4052734375 0.04638671875 0.0478515625 0.03125
0 0.44580078125 0.04345703125 0.0322265625 0.0302734375
0 0.48828125 0.0400390625 0.04736328125 0.029296875
0 0.544921875 0.033203125 0.068359375 0.03271484375
0 0.45458984375 0.07666015625 0.08056640625 0.03125
0 0.52294921875 0.0693359375 0.0537109375 0.037109375
0 0.42919921875 0.11328125 0.0302734375 0.02734375
0 0.470703125 0.1103515625 0.05224609375 0.029296875
0 0.52783203125 0.10693359375 0.064453125 0.0302734375
0 0.8916015625 0.3466796875 0.216796875 0.197265625
0 0.0380859375 0.48974609375 0.05859375 0.0810546875
0 0.09814453125 0.482421875 0.0654296875 0.06640625
0 0.1669921875 0.46533203125 0.06640625 0.0322265625
0 0.21240234375 0.82275390625 0.04736328125 0.05126953125
0 0.2724609375 0.80712890625 0.07177734375 0.06396484375
0 0.33056640625 0.8017578125 0.0400390625 0.06005859375
0 0.38427734375 0.79638671875 0.0615234375 0.06396484375
0 0.45556640625 0.7900390625 0.0771484375 0.06591796875
0 0.2138671875 0.873046875 0.056640625 0.0673828125
0 0.2802734375 0.8671875 0.07275390625 0.06005859375
0 0.35693359375 0.86279296875 0.078125 0.06591796875
0 0.4482421875 0.8564453125 0.09619140625 0.06396484375
0 0.26904296875 0.91943359375 0.07470703125 0.05859375
0 0.33837890625 0.92578125 0.0615234375 0.06005859375
0 0.40478515625 0.923828125 0.0654296875 0.06396484375
0 0.47021484375 0.923828125 0.05859375 0.06396484375
0 0.22900390625 0.97705078125 0.0810546875 0.0458984375
0 0.31591796875 0.978515625 0.0908203125 0.04296875
0 0.43359375 0.98046875 0.140625 0.0390625