0 0.22509765625 0.0224609375 0.0224609375 0.02783203125
0 0.2568359375 0.0224609375 0.03759765625 0.02978515625
0 0.29248046875 0.025390625 0.0322265625 0.02490234375
0 0.32177734375 0.02392578125 0.0224609375 0.02490234375
0 0.35009765625 0.02490234375 0.03564453125 0.02685546875
0 0.38427734375 0.02685546875 0.03173828125 0.02392578125
0 0.4169921875 0.025390625 0.03076171875 0.02685546875
0 0.44970703125 0.02880859375 0.03173828125 0.02783203125
0 0.2734375 0.05224609375 0.064453125 0.02490234375
0 0.32861328125 0.05322265625 0.041015625 0.021484375
0 0.375 0.052734375 0.046875 0.0224609375
0 0.41943359375 0.05224609375 0.0361328125 0.02490234375
0 0.2900390625 0.13037109375 0.14501953125 0.06201171875
0 0.41845703125 0.12744140625 0.10888671875 0.0732421875
0 0.20361328125 0.19189453125 0.06298828125 0.0390625
0 0.26416015625 0.193359375 0.05322265625 0.0361328125
0 0.3046875 0.1943359375 0.02392578125 0.0361328125
0 0.330078125 0.1953125 0.0283203125 0.033203125
0 0.361328125 0.19482421875 0.03125 0.0361328125
0 0.3984375 0.1943359375 0.0380859375 0.0400390625
0 0.44140625 0.197265625 0.04443359375 0.0390625
0 0.48583984375 0.19970703125 0.04052734375 0.04345703125
0 0.2138671875 0.2333984375 0.0234375 0.04052734375
0 0.23828125 0.23828125 0.02392578125 0.02978515625
0 0.27392578125 0.236328125 0.04443359375 0.037109375
0 0.3173828125 0.23876953125 0.03857421875 0.0341796875
0 0.36572265625 0.2373046875 0.05322265625 0.037109375
0 0.41455078125 0.2392578125 0.0390625 0.03515625
0 0.45654296875 0.2412109375 0.04052734375 0.0341796875
0 0.25 0.27978515625 0.0341796875 0.02783203125
0 0.28125 0.2802734375 0.02880859375 0.0341796875
0 0.31005859375 0.28369140625 0.029296875 0.03125
0 0.33251953125 0.28125 0.0146484375 0.02490234375
0 0.357421875 0.283203125 0.03466796875 0.0322265625
0 0.3828125 0.28076171875 0.01611328125 0.02587890625
0 0.4033203125 0.28271484375 0.02783203125 0.02392578125
0 0.431640625 0.28173828125 0.03076171875 0.02783203125
0 0.64794921875 0.10009765625 0.1376953125 0.04296875
0 0.64599609375 0.15478515625 0.18115234375 0.04931640625
0 0.60107421875 0.197265625 0.0517578125 0.021484375
0 0.677734375 0.19482421875 0.0966796875 0.02197265625
0 0.74462890625 0.19091796875 0.0380859375 0.02392578125
0 0.7978515625 0.18994140625 0.068359375 0.025390625
0 0.837890625 0.123046875 0.17138671875 0.10400390625
0 0.9609375 0.111328125 0.078125 0.09375
0 0.58056640625 0.85693359375 0.1025390625 0.0732421875
0 0.6591796875 0.86328125 0.04833984375 0.060546875
0 0.7333984375 0.87353515625 0.09326171875 0.060546875
0 0.5478515625 0.916015625 0.037109375 0.091796875
0 0.595703125 0.92529296875 0.0849609375 0.07861328125
0 0.6591796875 0.939453125 0.05810546875 0.0556640625
0 0.7109375 0.935546875 0.05810546875 0.0732421875
0 0.771484375 0.94677734375 0.08642578125 0.060546875
0 0.55517578125 0.97998046875 0.03662109375 0.03564453125
0 0.591796875 0.978515625 0.03662109375 0.0380859375
0 0.6279296875 0.98486328125 0.037109375 0.0302734375
0 0.65771484375 0.98583984375 0.0263671875 0.0283203125
0 0.69189453125 0.98583984375 0.0419921875 0.0283203125
0 0.7294921875 0.98583984375 0.037109375 0.0283203125
0 0.7685546875 0.98583984375 0.041015625 0.0283203125
0 0.80224609375 0.9912109375 0.0244140625 0.017578125
0 0.8330078125 0.9921875 0.04296875 0.015625