0 0.40673828125 0.62109375 0.0263671875 0.01708984375
0 0.42919921875 0.623046875 0.0185546875 0.01708984375
0 0.45361328125 0.6259765625 0.02978515625 0.0224609375
0 0.4111328125 0.63818359375 0.02978515625 0.01708984375
0 0.44482421875 0.64013671875 0.03759765625 0.0205078125
0 0.427734375 0.6728515625 0.06005859375 0.044921875
0 0.42431640625 0.71435546875 0.076171875 0.052734375
0 0.421875 0.76318359375 0.083984375 0.05615234375
0 0.41796875 0.80810546875 0.06103515625 0.03759765625
0 0.404296875 0.845703125 0.06884765625 0.04150390625
0 0.384765625 0.419921875 0.04736328125 0.0283203125
0 0.4287109375 0.4228515625 0.04736328125 0.0263671875
0 0.3974609375 0.46826171875 0.0849609375 0.06787109375
0 0.47509765625 0.45947265625 0.072265625 0.0810546875
0 0.54638671875 0.46533203125 0.06982421875 0.08447265625
0 0.611328125 0.47265625 0.052734375 0.06591796875
0 0.6591796875 0.48193359375 0.04638671875 0.0546875
0 0.583984375 0.572265625 0.0751953125 0.03564453125
0 0.64111328125 0.5791015625 0.0400390625 0.03759765625
0 0.56689453125 0.62890625 0.0712890625 0.095703125
0 0.63232421875 0.64013671875 0.0673828125 0.103515625
0 0.70068359375 0.64013671875 0.06884765625 0.11083984375
0 0.74609375 0.66064453125 0.0224609375 0.0693359375
0 0.7705078125 0.66748046875 0.0263671875 0.06396484375
0 0.802734375 0.67578125 0.03759765625 0.05810546875
0 0.84130859375 0.6806640625 0.04248046875 0.06005859375
0 0.80078125 0.71875 0.01611328125 0.0205078125
0 0.83447265625 0.7236328125 0.05126953125 0.0263671875
0 0.544921875 0.68505859375 0.01513671875 0.0205078125
0 0.55810546875 0.68603515625 0.01123046875 0.0224609375
0 0.572265625 0.68701171875 0.02001953125 0.0244140625
0 0.767578125 0.27734375 0.072265625 0.13330078125
0 0.7255859375 0.4052734375 0.05615234375 0.1298828125
0 0.80810546875 0.33251953125 0.1064453125 0.18798828125
0 0.685546875 0.19091796875 0.0185546875 0.01708984375
0 0.7001953125 0.19287109375 0.0126953125 0.01708984375
0 0.71484375 0.19287109375 0.02001953125 0.01708984375
0 0.73388671875 0.1953125 0.02001953125 0.01513671875
0 0.7548828125 0.197265625 0.02490234375 0.0185546875
0 0.775390625 0.197265625 0.0185546875 0.01513671875
0 0.73193359375 0.2255859375 0.05859375 0.03759765625
0 0.68896484375 0.2548828125 0.0224609375 0.0244140625
0 0.71142578125 0.25634765625 0.0224609375 0.0283203125
0 0.72607421875 0.25732421875 0.00732421875 0.0185546875
0 0.685546875 0.2958984375 0.01611328125 0.0244140625