0 0.0419921875 0.248046875 0.083984375 0.15625
0 0.15673828125 0.26025390625 0.15234375 0.1376953125
0 0.2822265625 0.28125 0.109375 0.1630859375
0 0.38916015625 0.25634765625 0.10595703125 0.17138671875
0 0.490234375 0.2626953125 0.103515625 0.15869140625
0 0.060546875 0.45703125 0.12109375 0.064453125
0 0.1533203125 0.4560546875 0.05859375 0.06640625
0 0.29248046875 0.4560546875 0.2255859375 0.06640625
0 0.7333984375 0.0595703125 0.068359375 0.060546875
0 0.82861328125 0.05712890625 0.1015625 0.06884765625
0 0.7578125 0.1279296875 0.1171875 0.068359375
0 0.8662109375 0.146484375 0.07958984375 0.05859375
0 0.73486328125 0.19873046875 0.0537109375 0.0625
0 0.81689453125 0.21044921875 0.08984375 0.072265625
0 0.00830078125 0.93798828125 0.0166015625 0.0517578125
0 0.0234375 0.7666015625 0.046875 0.033203125
0 0.07568359375 0.771484375 0.0498046875 0.0244140625
0 0.12060546875 0.76953125 0.033203125 0.033203125
0 0.1748046875 0.7685546875 0.044921875 0.03125
0 0.220703125 0.76611328125 0.04345703125 0.03564453125
0 0.5322265625 0.76513671875 0.033203125 0.02880859375
0 0.599609375 0.76513671875 0.10498046875 0.02880859375
0 0.22998046875 0.501953125 0.0927734375 0.025390625
0 0.34716796875 0.5029296875 0.1201171875 0.02734375
0 0.490234375 0.5009765625 0.15625 0.0234375
0 0.16455078125 0.55517578125 0.1318359375 0.0712890625
0 0.30615234375 0.5458984375 0.115234375 0.0576171875
0 0.42626953125 0.54931640625 0.11181640625 0.06005859375
0 0.95654296875 0.56201171875 0.0869140625 0.0439453125
0 0.95361328125 0.8359375 0.0927734375 0.0625