0 0.330078125 0.099609375 0.03125 0.02197265625
0 0.4423828125 0.05810546875 0.076171875 0.02783203125
0 0.5126953125 0.0595703125 0.064453125 0.02490234375
0 0.5654296875 0.0634765625 0.041015625 0.02783203125
0 0.599609375 0.0625 0.02734375 0.02490234375
0 0.626953125 0.05810546875 0.02734375 0.033203125
0 0.4208984375 0.11083984375 0.123046875 0.06103515625
0 0.587890625 0.109375 0.1953125 0.08056640625
0 0.3623046875 0.1650390625 0.037109375 0.01953125
0 0.3896484375 0.166015625 0.021484375 0.0166015625
0 0.4130859375 0.166015625 0.029296875 0.0166015625
0 0.4716796875 0.166015625 0.017578125 0.0166015625
0 0.4931640625 0.1650390625 0.029296875 0.01953125
0 0.3388671875 0.22021484375 0.064453125 0.0361328125
0 0.396484375 0.22021484375 0.046875 0.0361328125
0 0.4501953125 0.21630859375 0.060546875 0.033203125
0 0.5126953125 0.21728515625 0.064453125 0.0302734375
0 0.5703125 0.21630859375 0.05078125 0.033203125
0 0.6181640625 0.22021484375 0.044921875 0.0302734375
0 0.662109375 0.21728515625 0.04296875 0.0361328125
0 0.46875 0.24951171875 0.06640625 0.02783203125
0 0.529296875 0.24951171875 0.0546875 0.02783203125
0 0.103515625 0.30078125 0.046875 0.0302734375
0 0.1611328125 0.29931640625 0.068359375 0.02783203125
0 0.0732421875 0.33251953125 0.025390625 0.033203125
0 0.10546875 0.3310546875 0.04296875 0.0361328125
0 0.1435546875 0.333984375 0.037109375 0.0302734375
0 0.1875 0.3310546875 0.05078125 0.0361328125
0 0.2275390625 0.46240234375 0.013671875 0.04443359375
0 0.2412109375 0.466796875 0.013671875 0.0361328125
0 0.2607421875 0.46533203125 0.029296875 0.04443359375
0 0.2294921875 0.5126953125 0.025390625 0.04443359375
0 0.259765625 0.513671875 0.03515625 0.04150390625
0 0.25390625 0.5634765625 0.02734375 0.04150390625
0 0.73046875 0.46142578125 0.015625 0.0361328125
0 0.7509765625 0.45849609375 0.029296875 0.04150390625
0 0.7294921875 0.51123046875 0.025390625 0.0361328125
0 0.7568359375 0.50830078125 0.033203125 0.04150390625
0 0.7197265625 0.5595703125 0.017578125 0.03857421875
0 0.7685546875 0.55810546875 0.021484375 0.04150390625
0 0.8203125 0.3017578125 0.046875 0.02783203125
0 0.8779296875 0.3046875 0.064453125 0.02783203125
0 0.7919921875 0.333984375 0.025390625 0.0302734375
0 0.82421875 0.333984375 0.0390625 0.0361328125
0 0.8623046875 0.3349609375 0.037109375 0.033203125
0 0.90625 0.33642578125 0.05078125 0.0361328125