0 0.005859375 0.31982421875 0.01171875 0.0732421875
0 0.0283203125 0.3232421875 0.041015625 0.0908203125
0 0.0712890625 0.31298828125 0.048828125 0.08203125
0 0.1064453125 0.31591796875 0.025390625 0.0703125
0 0.1357421875 0.314453125 0.037109375 0.0908203125
0 0.1748046875 0.314453125 0.041015625 0.0908203125
0 0.75 0.02587890625 0.126953125 0.04638671875
0 0.8466796875 0.03076171875 0.04150390625 0.05322265625
0 0.89306640625 0.02587890625 0.02197265625 0.04638671875
0 0.55859375 0.11083984375 0.08154296875 0.03076171875
0 0.62939453125 0.11181640625 0.04541015625 0.0322265625
0 0.6962890625 0.11083984375 0.07421875 0.03076171875
0 0.7734375 0.115234375 0.06884765625 0.0224609375
0 0.84423828125 0.1171875 0.05810546875 0.04345703125
0 0.9267578125 0.1142578125 0.09228515625 0.04052734375
0 0.56884765625 0.1552734375 0.11962890625 0.0322265625
0 0.67041015625 0.15283203125 0.072265625 0.03662109375
0 0.75244140625 0.15576171875 0.0849609375 0.03076171875
0 0.82958984375 0.15673828125 0.0615234375 0.029296875
0 0.90771484375 0.1591796875 0.07958984375 0.04052734375
0 0.97607421875 0.15966796875 0.0478515625 0.0419921875
0 0.5966796875 0.2001953125 0.0634765625 0.0322265625
0 0.67822265625 0.20068359375 0.0888671875 0.03369140625
0 0.763671875 0.205078125 0.06689453125 0.03955078125
0 0.833984375 0.2021484375 0.0634765625 0.044921875
0 0.93359375 0.201171875 0.1328125 0.046875
0 0.56494140625 0.2451171875 0.05810546875 0.0322265625
0 0.6357421875 0.25048828125 0.0654296875 0.029296875
0 0.70361328125 0.24365234375 0.0595703125 0.0322265625
0 0.76611328125 0.24365234375 0.05078125 0.0322265625
0 0.849609375 0.24658203125 0.10498046875 0.03515625
0 0.939453125 0.25048828125 0.0595703125 0.04052734375
0 0.98779296875 0.24365234375 0.0244140625 0.0302734375
0 0.689453125 0.29296875 0.12158203125 0.04345703125
0 0.79052734375 0.29052734375 0.06689453125 0.03076171875
0 0.8896484375 0.2919921875 0.11962890625 0.03662109375
0 0.88134765625 0.38330078125 0.07080078125 0.03076171875
0 0.958984375 0.3828125 0.07421875 0.029296875
0 0.05322265625 0.732421875 0.04296875 0.03076171875
0 0.091796875 0.7216796875 0.03857421875 0.03076171875
0 0.03515625 0.78662109375 0.0361328125 0.0439453125
0 0.09619140625 0.76220703125 0.09033203125 0.03662109375
0 0.1943359375 0.72021484375 0.0908203125 0.08203125
0 0.33642578125 0.68017578125 0.19384765625 0.11865234375
0 0.087890625 0.83056640625 0.1025390625 0.04833984375
0 0.10205078125 0.91259765625 0.2041015625 0.1748046875
0 0.28369140625 0.83837890625 0.24267578125 0.21630859375
0 0.41748046875 0.85791015625 0.0439453125 0.1923828125
0 0.06787109375 0.8564453125 0.052734375 0.0322265625
0 0.11572265625 0.8408203125 0.04541015625 0.03125
0 0.60986328125 0.4580078125 0.1181640625 0.03759765625
0 0.56787109375 0.5146484375 0.0693359375 0.04052734375
0 0.64208984375 0.505859375 0.06787109375 0.029296875
0 0.59423828125 0.70263671875 0.06396484375 0.033203125
0 0.54638671875 0.75390625 0.16259765625 0.06689453125
0 0.681640625 0.75439453125 0.05810546875 0.048828125
0 0.46630859375 0.82421875 0.02490234375 0.02001953125
0 0.4921875 0.82568359375 0.0263671875 0.02490234375
0 0.513671875 0.82568359375 0.01123046875 0.0166015625
0 0.60546875 0.81884765625 0.03076171875 0.02001953125
0 0.65087890625 0.81787109375 0.03076171875 0.02001953125
0 0.6953125 0.81640625 0.033203125 0.02099609375
0 0.513671875 0.8544921875 0.02490234375 0.0283203125
0 0.53173828125 0.85400390625 0.00830078125 0.0146484375
0 0.60546875 0.84912109375 0.0361328125 0.02197265625
0 0.70166015625 0.8447265625 0.0234375 0.02197265625
0 0.67333984375 0.91796875 0.0498046875 0.015625
0 0.54541015625 0.91357421875 0.0166015625 0.00732421875
0 0.56640625 0.91259765625 0.02490234375 0.00732421875