0 0.21240234375 0.0048828125 0.0224609375 0.009765625
0 0.236328125 0.0068359375 0.02734375 0.013671875
0 0.267578125 0.00634765625 0.033203125 0.0126953125
0 0.3203125 0.0048828125 0.07421875 0.009765625
0 0.65771484375 0.228515625 0.08251953125 0.0166015625
0 0.72802734375 0.228515625 0.05419921875 0.0166015625
0 0.65869140625 0.2861328125 0.0986328125 0.05078125
0 0.744140625 0.29150390625 0.060546875 0.0556640625
0 0.119140625 0.58544921875 0.04248046875 0.06591796875
0 0.1328125 0.64599609375 0.0908203125 0.1123046875
0 0.20458984375 0.68994140625 0.0712890625 0.1123046875
0 0.14306640625 0.7216796875 0.04833984375 0.052734375
0 0.1865234375 0.7470703125 0.041015625 0.0419921875
0 0.1787109375 0.79443359375 0.02880859375 0.02197265625
0 0.19091796875 0.81884765625 0.06494140625 0.03955078125
0 0.2509765625 0.81787109375 0.0576171875 0.04638671875
0 0.20068359375 0.8505859375 0.0361328125 0.02001953125
0 0.236328125 0.85302734375 0.0380859375 0.015625
0 0.2021484375 0.890625 0.01513671875 0.0244140625
0 0.50390625 0.4169921875 0.06689453125 0.04638671875
0 0.5537109375 0.408203125 0.033203125 0.033203125
0 0.58740234375 0.40380859375 0.0302734375 0.033203125
0 0.53662109375 0.4453125 0.0380859375 0.03759765625
0 0.5830078125 0.43505859375 0.052734375 0.0400390625
0 0.5546875 0.50927734375 0.109375 0.0595703125
0 0.48876953125 0.6064453125 0.0546875 0.04638671875
0 0.5380859375 0.6005859375 0.041015625 0.03955078125
0 0.58447265625 0.59326171875 0.0498046875 0.0419921875
0 0.4931640625 0.63720703125 0.04833984375 0.033203125
0 0.5517578125 0.6318359375 0.068359375 0.03955078125
0 0.5966796875 0.62646484375 0.025390625 0.0400390625
0 0.50390625 0.6689453125 0.04833984375 0.03955078125
0 0.56298828125 0.66357421875 0.06982421875 0.0419921875
0 0.603515625 0.662109375 0.01171875 0.03515625
0 0.52294921875 0.7041015625 0.0712890625 0.03955078125
0 0.5849609375 0.70166015625 0.048828125 0.0439453125
0 0.55859375 0.736328125 0.0849609375 0.0419921875
0 0.97802734375 0.54296875 0.0439453125 0.048828125
0 0.95166015625 0.58056640625 0.0966796875 0.0400390625