0 0.130859375 0.14111328125 0.17431640625 0.16650390625
0 0.3134765625 0.10986328125 0.1884765625 0.197265625
0 0.4609375 0.1015625 0.09765625 0.203125
0 0.57958984375 0.26708984375 0.1044921875 0.130859375
0 0.65478515625 0.2802734375 0.0478515625 0.119140625
0 0.7109375 0.296875 0.0625 0.11181640625
0 0.759765625 0.31005859375 0.01953125 0.091796875
0 0.8837890625 0.04248046875 0.03515625 0.0849609375
0 0.9228515625 0.03369140625 0.041015625 0.0673828125
0 0.966796875 0.02685546875 0.044921875 0.0537109375
0 0.0126953125 0.92724609375 0.025390625 0.0185546875
0 0.04296875 0.92724609375 0.02490234375 0.02001953125
0 0.0810546875 0.9287109375 0.041015625 0.0234375
0 0.12744140625 0.9228515625 0.041015625 0.0283203125
0 0.1787109375 0.92236328125 0.05615234375 0.02978515625
0 0.09228515625 0.96484375 0.0888671875 0.0703125
0 0.1826171875 0.98193359375 0.08984375 0.0361328125
0 0.27978515625 0.95751953125 0.0888671875 0.0849609375
0 0.3935546875 0.9794921875 0.126953125 0.041015625
0 0.56396484375 0.5244140625 0.0205078125 0.009765625
0 0.58447265625 0.5224609375 0.0185546875 0.005859375
0 0.61376953125 0.5224609375 0.0205078125 0.005859375
0 0.63818359375 0.52197265625 0.0283203125 0.0048828125
0 0.6748046875 0.5234375 0.044921875 0.0078125
0 0.7275390625 0.5234375 0.046875 0.0078125
0 0.76708984375 0.52197265625 0.0361328125 0.0048828125
0 0.80859375 0.5224609375 0.044921875 0.005859375
0 0.8544921875 0.5224609375 0.033203125 0.005859375
0 0.884765625 0.5224609375 0.03125 0.005859375
0 0.91064453125 0.52197265625 0.0263671875 0.0048828125
0 0.53076171875 0.53515625 0.02685546875 0.0205078125
0 0.5908203125 0.53662109375 0.09326171875 0.0224609375
0 0.68994140625 0.53515625 0.091796875 0.0205078125