0 0.38671875 0.416015625 0.109375 0.02734375
0 0.75927734375 0.26220703125 0.0498046875 0.02197265625
0 0.791015625 0.25537109375 0.017578125 0.0263671875
0 0.70068359375 0.7998046875 0.02587890625 0.03466796875
0 0.73583984375 0.79833984375 0.0380859375 0.03173828125
0 0.7734375 0.8056640625 0.033203125 0.03173828125
0 0.794921875 0.80078125 0.009765625 0.029296875
0 0.68212890625 0.8544921875 0.126953125 0.06005859375
0 0.775390625 0.86328125 0.048828125 0.044921875
0 0.69384765625 0.9267578125 0.0380859375 0.0390625
0 0.74072265625 0.91748046875 0.0439453125 0.05419921875
0 0.78369140625 0.92236328125 0.0322265625 0.0458984375
0 0.783203125 0.9814453125 0.033203125 0.037109375
0 0.50341796875 0.96435546875 0.048828125 0.02392578125
0 0.5009765625 0.89794921875 0.05419921875 0.09912109375
0 0.8779296875 0.6650390625 0.08447265625 0.080078125
0 0.95458984375 0.66259765625 0.0908203125 0.0771484375