0 0.0400390625 0.10888671875 0.04833984375 0.04150390625
0 0.09033203125 0.10400390625 0.04833984375 0.04150390625
0 0.0419921875 0.1513671875 0.0517578125 0.03662109375
0 0.0966796875 0.146484375 0.0615234375 0.046875
0 0.01953125 0.193359375 0.0390625 0.041015625
0 0.06201171875 0.1865234375 0.04833984375 0.046875
0 0.12255859375 0.1787109375 0.0634765625 0.044921875
0 0.2158203125 0.087890625 0.0634765625 0.033203125
0 0.2724609375 0.083984375 0.05322265625 0.03173828125
0 0.216796875 0.1171875 0.06494140625 0.03515625
0 0.275390625 0.10986328125 0.05810546875 0.033203125
0 0.2041015625 0.146484375 0.04345703125 0.033203125
0 0.24169921875 0.140625 0.03515625 0.0283203125
0 0.28515625 0.13525390625 0.0615234375 0.03515625
0 0.20947265625 0.1728515625 0.03662109375 0.03662109375
0 0.24853515625 0.17138671875 0.04833984375 0.03662109375
0 0.2900390625 0.162109375 0.044921875 0.03515625
0 0.37353515625 0.07568359375 0.04833984375 0.03173828125
0 0.421875 0.06982421875 0.05517578125 0.02685546875
0 0.38916015625 0.095703125 0.02978515625 0.03173828125
0 0.42041015625 0.095703125 0.03515625 0.02490234375
0 0.359375 0.13037109375 0.03662109375 0.03173828125
0 0.40185546875 0.123046875 0.0517578125 0.02978515625
0 0.44775390625 0.1162109375 0.046875 0.02978515625
0 0.37939453125 0.15234375 0.0732421875 0.03515625
0 0.44677734375 0.1455078125 0.06494140625 0.03515625
0 0.65625 0.1015625 0.02392578125 0.03564453125
0 0.6826171875 0.099609375 0.02685546875 0.03173828125
0 0.80078125 0.29248046875 0.14404296875 0.05810546875
0 0.7197265625 0.357421875 0.03173828125 0.06103515625
0 0.75634765625 0.35986328125 0.04541015625 0.0634765625
0 0.7900390625 0.36083984375 0.02685546875 0.0595703125
0 0.82373046875 0.36279296875 0.04248046875 0.0556640625
0 0.875 0.369140625 0.05859375 0.06103515625
0 0.2705078125 0.62890625 0.06005859375 0.05078125
0 0.33740234375 0.63330078125 0.07080078125 0.05615234375
0 0.3984375 0.63330078125 0.04541015625 0.05419921875
0 0.44384765625 0.6279296875 0.04443359375 0.046875
0 0.4736328125 0.62646484375 0.01171875 0.0478515625
0 0.19140625 0.6875 0.0517578125 0.03857421875
0 0.2373046875 0.68310546875 0.03857421875 0.04296875
0 0.2841796875 0.681640625 0.04833984375 0.0498046875
0 0.31640625 0.68994140625 0.01123046875 0.00830078125
0 0.36181640625 0.68359375 0.0751953125 0.0458984375
0 0.41796875 0.6865234375 0.033203125 0.0439453125
0 0.45751953125 0.68505859375 0.041015625 0.044921875
0 0.29541015625 0.734375 0.017578125 0.04052734375
0 0.33203125 0.73193359375 0.0498046875 0.04296875
0 0.37060546875 0.734375 0.02490234375 0.03857421875
0 0.40234375 0.73193359375 0.03271484375 0.03955078125
0 0.4423828125 0.73388671875 0.04052734375 0.046875
0 0.47216796875 0.73046875 0.0146484375 0.0390625
0 0.33544921875 0.78369140625 0.0224609375 0.0234375
0 0.35986328125 0.78662109375 0.02734375 0.025390625
0 0.39111328125 0.78564453125 0.03369140625 0.025390625
0 0.44287109375 0.783203125 0.0732421875 0.0234375
0 0.21484375 0.5625 0.021484375 0.01220703125
0 0.23291015625 0.5615234375 0.01708984375 0.01416015625
0 0.24951171875 0.56103515625 0.017578125 0.01513671875
0 0.18701171875 0.5751953125 0.02880859375 0.01318359375
0 0.20751953125 0.576171875 0.013671875 0.01318359375
0 0.22265625 0.5771484375 0.01611328125 0.01513671875
0 0.2373046875 0.57568359375 0.01416015625 0.01220703125
0 0.2548828125 0.57568359375 0.021484375 0.01416015625
0 0.271484375 0.57373046875 0.0126953125 0.01220703125
0 0.283203125 0.5751953125 0.01513671875 0.01708984375
0 0.55810546875 0.71142578125 0.12548828125 0.068359375
0 0.65283203125 0.7197265625 0.04541015625 0.06005859375
0 0.69921875 0.57958984375 0.09619140625 0.07568359375
0 0.79052734375 0.73046875 0.056640625 0.05859375