0 0.5224609375 0.2509765625 0.00830078125 0.029296875
0 0.6103515625 0.3623046875 0.01025390625 0.0185546875
0 0.6181640625 0.36181640625 0.0087890625 0.01953125
0 0.6279296875 0.3603515625 0.01318359375 0.0166015625
0 0.642578125 0.357421875 0.01708984375 0.0185546875
0 0.63330078125 0.388671875 0.03662109375 0.02294921875
0 0.8857421875 0.0419921875 0.01708984375 0.04736328125
0 0.880859375 0.10302734375 0.01806640625 0.05078125
0 0.62646484375 0.98486328125 0.0458984375 0.0302734375
0 0.6787109375 0.982421875 0.05859375 0.03515625
0 0.74853515625 0.98486328125 0.0751953125 0.0302734375
0 0.83251953125 0.98388671875 0.0869140625 0.0322265625
0 0.97900390625 0.68994140625 0.0419921875 0.1220703125