0 0.529296875 0.166015625 0.04296875 0.06005859375
0 0.572265625 0.1494140625 0.04296875 0.06298828125
0 0.61767578125 0.13623046875 0.04443359375 0.06298828125
0 0.6708984375 0.111328125 0.05517578125 0.07080078125
0 0.72705078125 0.09423828125 0.05712890625 0.0732421875
0 0.1884765625 0.5927734375 0.08154296875 0.04443359375
0 0.203125 0.6689453125 0.138671875 0.0966796875
0 0.2900390625 0.654296875 0.0537109375 0.0888671875
0 0.37158203125 0.6689453125 0.1123046875 0.0966796875
0 0.04052734375 0.79296875 0.0751953125 0.099609375
0 0.2529296875 0.80908203125 0.25390625 0.130859375