0 0.3447265625 0.2841796875 0.03466796875 0.02880859375
0 0.37158203125 0.28369140625 0.017578125 0.0244140625
0 0.39697265625 0.28125 0.03271484375 0.02685546875
0 0.431640625 0.27880859375 0.03564453125 0.03369140625
0 0.45947265625 0.27490234375 0.01904296875 0.02880859375
0 0.48193359375 0.27490234375 0.02880859375 0.02783203125
0 0.51318359375 0.27392578125 0.03466796875 0.03076171875
0 0.556640625 0.2705078125 0.04931640625 0.0283203125
0 0.58447265625 0.2685546875 0.00537109375 0.02685546875
0 0.31884765625 0.32421875 0.02880859375 0.0283203125
0 0.35302734375 0.3212890625 0.0390625 0.03564453125
0 0.384765625 0.31982421875 0.02099609375 0.03076171875
0 0.40625 0.3193359375 0.0205078125 0.033203125
0 0.427734375 0.31689453125 0.0205078125 0.02880859375
0 0.47509765625 0.3134765625 0.07080078125 0.02880859375
0 0.53955078125 0.3095703125 0.056640625 0.02880859375
0 0.58740234375 0.30712890625 0.03564453125 0.03076171875
0 0.310546875 0.36181640625 0.01123046875 0.01220703125
0 0.32177734375 0.361328125 0.01025390625 0.01318359375
0 0.3408203125 0.35986328125 0.02880859375 0.015625
0 0.36279296875 0.35693359375 0.01513671875 0.013671875
0 0.3818359375 0.35693359375 0.02099609375 0.0166015625
0 0.40771484375 0.35546875 0.029296875 0.0166015625
0 0.42919921875 0.35400390625 0.013671875 0.01513671875
0 0.44677734375 0.35302734375 0.0205078125 0.013671875
0 0.46923828125 0.3525390625 0.021484375 0.0146484375
0 0.48193359375 0.35205078125 0.00390625 0.01123046875
0 0.49072265625 0.35107421875 0.01171875 0.013671875
0 0.50634765625 0.3505859375 0.01806640625 0.01513671875
0 0.56494140625 0.34765625 0.013671875 0.01318359375
0 0.59228515625 0.345703125 0.041015625 0.015625
0 0.75830078125 0.6552734375 0.01123046875 0.01904296875