0 0.10888671875 0.23193359375 0.0771484375 0.029296875
0 0.4609375 0.46728515625 0.0234375 0.1044921875
0 0.501953125 0.46484375 0.05859375 0.109375
0 0.57177734375 0.46728515625 0.0751953125 0.1044921875
0 0.65576171875 0.46630859375 0.0869140625 0.1064453125
0 0.8232421875 0.1357421875 0.08251953125 0.12255859375
0 0.92236328125 0.13427734375 0.13037109375 0.130859375
0 0.8662109375 0.267578125 0.078125 0.0986328125
0 0.9404296875 0.259765625 0.05859375 0.09326171875
0 0.0458984375 0.58642578125 0.091796875 0.0947265625
0 0.1328125 0.587890625 0.09130859375 0.09326171875
0 0.234375 0.5888671875 0.125 0.091796875
0 0.3349609375 0.57373046875 0.09130859375 0.078125
0 0.40966796875 0.5830078125 0.0791015625 0.08984375
0 0.04541015625 0.67041015625 0.0439453125 0.04833984375
0 0.14208984375 0.66845703125 0.15234375 0.0517578125
0 0.31201171875 0.66796875 0.16259765625 0.0498046875
0 0.423828125 0.66650390625 0.05078125 0.0517578125
0 0.8759765625 0.7578125 0.12109375 0.03369140625
0 0.8447265625 0.78125 0.05859375 0.01806640625
0 0.8857421875 0.77978515625 0.0234375 0.015625
0 0.916015625 0.77978515625 0.037109375 0.015625
0 0.78515625 0.82666015625 0.033203125 0.05712890625
0 0.849609375 0.83056640625 0.087890625 0.04443359375
0 0.939453125 0.83203125 0.087890625 0.046875
0 0.6142578125 0.8828125 0.05859375 0.04443359375
0 0.6787109375 0.88525390625 0.0625 0.04443359375
0 0.7373046875 0.88427734375 0.0546875 0.046875
0 0.8017578125 0.8828125 0.0703125 0.04931640625
0 0.8701171875 0.88525390625 0.0625 0.04443359375
0 0.9404296875 0.88525390625 0.078125 0.04443359375
0 0.6103515625 0.92822265625 0.046875 0.02587890625
0 0.6630859375 0.92822265625 0.05859375 0.02587890625
0 0.7294921875 0.92822265625 0.07421875 0.02587890625
0 0.775390625 0.92724609375 0.017578125 0.0234375
0 0.806640625 0.9296875 0.044921875 0.0234375
0 0.8759765625 0.9296875 0.09765625 0.0234375
0 0.9599609375 0.9296875 0.078125 0.0234375
0 0.7890625 0.95703125 0.025390625 0.02099609375
0 0.80859375 0.95849609375 0.017578125 0.01806640625
0 0.8388671875 0.95947265625 0.03515625 0.02099609375
0 0.869140625 0.95947265625 0.029296875 0.02099609375
0 0.9072265625 0.95947265625 0.046875 0.02099609375
0 0.9365234375 0.95849609375 0.0234375 0.01806640625
0 0.9609375 0.95849609375 0.029296875 0.01806640625