0 0.1591796875 0.07666015625 0.318359375 0.1533203125
0 0.7646484375 0.31298828125 0.126953125 0.04638671875
0 0.861328125 0.31787109375 0.04150390625 0.05322265625
0 0.90771484375 0.31298828125 0.02197265625 0.04638671875
0 0.44287109375 0.39453125 0.0673828125 0.05078125
0 0.48876953125 0.4013671875 0.0224609375 0.052734375
0 0.43603515625 0.45458984375 0.0380859375 0.04931640625
0 0.47802734375 0.46044921875 0.0439453125 0.0439453125
0 0.0498046875 0.7177734375 0.099609375 0.08203125
0 0.14208984375 0.71875 0.076171875 0.07275390625
0 0.25732421875 0.72216796875 0.138671875 0.0693359375
0 0.2724609375 0.82666015625 0.1005859375 0.0576171875
0 0.201171875 0.84423828125 0.03173828125 0.025390625
0 0.15869140625 0.8408203125 0.0458984375 0.03564453125
0 0.02392578125 0.826171875 0.0478515625 0.0234375
0 0.07421875 0.8271484375 0.05224609375 0.02197265625
0 0.0078125 0.85009765625 0.015625 0.0205078125
0 0.03515625 0.849609375 0.03564453125 0.02197265625
0 0.62890625 0.43017578125 0.1982421875 0.0703125
0 0.80859375 0.423828125 0.14990234375 0.0732421875
0 0.9228515625 0.427734375 0.06787109375 0.0625
0 0.98095703125 0.41455078125 0.0380859375 0.0849609375
0 0.55712890625 0.63330078125 0.1142578125 0.1767578125
0 0.736328125 0.59716796875 0.2353515625 0.11181640625
0 0.7373046875 0.68603515625 0.2353515625 0.0654296875
0 0.95166015625 0.634765625 0.0966796875 0.185546875
0 0.68310546875 0.95703125 0.06591796875 0.05224609375
0 0.630859375 0.99072265625 0.025390625 0.0185546875
0 0.68017578125 0.98974609375 0.0556640625 0.0205078125
0 0.73193359375 0.9912109375 0.0498046875 0.017578125
0 0.9130859375 0.83984375 0.037109375 0.02685546875