0 0.431640625 0.56591796875 0.046875 0.0263671875
0 0.4765625 0.5693359375 0.033203125 0.01953125
0 0.896484375 0.259765625 0.14013671875 0.09228515625
0 0.9853515625 0.25439453125 0.029296875 0.1103515625
0 0.27978515625 0.65185546875 0.09228515625 0.04052734375
0 0.3798828125 0.65234375 0.1044921875 0.0390625
0 0.59130859375 0.65234375 0.11865234375 0.0419921875
0 0.31787109375 0.6953125 0.0498046875 0.02490234375
0 0.37890625 0.697265625 0.046875 0.02490234375
0 0.44384765625 0.69482421875 0.0517578125 0.02978515625
0 0.5048828125 0.697265625 0.0419921875 0.0283203125
0 0.55615234375 0.70166015625 0.0576171875 0.03125
0 0.234375 0.736328125 0.0546875 0.02490234375
0 0.2822265625 0.7421875 0.05322265625 0.0283203125
0 0.33349609375 0.73681640625 0.0498046875 0.0234375
0 0.40380859375 0.73681640625 0.05615234375 0.0234375
0 0.45166015625 0.7431640625 0.04833984375 0.0263671875
0 0.4990234375 0.73828125 0.0439453125 0.03271484375
0 0.54443359375 0.74169921875 0.046875 0.02978515625
0 0.59130859375 0.73779296875 0.046875 0.0341796875
0 0.6435546875 0.73779296875 0.0576171875 0.02490234375
0 0.26708984375 0.83837890625 0.1142578125 0.04541015625
0 0.3759765625 0.83837890625 0.0966796875 0.0419921875
0 0.48291015625 0.83544921875 0.1142578125 0.0517578125
0 0.5849609375 0.8447265625 0.078125 0.0546875
0 0.2763671875 0.90234375 0.0888671875 0.03271484375
0 0.36328125 0.9072265625 0.0810546875 0.0419921875
0 0.44921875 0.90185546875 0.0654296875 0.0341796875
0 0.5322265625 0.9033203125 0.046875 0.03125
0 0.744140625 0.60009765625 0.009765625 0.0244140625
0 0.765625 0.59716796875 0.02734375 0.03125
0 0.79931640625 0.6015625 0.03515625 0.03125
0 0.828125 0.60302734375 0.02001953125 0.02880859375
0 0.853515625 0.59716796875 0.0263671875 0.03125
0 0.88671875 0.6015625 0.03271484375 0.02685546875
0 0.9208984375 0.60302734375 0.03369140625 0.033203125
0 0.94873046875 0.599609375 0.021484375 0.03125
0 0.97802734375 0.6015625 0.03759765625 0.02685546875
0 0.80224609375 0.6416015625 0.06640625 0.03125
0 0.88623046875 0.64404296875 0.0986328125 0.03125
0 0.74609375 0.67138671875 0.013671875 0.0283203125
0 0.7666015625 0.673828125 0.02734375 0.0244140625
0 0.791015625 0.67626953125 0.021484375 0.02880859375
0 0.81103515625 0.67724609375 0.01123046875 0.0224609375
0 0.83984375 0.67626953125 0.0439453125 0.0244140625
0 0.87548828125 0.67626953125 0.02734375 0.0244140625
0 0.90234375 0.6806640625 0.0263671875 0.0244140625
0 0.9384765625 0.67724609375 0.03125 0.0224609375
0 0.986328125 0.677734375 0.02734375 0.01953125