0 0.12744140625 0.01171875 0.0458984375 0.0234375
0 0.3193359375 0.25927734375 0.06982421875 0.0595703125
0 0.3896484375 0.2529296875 0.06884765625 0.06103515625
0 0.4716796875 0.25048828125 0.08837890625 0.05810546875
0 0.5419921875 0.2568359375 0.0478515625 0.05419921875
0 0.6064453125 0.25048828125 0.0751953125 0.05810546875
0 0.658203125 0.25244140625 0.0234375 0.0478515625
0 0.40869140625 0.32421875 0.05615234375 0.0556640625
0 0.46826171875 0.3232421875 0.05517578125 0.05126953125
0 0.52978515625 0.3193359375 0.05517578125 0.0625
0 0.60400390625 0.31689453125 0.08447265625 0.05810546875
0 0.6591796875 0.3212890625 0.021484375 0.052734375
0 0.21630859375 0.40234375 0.0908203125 0.05419921875
0 0.30419921875 0.3974609375 0.0810546875 0.052734375
0 0.38720703125 0.3974609375 0.080078125 0.06396484375
0 0.44775390625 0.3857421875 0.03857421875 0.0654296875
0 0.4931640625 0.390625 0.048828125 0.0498046875
0 0.54150390625 0.390625 0.046875 0.0498046875
0 0.615234375 0.39013671875 0.0615234375 0.048828125
0 0.70263671875 0.02587890625 0.04833984375 0.03857421875
0 0.75927734375 0.02685546875 0.06787109375 0.044921875
0 0.68798828125 0.09130859375 0.0361328125 0.0576171875
0 0.7373046875 0.091796875 0.06298828125 0.044921875
0 0.79443359375 0.091796875 0.0517578125 0.04931640625
0 0.775390625 0.306640625 0.03857421875 0.01953125
0 0.77294921875 0.326171875 0.037109375 0.02783203125
0 0.0771484375 0.85791015625 0.154296875 0.2841796875
0 0.27294921875 0.8525390625 0.25 0.2841796875
0 0.537109375 0.85791015625 0.265625 0.2841796875
0 0.01953125 0.50439453125 0.0390625 0.0556640625
0 0.97998046875 0.474609375 0.0244140625 0.009765625
0 0.857421875 0.74267578125 0.00830078125 0.00927734375
0 0.86865234375 0.7421875 0.01220703125 0.009765625
0 0.85595703125 0.75146484375 0.0068359375 0.009765625
0 0.8681640625 0.75146484375 0.0166015625 0.01171875