0 0.06591796875 0.30712890625 0.09130859375 0.06103515625
0 0.0673828125 0.72705078125 0.05126953125 0.083984375
0 0.0498046875 0.8310546875 0.0400390625 0.05859375
0 0.03271484375 0.890625 0.05419921875 0.1220703125
0 0.0107421875 0.96044921875 0.0185546875 0.04296875
0 0.0693359375 0.89599609375 0.02734375 0.0556640625
0 0.0634765625 0.94140625 0.0185546875 0.0556640625
0 0.97216796875 0.2041015625 0.03857421875 0.0634765625
0 0.822265625 0.90869140625 0.07275390625 0.0712890625
0 0.22119140625 0.23583984375 0.037109375 0.05078125
0 0.20263671875 0.22314453125 0.0341796875 0.06103515625
0 0.30859375 0.22607421875 0.0400390625 0.06103515625
0 0.365234375 0.224609375 0.07568359375 0.05859375
0 0.4208984375 0.22705078125 0.03857421875 0.05322265625
0 0.47509765625 0.22607421875 0.07275390625 0.0556640625
0 0.56494140625 0.2197265625 0.10693359375 0.05322265625
0 0.64404296875 0.22216796875 0.05419921875 0.05859375
0 0.72021484375 0.21435546875 0.05419921875 0.0634765625
0 0.78271484375 0.20703125 0.07421875 0.068359375
0 0.294921875 0.38818359375 0.1787109375 0.14697265625
0 0.4736328125 0.3818359375 0.17578125 0.15478515625
0 0.67626953125 0.3896484375 0.20703125 0.12451171875
0 0.1708984375 0.5546875 0.02734375 0.033203125
0 0.2109375 0.5556640625 0.05859375 0.0458984375
0 0.25146484375 0.54931640625 0.02880859375 0.04296875
0 0.2880859375 0.55078125 0.052734375 0.0458984375
0 0.3251953125 0.55078125 0.03271484375 0.04052734375
0 0.35498046875 0.55322265625 0.03271484375 0.0458984375
0 0.39794921875 0.54931640625 0.05859375 0.0380859375
0 0.44873046875 0.546875 0.02587890625 0.04296875
0 0.5107421875 0.54833984375 0.0986328125 0.04052734375
0 0.5908203125 0.54833984375 0.04736328125 0.04052734375