0 0.060546875 0.10009765625 0.12109375 0.1572265625
0 0.1953125 0.11767578125 0.13330078125 0.123046875
0 0.05859375 0.25927734375 0.09521484375 0.16064453125
0 0.171875 0.26123046875 0.12646484375 0.1640625
0 0.16162109375 0.3720703125 0.0654296875 0.04443359375
0 0.72021484375 0.30859375 0.0478515625 0.119140625
0 0.7763671875 0.3251953125 0.0625 0.11181640625
0 0.8251953125 0.33837890625 0.01953125 0.091796875
0 0.94921875 0.056640625 0.03515625 0.11328125
0 0.98388671875 0.0478515625 0.0322265625 0.095703125
0 0.02734375 0.875 0.029296875 0.01904296875
0 0.048828125 0.87353515625 0.01953125 0.021484375
0 0.06689453125 0.87255859375 0.0166015625 0.01904296875
0 0.080078125 0.87353515625 0.0126953125 0.021484375
0 0.09521484375 0.87109375 0.01806640625 0.021484375
0 0.01123046875 0.8935546875 0.0224609375 0.0234375
0 0.03564453125 0.892578125 0.029296875 0.021484375
0 0.0615234375 0.8916015625 0.02490234375 0.02392578125
0 0.09423828125 0.88916015625 0.0263671875 0.02392578125
0 0.119140625 0.89013671875 0.0234375 0.0263671875
0 0.03662109375 0.92822265625 0.0732421875 0.0595703125
0 0.1142578125 0.92626953125 0.08056640625 0.05029296875
0 0.18212890625 0.92724609375 0.052734375 0.06201171875
0 0.2294921875 0.92138671875 0.0361328125 0.0595703125
0 0.2685546875 0.91162109375 0.0361328125 0.07421875
0 0.31494140625 0.9140625 0.05419921875 0.064453125
0 0.38037109375 0.91162109375 0.07373046875 0.0693359375
0 0.44970703125 0.90576171875 0.0625 0.07177734375
0 0.724609375 0.66162109375 0.0400390625 0.04736328125