0 0.5458984375 0.13427734375 0.0986328125 0.05615234375
0 0.35302734375 0.28662109375 0.27197265625 0.17333984375
0 0.62890625 0.203125 0.3388671875 0.1845703125
0 0.43896484375 0.34619140625 0.1376953125 0.09228515625
0 0.61181640625 0.29931640625 0.20166015625 0.10791015625
0 0.6044921875 0.3662109375 0.2626953125 0.1201171875
0 0.6611328125 0.3974609375 0.11572265625 0.06396484375
0 0.58056640625 0.52587890625 0.09228515625 0.0390625
0 0.3896484375 0.57177734375 0.2705078125 0.1591796875
0 0.72021484375 0.6416015625 0.359375 0.20166015625
0 0.2880859375 0.6650390625 0.11083984375 0.0732421875
0 0.4248046875 0.69287109375 0.171875 0.09521484375
0 0.5751953125 0.7041015625 0.07177734375 0.07958984375
0 0.62353515625 0.72021484375 0.0498046875 0.06884765625
0 0.67578125 0.7236328125 0.0517578125 0.07177734375
0 0.75146484375 0.7392578125 0.0908203125 0.0625
0 0.8427734375 0.7568359375 0.07958984375 0.0703125
0 0.5751953125 0.7724609375 0.2529296875 0.0732421875
0 0.4736328125 0.80615234375 0.06884765625 0.046875
0 0.54931640625 0.81640625 0.07666015625 0.0517578125