0 0.04150390625 0.05712890625 0.0830078125 0.1142578125
0 0.2373046875 0.1796875 0.11962890625 0.04052734375
0 0.05810546875 0.29541015625 0.1162109375 0.1240234375
0 0.22998046875 0.28369140625 0.2197265625 0.1123046875
0 0.1435546875 0.427734375 0.287109375 0.103515625
0 0.48486328125 0.47265625 0.0244140625 0.013671875
0 0.51123046875 0.470703125 0.02685546875 0.01513671875
0 0.64306640625 0.15380859375 0.03662109375 0.02197265625
0 0.64404296875 0.1767578125 0.107421875 0.02001953125
0 0.6455078125 0.19677734375 0.10498046875 0.02001953125
0 0.60009765625 0.22998046875 0.078125 0.03369140625
0 0.6865234375 0.2333984375 0.08544921875 0.04345703125
0 0.61376953125 0.27392578125 0.05615234375 0.03662109375
0 0.10595703125 0.7412109375 0.16845703125 0.18359375
0 0.06494140625 0.87109375 0.1064453125 0.177734375
0 0.1484375 0.865234375 0.06689453125 0.15966796875
0 0.2255859375 0.80322265625 0.09814453125 0.224609375
0 0.3056640625 0.77783203125 0.068359375 0.2158203125
0 0.16259765625 0.97998046875 0.0400390625 0.0400390625
0 0.20849609375 0.9677734375 0.0556640625 0.064453125
0 0.259765625 0.95703125 0.04345703125 0.06494140625
0 0.29736328125 0.9482421875 0.03515625 0.05908203125
0 0.33203125 0.93896484375 0.015625 0.0595703125