0 0.103515625 0.29833984375 0.09375 0.09619140625
0 0.203125 0.30712890625 0.1171875 0.10400390625
0 0.3408203125 0.32177734375 0.166015625 0.11181640625
0 0.5166015625 0.33056640625 0.193359375 0.15625
0 0.7841796875 0.35791015625 0.298828125 0.21630859375
0 0.0830078125 0.43603515625 0.060546875 0.09130859375
0 0.19140625 0.46630859375 0.1640625 0.15087890625
0 0.3994140625 0.53662109375 0.279296875 0.20849609375
0 0.7138671875 0.64306640625 0.365234375 0.265625
0 0.1142578125 0.57568359375 0.076171875 0.11962890625
0 0.2001953125 0.62744140625 0.123046875 0.15625
0 0.3076171875 0.68896484375 0.111328125 0.16943359375
0 0.4287109375 0.75244140625 0.142578125 0.203125