0 0.24658203125 0.32470703125 0.3876953125 0.2294921875
0 0.8251953125 0.0458984375 0.349609375 0.091796875
0 0.6044921875 0.1240234375 0.029296875 0.076171875
0 0.65576171875 0.12451171875 0.06494140625 0.080078125
0 0.744140625 0.12939453125 0.0673828125 0.07666015625
0 0.826171875 0.13671875 0.091796875 0.06884765625
0 0.931640625 0.14697265625 0.07470703125 0.0537109375
0 0.03564453125 0.44873046875 0.0400390625 0.0185546875
0 0.08837890625 0.45068359375 0.06298828125 0.01904296875
0 0.068359375 0.47021484375 0.0537109375 0.01171875
0 0.05322265625 0.6005859375 0.0400390625 0.03564453125
0 0.103515625 0.6025390625 0.05126953125 0.0341796875
0 0.1181640625 0.63916015625 0.0576171875 0.017578125
0 0.1552734375 0.60009765625 0.04296875 0.03662109375
0 0.181640625 0.63916015625 0.05615234375 0.02587890625
0 0.2041015625 0.60546875 0.04248046875 0.02734375
0 0.24853515625 0.634765625 0.0654296875 0.02587890625
0 0.255859375 0.60546875 0.0517578125 0.02685546875
0 0.3154296875 0.63671875 0.0556640625 0.0224609375
0 0.3125 0.60595703125 0.05322265625 0.0283203125
0 0.36865234375 0.6064453125 0.0517578125 0.02734375
0 0.52783203125 0.4658203125 0.0244140625 0.00732421875
0 0.5703125 0.4462890625 0.0390625 0.013671875
0 0.57568359375 0.478515625 0.0283203125 0.0078125
0 0.57958984375 0.59033203125 0.0205078125 0.0126953125
0 0.48095703125 0.619140625 0.068359375 0.02587890625
0 0.55615234375 0.61669921875 0.0673828125 0.0302734375
0 0.91259765625 0.5107421875 0.10009765625 0.06103515625
0 0.9814453125 0.51611328125 0.037109375 0.0498046875
0 0.90673828125 0.58154296875 0.05126953125 0.0556640625
0 0.96533203125 0.58349609375 0.06787109375 0.0595703125
0 0.89013671875 0.642578125 0.06982421875 0.052734375
0 0.9599609375 0.64111328125 0.0654296875 0.052734375
0 0.86669921875 0.7099609375 0.05810546875 0.03173828125
0 0.9951171875 0.70703125 0.009765625 0.0234375
0 0.94189453125 0.75732421875 0.04150390625 0.03466796875
0 0.97412109375 0.7578125 0.02294921875 0.02783203125
0 0.99462890625 0.7646484375 0.0107421875 0.03125