0 0.15771484375 0.01611328125 0.0869140625 0.0322265625
0 0.04248046875 0.11572265625 0.0849609375 0.1240234375
0 0.1435546875 0.13037109375 0.10986328125 0.1083984375
0 0.02294921875 0.2841796875 0.0458984375 0.13671875
0 0.07861328125 0.30078125 0.06005859375 0.1064453125
0 0.166015625 0.30712890625 0.107421875 0.1103515625
0 0.587890625 0.34326171875 0.17431640625 0.16650390625
0 0.7705078125 0.31201171875 0.1884765625 0.197265625
0 0.9345703125 0.28857421875 0.130859375 0.2333984375
0 0.0810546875 0.4580078125 0.07421875 0.037109375
0 0.02978515625 0.51220703125 0.0595703125 0.0615234375
0 0.1142578125 0.51513671875 0.1044921875 0.0634765625
0 0.7099609375 0.95068359375 0.14453125 0.0986328125