0 0.029296875 0.0185546875 0.05859375 0.037109375
0 0.2783203125 0.0146484375 0.126953125 0.029296875
0 0.431640625 0.01171875 0.03515625 0.0234375
0 0.67919921875 0.23974609375 0.4013671875 0.0859375
0 0.5087890625 0.3076171875 0.119140625 0.044921875
0 0.658203125 0.3095703125 0.18017578125 0.04150390625
0 0.8447265625 0.30859375 0.16259765625 0.0400390625
0 0.48486328125 0.36474609375 0.0712890625 0.0576171875
0 0.60693359375 0.36865234375 0.1689453125 0.05810546875
0 0.7919921875 0.36767578125 0.19384765625 0.05322265625
0 0.5546875 0.4404296875 0.2109375 0.087890625
0 0.7998046875 0.45263671875 0.23486328125 0.09765625
0 0.52099609375 0.73388671875 0.09912109375 0.05908203125
0 0.58935546875 0.7509765625 0.06298828125 0.0380859375
0 0.6435546875 0.763671875 0.06201171875 0.04248046875
0 0.5146484375 0.77587890625 0.09521484375 0.0576171875
0 0.6025390625 0.79443359375 0.09716796875 0.0546875
0 0.48486328125 0.81298828125 0.052734375 0.0400390625
0 0.54296875 0.82666015625 0.06494140625 0.04443359375
0 0.587890625 0.83984375 0.0380859375 0.0361328125
0 0.6259765625 0.841796875 0.04541015625 0.0400390625
0 0.6650390625 0.849609375 0.04248046875 0.037109375
0 0.71044921875 0.86279296875 0.05908203125 0.0498046875
0 0.47021484375 0.859375 0.0400390625 0.03076171875
0 0.5166015625 0.86328125 0.05078125 0.0400390625
0 0.5634765625 0.87255859375 0.04833984375 0.0361328125
0 0.61572265625 0.88671875 0.0693359375 0.04638671875
0 0.67041015625 0.89794921875 0.0361328125 0.03125
0 0.48779296875 0.9033203125 0.0771484375 0.046875
0 0.54345703125 0.92138671875 0.04150390625 0.0380859375
0 0.5859375 0.92236328125 0.05078125 0.04150390625
0 0.46923828125 0.94921875 0.0400390625 0.0390625
0 0.5078125 0.95947265625 0.0556640625 0.04736328125
0 0.58642578125 0.9755859375 0.10546875 0.04443359375
0 0.47021484375 0.98681640625 0.0419921875 0.0224609375