0 0.21240234375 0.00634765625 0.0322265625 0.0126953125
0 0.255859375 0.0048828125 0.052734375 0.009765625
0 0.30615234375 0.00634765625 0.0458984375 0.0126953125
0 0.34619140625 0.0048828125 0.0322265625 0.009765625
0 0.06689453125 0.05810546875 0.1337890625 0.1162109375
0 0.2119140625 0.068359375 0.1240234375 0.10400390625
0 0.33154296875 0.06982421875 0.0966796875 0.1005859375
0 0.19677734375 0.1396484375 0.046875 0.0390625
0 0.25341796875 0.13818359375 0.06396484375 0.0419921875
0 0.3330078125 0.13671875 0.09375 0.0390625
0 0.828125 0.0166015625 0.06640625 0.033203125
0 0.87060546875 0.01123046875 0.0263671875 0.0224609375
0 0.90283203125 0.01123046875 0.0419921875 0.0224609375
0 0.9541015625 0.01416015625 0.0625 0.0283203125
0 0.99169921875 0.01123046875 0.0166015625 0.0224609375
0 0.82763671875 0.17431640625 0.0673828125 0.05419921875
0 0.87158203125 0.18017578125 0.02783203125 0.04736328125
0 0.89892578125 0.18359375 0.0322265625 0.05126953125
0 0.931640625 0.1845703125 0.0361328125 0.05810546875
0 0.2626953125 0.4765625 0.0703125 0.033203125
0 0.43310546875 0.63818359375 0.1064453125 0.1572265625
0 0.560546875 0.65576171875 0.13330078125 0.123046875
0 0.42529296875 0.796875 0.0908203125 0.16015625
0 0.537109375 0.79931640625 0.12646484375 0.1640625
0 0.52685546875 0.91015625 0.0654296875 0.04443359375