0 0.498046875 0.109375 0.0625 0.056640625
0 0.32373046875 0.26220703125 0.27197265625 0.17333984375
0 0.4794921875 0.17822265625 0.099609375 0.1845703125
0 0.40966796875 0.32177734375 0.1376953125 0.09228515625
0 0.50537109375 0.2744140625 0.0478515625 0.107421875
0 0.486328125 0.34130859375 0.0859375 0.1201171875
0 0.51708984375 0.5009765625 0.0244140625 0.0390625
0 0.3603515625 0.54736328125 0.2705078125 0.1591796875
0 0.25830078125 0.61669921875 0.1103515625 0.0263671875
0 0.55859375 0.1123046875 0.05859375 0.046875
0 0.6201171875 0.1162109375 0.05126953125 0.046875
0 0.69921875 0.111328125 0.09619140625 0.056640625
0 0.79833984375 0.1142578125 0.08984375 0.0498046875
0 0.90673828125 0.111328125 0.12353515625 0.05322265625
0 0.98486328125 0.11083984375 0.0302734375 0.0595703125
0 0.5986328125 0.29150390625 0.138671875 0.1083984375
0 0.794921875 0.298828125 0.2099609375 0.08154296875
0 0.95703125 0.2763671875 0.0859375 0.087890625
0 0.61865234375 0.43408203125 0.1787109375 0.1064453125
0 0.7802734375 0.4228515625 0.10107421875 0.08642578125
0 0.8974609375 0.4296875 0.09521484375 0.06005859375
0 0.57421875 0.56640625 0.08984375 0.0546875
0 0.64990234375 0.57275390625 0.04736328125 0.04345703125
0 0.70556640625 0.5634765625 0.05126953125 0.0615234375
0 0.7841796875 0.56103515625 0.10107421875 0.0634765625
0 0.88720703125 0.56689453125 0.09521484375 0.05517578125
0 0.9716796875 0.55908203125 0.056640625 0.0634765625
0 0.6796875 0.6142578125 0.0576171875 0.0234375
0 0.7333984375 0.615234375 0.04736328125 0.0283203125
0 0.78466796875 0.61181640625 0.04736328125 0.02490234375
0 0.8388671875 0.611328125 0.05615234375 0.02685546875
0 0.8984375 0.61181640625 0.05517578125 0.0283203125
0 0.962890625 0.61181640625 0.06640625 0.0283203125
0 0.1240234375 0.732421875 0.16552734375 0.0849609375
0 0.29638671875 0.7099609375 0.16455078125 0.1181640625
0 0.1044921875 0.83984375 0.14697265625 0.10546875
0 0.27978515625 0.83447265625 0.19580078125 0.13037109375
0 0.05615234375 0.9443359375 0.05224609375 0.0361328125
0 0.10205078125 0.943359375 0.03662109375 0.03466796875
0 0.15234375 0.94189453125 0.044921875 0.03173828125
0 0.19921875 0.9365234375 0.044921875 0.0400390625
0 0.26611328125 0.93798828125 0.08740234375 0.0400390625
0 0.35693359375 0.9384765625 0.03955078125 0.033203125
0 0.564453125 0.6416015625 0.025390625 0.0234375
0 0.626953125 0.7041015625 0.095703125 0.1484375
0 0.71484375 0.70166015625 0.068359375 0.1435546875
0 0.78515625 0.72265625 0.060546875 0.1171875
0 0.8857421875 0.7158203125 0.125 0.171875
0 0.97216796875 0.72998046875 0.0556640625 0.1591796875