0 0.365234375 0.04736328125 0.328125 0.0947265625
0 0.279296875 0.16552734375 0.0439453125 0.02294921875
0 0.3251953125 0.17431640625 0.052734375 0.02587890625
0 0.36767578125 0.18017578125 0.0224609375 0.02099609375
0 0.41845703125 0.18798828125 0.07470703125 0.03076171875
0 0.25146484375 0.3720703125 0.07373046875 0.03662109375
0 0.34521484375 0.3857421875 0.0888671875 0.04150390625
0 0.4365234375 0.3818359375 0.05126953125 0.02197265625
0 0.494140625 0.39111328125 0.06640625 0.02685546875
0 0.6083984375 0.02197265625 0.068359375 0.0439453125
0 0.69140625 0.0576171875 0.0732421875 0.0791015625
0 0.66796875 0.27392578125 0.13916015625 0.099609375
0 0.57080078125 0.279296875 0.0419921875 0.048828125
0 0.60693359375 0.29052734375 0.03125 0.044921875
0 0.64501953125 0.30517578125 0.04736328125 0.041015625
0 0.693359375 0.32177734375 0.0537109375 0.044921875
0 0.7353515625 0.3388671875 0.03564453125 0.04150390625
0 0.61279296875 0.4677734375 0.0361328125 0.03662109375
0 0.64697265625 0.4755859375 0.0341796875 0.02734375
0 0.68701171875 0.47900390625 0.0537109375 0.0205078125
0 0.63037109375 0.47265625 0.2021484375 0.033203125
0 0.44482421875 0.802734375 0.10888671875 0.02490234375
0 0.2275390625 0.86572265625 0.1640625 0.07421875
0 0.42333984375 0.8623046875 0.1962890625 0.0751953125
0 0.16845703125 0.931640625 0.07958984375 0.05859375
0 0.2470703125 0.9345703125 0.0771484375 0.03759765625
0 0.32470703125 0.93212890625 0.07568359375 0.0498046875
0 0.392578125 0.93212890625 0.06298828125 0.0517578125
0 0.47509765625 0.9345703125 0.1083984375 0.048828125
0 0.85888671875 0.58056640625 0.2119140625 0.1826171875
0 0.60205078125 0.86328125 0.1416015625 0.0830078125
0 0.75439453125 0.80517578125 0.123046875 0.08837890625
0 0.90771484375 0.81689453125 0.1845703125 0.0791015625
0 0.7529296875 0.90673828125 0.1328125 0.10693359375
0 0.93115234375 0.9052734375 0.1376953125 0.10546875