0 0.1787109375 0.1787109375 0.0908203125 0.05126953125
0 0.17626953125 0.2529296875 0.0458984375 0.06396484375
0 0.9013671875 0.2939453125 0.02197265625 0.0400390625
0 0.91943359375 0.29296875 0.015625 0.033203125
0 0.93603515625 0.2939453125 0.02001953125 0.03466796875
0 0.96142578125 0.29443359375 0.03125 0.0361328125
0 0.3681640625 0.52001953125 0.06982421875 0.0595703125
0 0.4384765625 0.513671875 0.06884765625 0.06103515625
0 0.5205078125 0.51123046875 0.08837890625 0.05810546875
0 0.5908203125 0.517578125 0.0478515625 0.05419921875
0 0.6552734375 0.51123046875 0.0751953125 0.05810546875
0 0.7158203125 0.513671875 0.03955078125 0.04736328125
0 0.7734375 0.50830078125 0.06982421875 0.0556640625
0 0.8369140625 0.5078125 0.05322265625 0.05419921875
0 0.45751953125 0.5849609375 0.05615234375 0.0556640625
0 0.51708984375 0.583984375 0.05517578125 0.05126953125
0 0.57861328125 0.580078125 0.05517578125 0.0625
0 0.65283203125 0.57763671875 0.08447265625 0.05810546875
0 0.720703125 0.58203125 0.0458984375 0.052734375
0 0.765625 0.58056640625 0.04150390625 0.0498046875
0 0.26513671875 0.6630859375 0.0908203125 0.05419921875
0 0.35302734375 0.658203125 0.0810546875 0.052734375
0 0.43603515625 0.658203125 0.080078125 0.06396484375
0 0.49658203125 0.646484375 0.03857421875 0.0654296875
0 0.5419921875 0.6513671875 0.048828125 0.0498046875
0 0.59033203125 0.6513671875 0.046875 0.0498046875
0 0.6640625 0.65087890625 0.0615234375 0.048828125
0 0.73193359375 0.64306640625 0.04052734375 0.052734375
0 0.77783203125 0.64794921875 0.048828125 0.05126953125
0 0.82470703125 0.64306640625 0.04052734375 0.04736328125
0 0.89501953125 0.63818359375 0.1064453125 0.05419921875
0 0.54052734375 0.8779296875 0.06884765625 0.052734375