0 0.009765625 0.22216796875 0.01953125 0.0791015625
0 0.04296875 0.2265625 0.04345703125 0.07373046875
0 0.08740234375 0.23193359375 0.04150390625 0.05908203125
0 0.03125 0.30078125 0.046875 0.0556640625
0 0.72119140625 0.34375 0.126953125 0.22509765625
0 0.82421875 0.3056640625 0.0693359375 0.27490234375
0 0.91162109375 0.2890625 0.0947265625 0.27490234375
0 0.5185546875 0.68408203125 0.056640625 0.0283203125
0 0.57958984375 0.68310546875 0.0791015625 0.0263671875
0 0.32763671875 0.70947265625 0.1259765625 0.0791015625
0 0.86376953125 0.69677734375 0.1318359375 0.0537109375
0 0.826171875 0.74462890625 0.0888671875 0.029296875
0 0.912109375 0.75048828125 0.06494140625 0.029296875
0 0.80078125 0.77783203125 0.0830078125 0.03759765625
0 0.91064453125 0.7861328125 0.11376953125 0.04296875
0 0.8154296875 0.8173828125 0.08544921875 0.0361328125