0 0.08349609375 0.18310546875 0.1669921875 0.1962890625
0 0.30419921875 0.23974609375 0.25390625 0.18115234375
0 0.02001953125 0.32666015625 0.0400390625 0.1357421875
0 0.11669921875 0.357421875 0.14599609375 0.1259765625
0 0.2451171875 0.376953125 0.1103515625 0.11279296875
0 0.34130859375 0.37646484375 0.09423828125 0.1044921875
0 0.890625 0.021484375 0.08984375 0.04296875
0 0.4638671875 0.197265625 0.048828125 0.044921875
0 0.552734375 0.2021484375 0.11376953125 0.0537109375
0 0.669921875 0.19921875 0.10693359375 0.044921875
0 0.46435546875 0.24365234375 0.0498046875 0.0341796875
0 0.52685546875 0.24462890625 0.06103515625 0.02978515625
0 0.59375 0.2431640625 0.0625 0.02685546875
0 0.666015625 0.24609375 0.07373046875 0.03076171875
0 0.76171875 0.15771484375 0.017578125 0.01611328125
0 0.6826171875 0.435546875 0.2275390625 0.1142578125
0 0.9169921875 0.43310546875 0.166015625 0.1123046875
0 0.00634765625 0.6484375 0.0126953125 0.01171875
0 0.00439453125 0.72314453125 0.0087890625 0.0107421875
0 0.00341796875 0.73876953125 0.0068359375 0.0107421875
0 0.24267578125 0.8505859375 0.19873046875 0.05224609375
0 0.396484375 0.85546875 0.0859375 0.048828125
0 0.2138671875 0.8837890625 0.130859375 0.0322265625
0 0.36181640625 0.89208984375 0.14794921875 0.03564453125
0 0.38525390625 0.623046875 0.1083984375 0.0625
0 0.4306640625 0.68017578125 0.017578125 0.0673828125
0 0.9541015625 0.603515625 0.01513671875 0.01953125
0 0.97705078125 0.60498046875 0.02294921875 0.0224609375
0 0.93994140625 0.6357421875 0.02783203125 0.044921875
0 0.96728515625 0.6435546875 0.02490234375 0.0322265625