0 0.29052734375 0.31494140625 0.06005859375 0.09033203125
0 0.36865234375 0.3056640625 0.08837890625 0.11328125
0 0.45166015625 0.29736328125 0.0751953125 0.1298828125
0 0.31689453125 0.4306640625 0.0537109375 0.05859375
0 0.38916015625 0.4248046875 0.0966796875 0.0703125
0 0.4609375 0.4306640625 0.056640625 0.05859375
0 0.58837890625 0.3056640625 0.1982421875 0.189453125
0 0.8310546875 0.25927734375 0.255859375 0.23388671875
0 0.50732421875 0.9658203125 0.0361328125 0.068359375
0 0.58056640625 0.966796875 0.1103515625 0.06640625
0 0.71337890625 0.9609375 0.1474609375 0.078125
0 0.81884765625 0.97314453125 0.0537109375 0.0537109375
0 0.9248046875 0.9599609375 0.150390625 0.080078125