0 0.5400390625 0.37744140625 0.119140625 0.046875
0 0.4892578125 0.421875 0.162109375 0.0576171875
0 0.615234375 0.42822265625 0.07421875 0.06005859375
0 0.41455078125 0.462890625 0.0498046875 0.03125
0 0.5009765625 0.46728515625 0.123046875 0.0341796875
0 0.05078125 0.71484375 0.1015625 0.115234375
0 0.2626953125 0.677734375 0.25390625 0.142578125
0 0.06298828125 0.79541015625 0.0224609375 0.015625
0 0.08837890625 0.79443359375 0.0244140625 0.01806640625
0 0.11279296875 0.79150390625 0.0166015625 0.015625
0 0.14697265625 0.787109375 0.0517578125 0.02197265625
0 0.19775390625 0.78271484375 0.0419921875 0.0234375
0 0.2841796875 0.77490234375 0.025390625 0.01806640625
0 0.3447265625 0.767578125 0.08984375 0.02734375
0 0.41455078125 0.873046875 0.0498046875 0.130859375
0 0.46240234375 0.88671875 0.0478515625 0.119140625
0 0.5185546875 0.9033203125 0.0625 0.11181640625
0 0.5673828125 0.91650390625 0.01953125 0.091796875
0 0.69140625 0.63525390625 0.03515625 0.1123046875
0 0.73046875 0.62646484375 0.041015625 0.0947265625
0 0.7744140625 0.61962890625 0.044921875 0.0810546875