0 0.17578125 0.25439453125 0.0185546875 0.0205078125
0 0.2021484375 0.255859375 0.033203125 0.021484375
0 0.2353515625 0.25732421875 0.029296875 0.0185546875
0 0.26123046875 0.2548828125 0.021484375 0.01904296875
0 0.287109375 0.25390625 0.02978515625 0.021484375
0 0.3154296875 0.255859375 0.02783203125 0.0185546875
0 0.35009765625 0.25439453125 0.0419921875 0.01904296875
0 0.38623046875 0.25244140625 0.02685546875 0.0234375
0 0.41064453125 0.251953125 0.021484375 0.02099609375
0 0.43359375 0.2548828125 0.02392578125 0.0234375
0 0.1015625 0.2861328125 0.1376953125 0.03662109375
0 0.232421875 0.28955078125 0.12109375 0.02978515625
0 0.337890625 0.2890625 0.07763671875 0.03564453125
0 0.4189453125 0.2841796875 0.0732421875 0.04345703125
0 0.09521484375 0.3427734375 0.1904296875 0.05859375
0 0.337890625 0.33837890625 0.24462890625 0.07177734375
0 0.0166015625 0.4013671875 0.033203125 0.0234375
0 0.048828125 0.40234375 0.0302734375 0.0244140625
0 0.0751953125 0.40087890625 0.02197265625 0.02392578125
0 0.1103515625 0.40087890625 0.02294921875 0.02490234375
0 0.138671875 0.40185546875 0.02734375 0.02734375
0 0.39990234375 0.40234375 0.0361328125 0.02490234375
0 0.443359375 0.40185546875 0.04736328125 0.02783203125
0 0.51318359375 0.50341796875 0.06396484375 0.068359375
0 0.55224609375 0.505859375 0.01171875 0.04736328125
0 0.49853515625 0.55029296875 0.0576171875 0.0322265625
0 0.5322265625 0.5517578125 0.0078125 0.02880859375
0 0.30224609375 0.8662109375 0.21240234375 0.0654296875
0 0.35546875 0.9443359375 0.228515625 0.111328125
0 0.38134765625 0.7509765625 0.0205078125 0.0234375
0 0.66064453125 0.970703125 0.033203125 0.041015625
0 0.69775390625 0.9765625 0.0341796875 0.041015625
0 0.7412109375 0.97802734375 0.04248046875 0.0439453125
0 0.779296875 0.98388671875 0.025390625 0.0322265625
0 0.8056640625 0.98486328125 0.021484375 0.0302734375
0 0.830078125 0.986328125 0.025390625 0.02734375