0 0.0283203125 0.26806640625 0.056640625 0.0341796875
0 0.009765625 0.34912109375 0.01953125 0.0322265625
0 0.05810546875 0.349609375 0.06787109375 0.02978515625
0 0.11669921875 0.35107421875 0.046875 0.03271484375
0 0.17919921875 0.35009765625 0.0732421875 0.02685546875
0 0.2666015625 0.3505859375 0.09375 0.02783203125
0 0.03515625 0.3818359375 0.0703125 0.03125
0 0.13623046875 0.3828125 0.1201171875 0.033203125
0 0.26513671875 0.384765625 0.12255859375 0.03369140625
0 0.06103515625 0.43310546875 0.1220703125 0.0537109375
0 0.236328125 0.431640625 0.1826171875 0.060546875
0 0.2099609375 0.48876953125 0.23876953125 0.04443359375
0 0.77099609375 0.07958984375 0.2783203125 0.1591796875
0 0.87548828125 0.22802734375 0.2294921875 0.17236328125
0 0.73828125 0.38330078125 0.18212890625 0.10546875
0 0.9228515625 0.3955078125 0.154296875 0.107421875
0 0.75341796875 0.47021484375 0.1337890625 0.09814453125
0 0.91259765625 0.48046875 0.1748046875 0.0859375
0 0.7099609375 0.546875 0.0361328125 0.05224609375
0 0.76123046875 0.556640625 0.0595703125 0.04736328125
0 0.81982421875 0.5625 0.0458984375 0.04150390625
0 0.8583984375 0.56396484375 0.03369140625 0.04736328125
0 0.90380859375 0.572265625 0.05712890625 0.05810546875
0 0.7802734375 0.67236328125 0.119140625 0.0654296875
0 0.90625 0.6591796875 0.12109375 0.0390625
0 0.7265625 0.77392578125 0.1640625 0.14306640625
0 0.9140625 0.765625 0.171875 0.142578125
0 0.599609375 0.89794921875 0.08203125 0.05224609375
0 0.6728515625 0.89111328125 0.060546875 0.06005859375
0 0.73828125 0.88720703125 0.0703125 0.0625
0 0.8046875 0.892578125 0.06640625 0.0625
0 0.8486328125 0.88720703125 0.017578125 0.015625
0 0.9189453125 0.88330078125 0.119140625 0.0546875
0 0.9892578125 0.8740234375 0.021484375 0.056640625
0 0.662109375 0.96826171875 0.1171875 0.05712890625
0 0.7490234375 0.96142578125 0.060546875 0.04931640625
0 0.8154296875 0.95751953125 0.076171875 0.046875