0 0.12451171875 0.08642578125 0.03125 0.03662109375
0 0.1474609375 0.0634765625 0.029296875 0.0390625
0 0.17822265625 0.0595703125 0.025390625 0.03173828125
0 0.2060546875 0.06884765625 0.02490234375 0.03662109375
0 0.2265625 0.09326171875 0.03369140625 0.0341796875
0 0.041015625 0.1572265625 0.08203125 0.068359375
0 0.14990234375 0.15869140625 0.12939453125 0.05810546875
0 0.28759765625 0.16162109375 0.1220703125 0.06396484375
0 0.43212890625 0.16650390625 0.15771484375 0.068359375
0 0.0185546875 0.2119140625 0.037109375 0.0390625
0 0.08837890625 0.2119140625 0.09326171875 0.04345703125
0 0.23583984375 0.21044921875 0.1845703125 0.03662109375
0 0.4091796875 0.212890625 0.154296875 0.044921875
0 0.01513671875 0.244140625 0.0302734375 0.0234375
0 0.0576171875 0.24609375 0.029296875 0.0185546875
0 0.09814453125 0.244140625 0.025390625 0.0224609375
0 0.12939453125 0.2421875 0.03173828125 0.0283203125
0 0.16796875 0.24609375 0.03515625 0.0234375
0 0.212890625 0.24853515625 0.0498046875 0.01904296875
0 0.49658203125 0.25146484375 0.03515625 0.02587890625
0 0.57177734375 0.314453125 0.1044921875 0.095703125
0 0.64794921875 0.31982421875 0.03515625 0.03515625
0 0.75048828125 0.29638671875 0.1533203125 0.1025390625
0 0.9150390625 0.27978515625 0.16162109375 0.10009765625
0 0.55712890625 0.40625 0.0751953125 0.072265625
0 0.62744140625 0.4013671875 0.05322265625 0.0673828125
0 0.71630859375 0.4013671875 0.1123046875 0.072265625
0 0.81982421875 0.38623046875 0.0830078125 0.08251953125
0 0.9033203125 0.384765625 0.0732421875 0.06005859375
0 0.974609375 0.3681640625 0.05078125 0.078125
0 0.5439453125 0.47802734375 0.048828125 0.0478515625
0 0.591796875 0.47509765625 0.0546875 0.0498046875
0 0.626953125 0.4736328125 0.02392578125 0.04736328125
0 0.66845703125 0.4638671875 0.0673828125 0.0625
0 0.71142578125 0.47119140625 0.015625 0.017578125
0 0.75537109375 0.46728515625 0.0703125 0.06005859375
0 0.81591796875 0.4560546875 0.05908203125 0.0625
0 0.87939453125 0.4462890625 0.06494140625 0.0625
0 0.916015625 0.45751953125 0.01708984375 0.01513671875
0 0.95751953125 0.451171875 0.06591796875 0.0576171875
0 0.994140625 0.443359375 0.01171875 0.052734375
0 0.55224609375 0.5146484375 0.0654296875 0.029296875
0 0.61328125 0.51318359375 0.064453125 0.0322265625
0 0.67578125 0.51220703125 0.060546875 0.0341796875
0 0.73388671875 0.50830078125 0.0615234375 0.0419921875
0 0.77294921875 0.51513671875 0.015625 0.02001953125
0 0.81201171875 0.5068359375 0.0634765625 0.044921875
0 0.8779296875 0.50341796875 0.076171875 0.0517578125
0 0.935546875 0.5 0.03955078125 0.0498046875
0 0.97802734375 0.49609375 0.0439453125 0.052734375
0 0.17333984375 0.55078125 0.3095703125 0.04296875
0 0.43505859375 0.5517578125 0.1689453125 0.044921875
0 0.40771484375 0.6005859375 0.2236328125 0.044921875
0 0.03759765625 0.7412109375 0.046875 0.02392578125
0 0.08447265625 0.7431640625 0.04443359375 0.02099609375
0 0.13720703125 0.74365234375 0.05908203125 0.0224609375
0 0.02734375 0.76904296875 0.0263671875 0.02490234375
0 0.06689453125 0.7666015625 0.048828125 0.017578125
0 0.10205078125 0.767578125 0.01708984375 0.01611328125
0 0.56005859375 0.58984375 0.0810546875 0.0546875
0 0.6796875 0.58837890625 0.154296875 0.05712890625
0 0.8037109375 0.57958984375 0.08984375 0.07568359375
0 0.900390625 0.57958984375 0.115234375 0.06494140625
0 0.98095703125 0.58544921875 0.0380859375 0.0576171875
0 0.5693359375 0.63427734375 0.015625 0.02880859375
0 0.6015625 0.6328125 0.052734375 0.03125
0 0.6435546875 0.63525390625 0.0390625 0.02587890625
0 0.6845703125 0.63134765625 0.046875 0.0390625
0 0.71875 0.63671875 0.025390625 0.02880859375
0 0.7958984375 0.63671875 0.09765625 0.02880859375
0 0.875 0.63525390625 0.048828125 0.03662109375
0 0.919921875 0.63427734375 0.037109375 0.0390625
0 0.955078125 0.63427734375 0.033203125 0.0390625
0 0.98486328125 0.6376953125 0.0302734375 0.037109375
0 0.53173828125 0.66796875 0.0244140625 0.0390625
0 0.5693359375 0.66796875 0.05078125 0.03369140625
0 0.623046875 0.66796875 0.056640625 0.03369140625
0 0.6865234375 0.66943359375 0.0703125 0.04150390625
0 0.7451171875 0.67041015625 0.05078125 0.0390625
0 0.7890625 0.67333984375 0.041015625 0.0390625
0 0.8232421875 0.67578125 0.03125 0.0390625
0 0.85546875 0.671875 0.033203125 0.03662109375
0 0.896484375 0.67431640625 0.052734375 0.03662109375
0 0.9443359375 0.67431640625 0.05078125 0.04150390625
0 0.98486328125 0.67138671875 0.0302734375 0.0361328125
0 0.654296875 0.859375 0.025390625 0.046875
0 0.677734375 0.86572265625 0.029296875 0.0390625
0 0.6494140625 0.93896484375 0.0234375 0.0390625
0 0.6689453125 0.92822265625 0.02734375 0.0546875
0 0.7236328125 0.85009765625 0.0390625 0.0390625
0 0.9013671875 0.73681640625 0.13671875 0.03662109375
0 0.98876953125 0.736328125 0.0224609375 0.037109375
0 0.837890625 0.77099609375 0.041015625 0.02587890625
0 0.8779296875 0.77490234375 0.04296875 0.02880859375
0 0.9140625 0.77587890625 0.033203125 0.02587890625
0 0.94921875 0.77490234375 0.048828125 0.02880859375
0 0.9833984375 0.77490234375 0.01953125 0.0234375
0 0.99560546875 0.7744140625 0.0087890625 0.029296875
0 0.9638671875 0.92724609375 0.015625 0.02099609375
0 0.984375 0.92578125 0.029296875 0.01806640625