0 0.41796875 0.05615234375 0.0185546875 0.01953125
0 0.43701171875 0.0576171875 0.01904296875 0.02001953125
0 0.4658203125 0.05859375 0.0380859375 0.025390625
0 0.4990234375 0.06103515625 0.0234375 0.025390625
0 0.529296875 0.06201171875 0.0302734375 0.03271484375
0 0.5654296875 0.06689453125 0.0361328125 0.021484375
0 0.603515625 0.06640625 0.03662109375 0.0341796875
0 0.64697265625 0.06982421875 0.04150390625 0.03369140625
0 0.68310546875 0.072265625 0.021484375 0.0302734375
0 0.7158203125 0.078125 0.04150390625 0.0322265625
0 0.75048828125 0.0810546875 0.02294921875 0.02294921875
0 0.78076171875 0.08251953125 0.02880859375 0.03369140625
0 0.4599609375 0.08984375 0.02001953125 0.02001953125
0 0.5166015625 0.09521484375 0.09326171875 0.02880859375
0 0.1708984375 0.4658203125 0.2041015625 0.2216796875
0 0.28271484375 0.3876953125 0.00927734375 0.0166015625
0 0.32421875 0.42822265625 0.078125 0.11474609375
0 0.18603515625 0.8896484375 0.02099609375 0.01416015625
0 0.19482421875 0.89892578125 0.02392578125 0.009765625
0 0.27783203125 0.82080078125 0.00830078125 0.00634765625
0 0.27783203125 0.8291015625 0.0048828125 0.00634765625
0 0.2783203125 0.8369140625 0.009765625 0.005859375
0 0.09375 0.9814453125 0.0068359375 0.005859375
0 0.4130859375 0.3330078125 0.087890625 0.06640625
0 0.40966796875 0.38818359375 0.06005859375 0.0595703125
0 0.373046875 0.4462890625 0.0078125 0.013671875
0 0.4013671875 0.44189453125 0.01611328125 0.01513671875
0 0.41455078125 0.43994140625 0.01513671875 0.017578125
0 0.42822265625 0.43701171875 0.01611328125 0.0146484375
0 0.45556640625 0.4775390625 0.0263671875 0.03125
0 0.474609375 0.47021484375 0.015625 0.03125
0 0.4990234375 0.4755859375 0.02978515625 0.04052734375
0 0.46728515625 0.51025390625 0.03076171875 0.01953125
0 0.49658203125 0.50634765625 0.02197265625 0.013671875
0 0.375 0.6826171875 0.01171875 0.029296875
0 0.384765625 0.68505859375 0.01123046875 0.0283203125
0 0.3984375 0.6884765625 0.0234375 0.03125
0 0.37890625 0.70947265625 0.0185546875 0.01708984375
0 0.39453125 0.7119140625 0.01513671875 0.0146484375
0 0.431640625 0.68310546875 0.02685546875 0.0166015625
0 0.453125 0.68212890625 0.01416015625 0.0185546875
0 0.439453125 0.7001953125 0.03369140625 0.0205078125
0 0.43115234375 0.71826171875 0.01953125 0.01171875
0 0.44873046875 0.7158203125 0.01513671875 0.01025390625
0 0.92333984375 0.30859375 0.0283203125 0.017578125
0 0.947265625 0.3115234375 0.017578125 0.0234375
0 0.91357421875 0.3505859375 0.02197265625 0.03466796875
0 0.94482421875 0.3623046875 0.03271484375 0.03564453125
0 0.9755859375 0.4609375 0.0361328125 0.02294921875
0 0.41162109375 0.8896484375 0.04296875 0.03369140625
0 0.4140625 0.91162109375 0.04248046875 0.03369140625