0 0.017578125 0.38916015625 0.03515625 0.0302734375
0 0.03271484375 0.4296875 0.0654296875 0.037109375
0 0.119140625 0.38818359375 0.0908203125 0.08203125
0 0.26123046875 0.34814453125 0.19384765625 0.11865234375
0 0.03173828125 0.498046875 0.0634765625 0.048828125
0 0.064453125 0.576171875 0.12890625 0.166015625
0 0.20849609375 0.50634765625 0.24267578125 0.21630859375
0 0.40087890625 0.5263671875 0.15966796875 0.19189453125
0 0.48681640625 0.5986328125 0.0537109375 0.12109375
0 0.00927734375 0.52392578125 0.0185546875 0.0322265625
0 0.04052734375 0.5087890625 0.04541015625 0.03125
0 0.78955078125 0.0458984375 0.1015625 0.04052734375
0 0.79052734375 0.07470703125 0.080078125 0.0380859375
0 0.62060546875 0.39111328125 0.0224609375 0.0634765625
0 0.67041015625 0.39501953125 0.06982421875 0.06591796875
0 0.765625 0.40380859375 0.11328125 0.0732421875
0 0.849609375 0.41015625 0.04833984375 0.060546875
0 0.923828125 0.42041015625 0.09326171875 0.060546875
0 0.708984375 0.46337890625 0.0966796875 0.09130859375
0 0.7861328125 0.47216796875 0.0849609375 0.07861328125
0 0.849609375 0.486328125 0.05810546875 0.0556640625
0 0.9013671875 0.482421875 0.05810546875 0.0732421875
0 0.958984375 0.4931640625 0.08203125 0.060546875
0 0.6796875 0.521484375 0.09814453125 0.03564453125
0 0.74560546875 0.52685546875 0.03662109375 0.03564453125
0 0.7822265625 0.525390625 0.03662109375 0.0380859375
0 0.81884765625 0.533203125 0.03662109375 0.03271484375
0 0.8486328125 0.53564453125 0.02685546875 0.03271484375
0 0.8828125 0.53662109375 0.04150390625 0.03564453125
0 0.92041015625 0.53662109375 0.03662109375 0.03564453125
0 0.95947265625 0.5380859375 0.04150390625 0.0380859375
0 0.990234375 0.54541015625 0.01953125 0.0322265625
0 0.01953125 0.708984375 0.0390625 0.099609375
0 0.138671875 0.9091796875 0.27734375 0.181640625
0 0.4013671875 0.94580078125 0.23828125 0.1083984375
0 0.64892578125 0.76953125 0.0791015625 0.12109375