0 0.27001953125 0.31103515625 0.2548828125 0.2978515625
0 0.5234375 0.33203125 0.20703125 0.255859375
0 0.15234375 0.55517578125 0.1015625 0.064453125
0 0.2607421875 0.53662109375 0.111328125 0.0556640625
0 0.2041015625 0.58740234375 0.107421875 0.041015625
0 0.021484375 0.72607421875 0.04296875 0.0673828125
0 0.123046875 0.7001953125 0.13671875 0.0791015625
0 0.2470703125 0.69140625 0.087890625 0.0732421875
0 0.046875 0.8330078125 0.09375 0.123046875
0 0.19921875 0.8125 0.1875 0.13427734375
0 0.0888671875 0.982421875 0.037109375 0.03515625
0 0.1259765625 0.98095703125 0.017578125 0.0380859375
0 0.171875 0.9794921875 0.0546875 0.041015625
0 0.216796875 0.97802734375 0.01953125 0.0439453125
0 0.28515625 0.97509765625 0.10546875 0.0498046875
0 0.376953125 0.73388671875 0.125 0.26904296875