0 0.4521484375 0.09521484375 0.0595703125 0.056640625
0 0.6376953125 0.115234375 0.037109375 0.072265625
0 0.712890625 0.11572265625 0.1064453125 0.083984375
0 0.677734375 0.2919921875 0.1171875 0.248046875
0 0.23095703125 0.4990234375 0.17626953125 0.103515625
0 0.39794921875 0.50439453125 0.1435546875 0.0927734375
0 0.1435546875 0.64892578125 0.2529296875 0.16357421875
0 0.3642578125 0.65283203125 0.16357421875 0.13916015625
0 0.6875 0.72021484375 0.13671875 0.1376953125
0 0.75732421875 0.8525390625 0.1474609375 0.1533203125
0 0.64794921875 0.90673828125 0.0576171875 0.1357421875