0 0.1005859375 0.18603515625 0.06689453125 0.02880859375
0 0.14990234375 0.19189453125 0.03662109375 0.0244140625
0 0.18212890625 0.19580078125 0.0419921875 0.0244140625
0 0.228515625 0.2021484375 0.0693359375 0.02978515625
0 0.29345703125 0.2119140625 0.07177734375 0.03173828125
0 0.359375 0.22265625 0.06298828125 0.03173828125
0 0.416015625 0.2314453125 0.0615234375 0.03076171875
0 0.4814453125 0.236328125 0.0732421875 0.03564453125
0 0.5654296875 0.251953125 0.087890625 0.0390625
0 0.08837890625 0.32080078125 0.1767578125 0.1220703125
0 0.26904296875 0.287109375 0.2333984375 0.06689453125
0 0.453125 0.318359375 0.15625 0.09814453125
0 0.5458984375 0.35791015625 0.126953125 0.0634765625
0 0.19677734375 0.3388671875 0.2568359375 0.1015625
0 0.38818359375 0.35546875 0.1142578125 0.068359375
0 0.478515625 0.37646484375 0.1171875 0.0263671875
0 0.22607421875 0.3818359375 0.1279296875 0.015625
0 0.671875 0.31298828125 0.125 0.1533203125
0 0.8203125 0.36181640625 0.16015625 0.0556640625
0 0.5048828125 0.431640625 0.06640625 0.083984375
0 0.7060546875 0.580078125 0.193359375 0.255859375
0 0.9296875 0.6279296875 0.140625 0.171875
0 0.6220703125 0.76904296875 0.025390625 0.0517578125