0 0.1630859375 0.025390625 0.080078125 0.05078125
0 0.27099609375 0.03564453125 0.1318359375 0.0712890625
0 0.16357421875 0.82080078125 0.171875 0.1328125
0 0.32666015625 0.8359375 0.10986328125 0.09033203125
0 0.45556640625 0.826171875 0.0888671875 0.1171875
0 0.53759765625 0.40869140625 0.04052734375 0.041015625
0 0.5654296875 0.3662109375 0.0625 0.0556640625
0 0.6533203125 0.34130859375 0.1484375 0.0244140625
0 0.76513671875 0.357421875 0.0849609375 0.056640625
0 0.79931640625 0.39990234375 0.02783203125 0.0419921875
0 0.54541015625 0.4853515625 0.037109375 0.04150390625
0 0.57373046875 0.5166015625 0.037109375 0.02978515625
0 0.61181640625 0.533203125 0.04638671875 0.0224609375
0 0.6552734375 0.541015625 0.03369140625 0.01513671875
0 0.69384765625 0.5361328125 0.041015625 0.01953125
0 0.72802734375 0.5244140625 0.03173828125 0.021484375
0 0.75439453125 0.50537109375 0.029296875 0.025390625
0 0.77783203125 0.47802734375 0.03515625 0.0390625
0 0.53076171875 0.61767578125 0.0615234375 0.1630859375
0 0.80615234375 0.63037109375 0.3876953125 0.1630859375
0 0.6474609375 0.76904296875 0.294921875 0.1337890625
0 0.9169921875 0.783203125 0.166015625 0.126953125
0 0.55419921875 0.90966796875 0.1083984375 0.0908203125
0 0.69873046875 0.9169921875 0.16357421875 0.09130859375
0 0.9013671875 0.93603515625 0.197265625 0.1005859375
0 0.81982421875 0.86083984375 0.158203125 0.091796875
0 0.57666015625 0.8388671875 0.04345703125 0.0390625
0 0.56884765625 0.96826171875 0.03759765625 0.0302734375
0 0.82275390625 0.751953125 0.04345703125 0.0322265625
0 0.98974609375 0.8642578125 0.0205078125 0.0625
0 0.7265625 0.97119140625 0.18359375 0.0576171875