0 0.43505859375 0.2451171875 0.009765625 0.02392578125
0 0.44091796875 0.22509765625 0.01416015625 0.02392578125
0 0.451171875 0.20849609375 0.01416015625 0.02001953125
0 0.4619140625 0.2041015625 0.0078125 0.01318359375
0 0.4736328125 0.2099609375 0.01904296875 0.025390625
0 0.48046875 0.23046875 0.01123046875 0.02685546875
0 0.45654296875 0.29150390625 0.01904296875 0.0146484375
0 0.44580078125 0.3134765625 0.01806640625 0.02392578125
0 0.46630859375 0.30615234375 0.01904296875 0.0224609375
0 0.296875 0.41357421875 0.09814453125 0.07177734375
0 0.37109375 0.40869140625 0.0478515625 0.0546875
0 0.4248046875 0.3984375 0.06005859375 0.0615234375
0 0.49169921875 0.3818359375 0.0771484375 0.0654296875
0 0.55517578125 0.35546875 0.0478515625 0.07861328125
0 0.62939453125 0.3388671875 0.10888671875 0.0986328125
0 0.728515625 0.3251953125 0.0927734375 0.07177734375
0 0.33740234375 0.45849609375 0.09716796875 0.05859375
0 0.45751953125 0.43798828125 0.13720703125 0.07080078125