0 0.18603515625 0.04736328125 0.03125 0.03662109375
0 0.208984375 0.0244140625 0.029296875 0.0390625
0 0.23974609375 0.0205078125 0.025390625 0.03173828125
0 0.267578125 0.02978515625 0.02490234375 0.03662109375
0 0.2880859375 0.05419921875 0.03369140625 0.0341796875
0 0.07177734375 0.1181640625 0.1435546875 0.068359375
0 0.21142578125 0.11962890625 0.12939453125 0.05810546875
0 0.34912109375 0.12255859375 0.1220703125 0.06396484375
0 0.45166015625 0.126953125 0.0751953125 0.068359375
0 0.05908203125 0.17333984375 0.08056640625 0.0390625
0 0.14990234375 0.1728515625 0.09326171875 0.04345703125
0 0.29736328125 0.17138671875 0.1845703125 0.03662109375
0 0.44140625 0.173828125 0.095703125 0.044921875
0 0.01171875 0.20703125 0.0234375 0.0234375
0 0.05712890625 0.20556640625 0.07080078125 0.0234375
0 0.119140625 0.20703125 0.029296875 0.0185546875
0 0.15966796875 0.205078125 0.025390625 0.0224609375
0 0.19091796875 0.203125 0.03173828125 0.0283203125
0 0.2294921875 0.20703125 0.03515625 0.0234375
0 0.2744140625 0.20947265625 0.0498046875 0.01904296875
0 0.51123046875 0.21630859375 0.0439453125 0.0498046875
0 0.61767578125 0.2109375 0.13671875 0.044921875
0 0.7626953125 0.21337890625 0.11962890625 0.046875
0 0.59423828125 0.275390625 0.2099609375 0.05078125
0 0.591796875 0.40087890625 0.205078125 0.0400390625
0 0.52294921875 0.4267578125 0.0341796875 0.005859375
0 0.2080078125 0.47802734375 0.0341796875 0.03759765625
0 0.26220703125 0.47119140625 0.04736328125 0.03515625
0 0.28955078125 0.45263671875 0.00634765625 0.00830078125
0 0.25 0.494140625 0.0224609375 0.0146484375
0 0.27099609375 0.490234375 0.013671875 0.01220703125
0 0.2900390625 0.48681640625 0.02294921875 0.01318359375
0 0.19775390625 0.5419921875 0.037109375 0.029296875
0 0.23193359375 0.53759765625 0.0322265625 0.0322265625
0 0.26513671875 0.53369140625 0.03466796875 0.03515625
0 0.29833984375 0.52392578125 0.033203125 0.0390625
0 0.232421875 0.5625 0.0302734375 0.02197265625
0 0.2666015625 0.55810546875 0.0341796875 0.01904296875
0 0.20263671875 0.61083984375 0.03271484375 0.02734375
0 0.236328125 0.60791015625 0.03564453125 0.02783203125
0 0.26220703125 0.60302734375 0.0185546875 0.021484375
0 0.29345703125 0.59765625 0.0478515625 0.03369140625
0 0.2412109375 0.63232421875 0.02880859375 0.0244140625
0 0.26806640625 0.62744140625 0.0224609375 0.02099609375
0 0.2177734375 0.6572265625 0.033203125 0.02099609375
0 0.25048828125 0.65185546875 0.03173828125 0.02001953125
0 0.2880859375 0.64697265625 0.04052734375 0.02099609375
0 0.255859375 0.6865234375 0.052734375 0.02685546875
0 0.2568359375 0.70458984375 0.1162109375 0.0244140625
0 0.57861328125 0.93212890625 0.0966796875 0.10546875