0 0.1455078125 0.26708984375 0.06982421875 0.0595703125
0 0.2158203125 0.2607421875 0.06884765625 0.06103515625
0 0.2978515625 0.25830078125 0.08837890625 0.05810546875
0 0.3681640625 0.2646484375 0.0478515625 0.05419921875
0 0.4326171875 0.25830078125 0.0751953125 0.05810546875
0 0.48095703125 0.26025390625 0.0166015625 0.0478515625
0 0.23486328125 0.33203125 0.05615234375 0.0556640625
0 0.29443359375 0.3310546875 0.05517578125 0.05126953125
0 0.35595703125 0.3271484375 0.05517578125 0.0625
0 0.43017578125 0.32470703125 0.08447265625 0.05810546875
0 0.48193359375 0.3291015625 0.0146484375 0.052734375
0 0.0439453125 0.40966796875 0.087890625 0.0537109375
0 0.13037109375 0.4052734375 0.0810546875 0.052734375
0 0.21337890625 0.4052734375 0.080078125 0.06396484375
0 0.27392578125 0.3935546875 0.03857421875 0.0654296875
0 0.3193359375 0.3984375 0.048828125 0.0498046875
0 0.36767578125 0.3984375 0.046875 0.0498046875
0 0.44140625 0.39794921875 0.0615234375 0.048828125
0 0.3173828125 0.619140625 0.068359375 0.041015625
0 0.552734375 0.26513671875 0.126953125 0.1572265625
0 0.6904296875 0.28271484375 0.13330078125 0.123046875
0 0.5537109375 0.42431640625 0.09521484375 0.16064453125
0 0.6669921875 0.42626953125 0.12646484375 0.1640625
0 0.65673828125 0.537109375 0.0654296875 0.04443359375
0 0.3447265625 0.767578125 0.28369140625 0.197265625
0 0.3408203125 0.90576171875 0.052734375 0.06298828125
0 0.4287109375 0.92626953125 0.12109375 0.1083984375