0 0.88134765625 0.015625 0.2373046875 0.03125
0 0.78515625 0.0458984375 0.04931640625 0.04052734375
0 0.83154296875 0.0380859375 0.04345703125 0.0341796875
0 0.87158203125 0.033203125 0.0390625 0.0361328125
0 0.91357421875 0.02685546875 0.04248046875 0.04052734375
0 0.53662109375 0.19140625 0.03466796875 0.0341796875
0 0.58056640625 0.18603515625 0.060546875 0.0361328125
0 0.6259765625 0.18212890625 0.037109375 0.0361328125
0 0.66015625 0.1767578125 0.03369140625 0.0341796875
0 0.689453125 0.17333984375 0.02783203125 0.0361328125
0 0.71240234375 0.17041015625 0.015625 0.0341796875
0 0.73193359375 0.1669921875 0.0234375 0.04052734375
0 0.76318359375 0.1640625 0.037109375 0.0380859375
0 0.80908203125 0.1552734375 0.05712890625 0.04248046875
0 0.49365234375 0.287109375 0.11181640625 0.0849609375
0 0.619140625 0.2744140625 0.14208984375 0.08935546875
0 0.75244140625 0.25634765625 0.130859375 0.10009765625
0 0.8662109375 0.2353515625 0.0791015625 0.1083984375
0 0.95751953125 0.21240234375 0.0849609375 0.1240234375
0 0.529296875 0.38818359375 0.2109375 0.1435546875
0 0.72314453125 0.39794921875 0.1865234375 0.1240234375
0 0.9130859375 0.37646484375 0.173828125 0.1669921875
0 0.0322265625 0.5673828125 0.064453125 0.21484375
0 0.16552734375 0.572265625 0.2060546875 0.224609375
0 0.0361328125 0.7822265625 0.072265625 0.1953125
0 0.42138671875 0.68408203125 0.1044921875 0.0341796875
0 0.54248046875 0.69189453125 0.12451171875 0.03515625
0 0.640625 0.693359375 0.0654296875 0.03173828125
0 0.50390625 0.7412109375 0.26953125 0.091796875
0 0.90087890625 0.89892578125 0.0166015625 0.00537109375
0 0.9228515625 0.8994140625 0.02734375 0.00537109375