0 0.13427734375 0.82568359375 0.16357421875 0.04833984375
0 0.138671875 0.9130859375 0.02978515625 0.02587890625
0 0.13818359375 0.93603515625 0.04638671875 0.02783203125
0 0.720703125 0.36279296875 0.013671875 0.0224609375
0 0.732421875 0.36376953125 0.009765625 0.02392578125
0 0.74755859375 0.36279296875 0.02001953125 0.02587890625
0 0.76513671875 0.38134765625 0.0126953125 0.0224609375
0 0.775390625 0.38232421875 0.01123046875 0.0205078125
0 0.79052734375 0.38134765625 0.021484375 0.02587890625
0 0.47998046875 0.5322265625 0.017578125 0.03125
0 0.50048828125 0.53076171875 0.013671875 0.02783203125
0 0.50732421875 0.55078125 0.02734375 0.0166015625
0 0.60009765625 0.55078125 0.03271484375 0.04638671875