0 0.046875 0.0341796875 0.01611328125 0.01123046875
0 0.0625 0.03271484375 0.015625 0.01123046875
0 0.04150390625 0.07080078125 0.015625 0.01025390625
0 0.0341796875 0.10888671875 0.01318359375 0.01220703125
0 0.0869140625 0.10595703125 0.00927734375 0.01025390625
0 0.1630859375 0.10400390625 0.01123046875 0.01025390625
0 0.11474609375 0.03173828125 0.009765625 0.01123046875
0 0.1298828125 0.06689453125 0.00927734375 0.01318359375
0 0.1513671875 0.02880859375 0.00830078125 0.01220703125
0 0.1669921875 0.06591796875 0.0087890625 0.01123046875
0 0.1884765625 0.02880859375 0.00927734375 0.01171875
0 0.20458984375 0.06494140625 0.0087890625 0.01171875
0 0.22509765625 0.02783203125 0.0078125 0.01220703125
0 0.2412109375 0.0634765625 0.0087890625 0.01123046875
0 0.2607421875 0.02685546875 0.01025390625 0.01171875
0 0.27734375 0.0634765625 0.00732421875 0.01123046875
0 0.29736328125 0.02587890625 0.0078125 0.01171875
0 0.314453125 0.06201171875 0.009765625 0.01318359375
0 0.333984375 0.02392578125 0.00732421875 0.01171875
0 0.3505859375 0.06005859375 0.01123046875 0.01318359375
0 0.369140625 0.02392578125 0.00927734375 0.01318359375
0 0.404296875 0.02197265625 0.0068359375 0.01220703125
0 0.423828125 0.09619140625 0.01220703125 0.01123046875
0 0.4609375 0.09423828125 0.00830078125 0.01123046875
0 0.55029296875 0.01611328125 0.017578125 0.00830078125
0 0.5537109375 0.05322265625 0.0146484375 0.01220703125
0 0.5634765625 0.08984375 0.01318359375 0.01171875
0 0.7099609375 0.01513671875 0.0078125 0.01123046875
0 0.74462890625 0.013671875 0.0078125 0.01025390625
0 0.779296875 0.01318359375 0.00732421875 0.01171875
0 0.71484375 0.04931640625 0.005859375 0.01123046875
0 0.71240234375 0.05859375 0.0126953125 0.00927734375
0 0.7509765625 0.05029296875 0.0078125 0.01171875
0 0.78515625 0.04833984375 0.00732421875 0.009765625
0 0.7392578125 0.08642578125 0.00732421875 0.01025390625
0 0.78759765625 0.09423828125 0.01171875 0.00927734375
0 0.8232421875 0.06689453125 0.01708984375 0.01025390625
0 0.78466796875 0.0576171875 0.017578125 0.009765625
0 0.85546875 0.11865234375 0.01171875 0.02197265625
0 0.865234375 0.13720703125 0.0185546875 0.02880859375
0 0.87890625 0.15478515625 0.01513671875 0.02197265625
0 0.892578125 0.16845703125 0.021484375 0.02783203125
0 0.9189453125 0.189453125 0.03857421875 0.03271484375
0 0.47119140625 0.23095703125 0.193359375 0.060546875
0 0.6142578125 0.24853515625 0.087890625 0.04443359375
0 0.4873046875 0.3251953125 0.24951171875 0.150390625
0 0.50244140625 0.44970703125 0.3203125 0.162109375
0 0.486328125 0.58056640625 0.33935546875 0.18115234375
0 0.658203125 0.66552734375 0.01220703125 0.01611328125
0 0.3388671875 0.66015625 0.05908203125 0.04931640625
0 0.39697265625 0.66748046875 0.0537109375 0.04541015625
0 0.4873046875 0.68408203125 0.11669921875 0.05810546875
0 0.5986328125 0.69775390625 0.10302734375 0.052734375
0 0.41015625 0.728515625 0.14599609375 0.08056640625
0 0.556640625 0.74658203125 0.13720703125 0.07666015625
0 0.33984375 0.78466796875 0.06884765625 0.07470703125
0 0.439453125 0.79638671875 0.125 0.083984375
0 0.578125 0.81689453125 0.13623046875 0.08740234375
0 0.24951171875 0.8037109375 0.017578125 0.03955078125
0 0.2578125 0.76513671875 0.02001953125 0.046875
0 0.2939453125 0.85693359375 0.0126953125 0.01220703125
0 0.3076171875 0.8583984375 0.01513671875 0.01220703125
0 0.3203125 0.8603515625 0.01220703125 0.01123046875
0 0.3330078125 0.86181640625 0.0146484375 0.013671875
0 0.345703125 0.86474609375 0.01220703125 0.01220703125
0 0.35986328125 0.8662109375 0.017578125 0.013671875
0 0.3740234375 0.86767578125 0.0126953125 0.01318359375
0 0.3837890625 0.869140625 0.00830078125 0.01318359375
0 0.392578125 0.87109375 0.01123046875 0.01171875
0 0.40478515625 0.87353515625 0.015625 0.01171875
0 0.546875 0.88427734375 0.02099609375 0.017578125
0 0.568359375 0.8876953125 0.0224609375 0.017578125
0 0.59033203125 0.89111328125 0.01953125 0.01904296875
0 0.6201171875 0.89697265625 0.03857421875 0.0234375
0 0.2197265625 0.3017578125 0.03076171875 0.02685546875
0 0.25048828125 0.28759765625 0.0283203125 0.0234375
0 0.2841796875 0.27197265625 0.0380859375 0.02783203125
0 0.32373046875 0.2548828125 0.03515625 0.02783203125
0 0.2451171875 0.30517578125 0.03271484375 0.029296875
0 0.275390625 0.29248046875 0.03173828125 0.0234375
0 0.2998046875 0.2822265625 0.01904296875 0.021484375
0 0.32421875 0.27001953125 0.02978515625 0.02490234375
0 0.2724609375 0.39208984375 0.08740234375 0.08056640625