0 0.125 0.0068359375 0.09765625 0.013671875
0 0.6201171875 0.0458984375 0.072265625 0.08154296875
0 0.69677734375 0.044921875 0.0712890625 0.08984375
0 0.78076171875 0.04833984375 0.0888671875 0.0966796875
0 0.921875 0.0791015625 0.15625 0.158203125
0 0.5234375 0.1875 0.107421875 0.05859375
0 0.619140625 0.18505859375 0.076171875 0.07861328125
0 0.7001953125 0.20361328125 0.076171875 0.07373046875
0 0.77783203125 0.19091796875 0.06982421875 0.07666015625
0 0.84912109375 0.19091796875 0.06494140625 0.080078125
0 0.9375 0.19580078125 0.0673828125 0.07666015625
0 0.98681640625 0.20263671875 0.0263671875 0.0693359375
0 0.17529296875 0.64306640625 0.02880859375 0.015625
0 0.17431640625 0.65576171875 0.0283203125 0.0078125
0 0.17431640625 0.6650390625 0.02783203125 0.0087890625
0 0.7470703125 0.60400390625 0.126953125 0.1689453125
0 0.86572265625 0.6044921875 0.1025390625 0.169921875
0 0.9619140625 0.607421875 0.076171875 0.17578125
0 0.83203125 0.7919921875 0.0556640625 0.1123046875
0 0.9208984375 0.78564453125 0.10009765625 0.130859375
0 0.72021484375 0.9365234375 0.0693359375 0.126953125
0 0.818359375 0.94287109375 0.11328125 0.1142578125
0 0.94287109375 0.93017578125 0.1142578125 0.1337890625