0 0.05126953125 0.07421875 0.08837890625 0.11328125
0 0.15283203125 0.06640625 0.11181640625 0.12939453125
0 0.23779296875 0.0869140625 0.04931640625 0.0927734375
0 0.2998046875 0.06640625 0.072265625 0.1328125
0 0.361328125 0.0869140625 0.046875 0.13427734375
0 0.01318359375 0.2255859375 0.0263671875 0.111328125
0 0.072265625 0.22119140625 0.09619140625 0.125
0 0.169921875 0.22705078125 0.109375 0.11328125
0 0.26708984375 0.224609375 0.08203125 0.12255859375
0 0.82763671875 0.06103515625 0.3447265625 0.1220703125
0 0.97998046875 0.216796875 0.0400390625 0.02734375
0 0.9384765625 0.1533203125 0.123046875 0.05859375
0 0.9267578125 0.21337890625 0.0556640625 0.03125
0 0.86767578125 0.2080078125 0.05419921875 0.02978515625
0 0.8076171875 0.14990234375 0.12060546875 0.0556640625
0 0.66015625 0.12548828125 0.15576171875 0.06005859375
0 0.58447265625 0.1826171875 0.04736328125 0.02978515625
0 0.63916015625 0.18798828125 0.04736328125 0.02783203125
0 0.689453125 0.18994140625 0.041015625 0.03125
0 0.74658203125 0.1943359375 0.05810546875 0.033203125
0 0.8095703125 0.201171875 0.05322265625 0.03759765625
0 0.203125 0.6279296875 0.064453125 0.017578125
0 0.28076171875 0.6259765625 0.0751953125 0.013671875
0 0.35791015625 0.6240234375 0.0634765625 0.009765625