0 0.13134765625 0.01806640625 0.1923828125 0.0361328125
0 0.3037109375 0.03076171875 0.146484375 0.0615234375
0 0.16845703125 0.212890625 0.2783203125 0.10302734375
0 0.3671875 0.2353515625 0.083984375 0.099609375
0 0.07861328125 0.302734375 0.1572265625 0.06640625
0 0.2529296875 0.30810546875 0.1728515625 0.07666015625
0 0.3779296875 0.31298828125 0.0625 0.0615234375
0 0.18701171875 0.59912109375 0.2841796875 0.1416015625
0 0.2080078125 0.77392578125 0.40234375 0.2021484375
0 0.0498046875 0.9765625 0.099609375 0.046875
0 0.1748046875 0.97705078125 0.154296875 0.0458984375
0 0.31298828125 0.9794921875 0.1259765625 0.041015625
0 0.3740234375 0.51220703125 0.044921875 0.1455078125
0 0.3955078125 0.6044921875 0.02734375 0.330078125