0 0.2822265625 0.37548828125 0.2333984375 0.0341796875
0 0.216796875 0.46142578125 0.09814453125 0.02685546875
0 0.3134765625 0.45703125 0.095703125 0.03173828125
0 0.39990234375 0.45703125 0.06787109375 0.02978515625
0 0.45849609375 0.45849609375 0.046875 0.03271484375
0 0.52099609375 0.45751953125 0.0732421875 0.02685546875
0 0.6083984375 0.4580078125 0.09375 0.02783203125
0 0.2216796875 0.49072265625 0.12548828125 0.03271484375
0 0.3515625 0.48974609375 0.12255859375 0.03076171875
0 0.47802734375 0.490234375 0.1201171875 0.033203125
0 0.60693359375 0.4921875 0.12255859375 0.03369140625
0 0.3095703125 0.54052734375 0.30908203125 0.0537109375
0 0.578125 0.5390625 0.1826171875 0.060546875
0 0.5517578125 0.59619140625 0.23876953125 0.04443359375
0 0.17333984375 0.736328125 0.046875 0.02392578125
0 0.22021484375 0.73828125 0.04443359375 0.02099609375
0 0.27294921875 0.73876953125 0.05908203125 0.0224609375
0 0.1630859375 0.76416015625 0.0263671875 0.02490234375
0 0.20263671875 0.76171875 0.048828125 0.017578125
0 0.23779296875 0.7626953125 0.01708984375 0.01611328125