0 0.63720703125 0.1142578125 0.0888671875 0.0361328125
0 0.71337890625 0.12109375 0.0615234375 0.03515625
0 0.59619140625 0.14208984375 0.05224609375 0.03369140625
0 0.64599609375 0.1484375 0.0439453125 0.03369140625
0 0.6953125 0.150390625 0.0498046875 0.03662109375
0 0.7431640625 0.15673828125 0.044921875 0.033203125
0 0.66650390625 0.185546875 0.20068359375 0.05859375
0 0.87939453125 0.01318359375 0.0732421875 0.0263671875
0 0.9404296875 0.01806640625 0.0419921875 0.03173828125
0 0.9814453125 0.02587890625 0.037109375 0.0263671875
0 0.83935546875 0.177734375 0.0517578125 0.02294921875
0 0.8720703125 0.1826171875 0.013671875 0.01953125
0 0.8896484375 0.18017578125 0.01806640625 0.025390625
0 0.90283203125 0.1845703125 0.0087890625 0.01806640625
0 0.9345703125 0.18603515625 0.04150390625 0.021484375
0 0.97021484375 0.18896484375 0.0263671875 0.017578125
0 0.9951171875 0.19189453125 0.009765625 0.0185546875
0 0.93505859375 0.216796875 0.0966796875 0.0263671875
0 0.91552734375 0.11669921875 0.01611328125 0.01318359375
0 0.93896484375 0.1201171875 0.02880859375 0.0166015625
0 0.931640625 0.1298828125 0.0458984375 0.01611328125
0 0.36962890625 0.49755859375 0.1328125 0.0458984375
0 0.46728515625 0.50146484375 0.0849609375 0.0400390625
0 0.35107421875 0.5810546875 0.12451171875 0.04150390625
0 0.46142578125 0.5791015625 0.0966796875 0.044921875
0 0.35205078125 0.66259765625 0.1103515625 0.04150390625
0 0.44189453125 0.6572265625 0.07763671875 0.05224609375
0 0.48974609375 0.6630859375 0.0400390625 0.04296875
0 0.35400390625 0.73779296875 0.09814453125 0.0478515625
0 0.451171875 0.73876953125 0.1171875 0.0458984375
0 0.3359375 0.81884765625 0.1103515625 0.05859375
0 0.44384765625 0.81494140625 0.1318359375 0.0517578125
0 0.3828125 0.89306640625 0.10205078125 0.0478515625
0 0.46435546875 0.89404296875 0.0908203125 0.0478515625
0 0.64208984375 0.67529296875 0.1015625 0.15771484375
0 0.74267578125 0.6650390625 0.1064453125 0.1787109375
0 0.86083984375 0.6630859375 0.09228515625 0.16357421875
0 0.951171875 0.6845703125 0.0888671875 0.1513671875
0 0.66455078125 0.8525390625 0.13134765625 0.10009765625
0 0.794921875 0.849609375 0.1357421875 0.1123046875
0 0.8935546875 0.84033203125 0.06396484375 0.10595703125