0 0.45166015625 0.01220703125 0.0751953125 0.0244140625
0 0.4638671875 0.05126953125 0.025390625 0.0458984375
0 0.48193359375 0.05078125 0.0146484375 0.0390625
0 0.541015625 0.208984375 0.103515625 0.060546875
0 0.6455078125 0.20458984375 0.0849609375 0.056640625
0 0.70849609375 0.3408203125 0.4384765625 0.189453125
0 0.76806640625 0.611328125 0.0654296875 0.02685546875
0 0.82861328125 0.60888671875 0.048828125 0.01953125
0 0.5146484375 0.7763671875 0.05078125 0.046875
0 0.5732421875 0.78173828125 0.04150390625 0.05322265625
0 0.61962890625 0.77685546875 0.02197265625 0.04638671875
0 0.51171875 0.86572265625 0.044921875 0.0224609375
0 0.57080078125 0.8681640625 0.05810546875 0.04345703125
0 0.6533203125 0.865234375 0.09228515625 0.04052734375
0 0.50537109375 0.90625 0.0322265625 0.03125
0 0.55615234375 0.90771484375 0.0615234375 0.029296875
0 0.63427734375 0.91015625 0.07958984375 0.04052734375
0 0.73828125 0.9111328125 0.11767578125 0.0419921875
0 0.74658203125 0.857421875 0.03271484375 0.03955078125
0 0.50634765625 0.95556640625 0.0341796875 0.0400390625
0 0.560546875 0.953125 0.0634765625 0.044921875
0 0.66943359375 0.95263671875 0.150390625 0.04638671875
0 0.50341796875 0.9892578125 0.0283203125 0.021484375
0 0.57568359375 0.98974609375 0.1044921875 0.0205078125
0 0.66552734375 0.990234375 0.0595703125 0.01953125
0 0.73681640625 0.98974609375 0.0693359375 0.0205078125