0 0.2626953125 0.01611328125 0.1328125 0.0322265625
0 0.16259765625 0.0546875 0.1044921875 0.0791015625
0 0.39892578125 0.2626953125 0.07666015625 0.09912109375
0 0.4765625 0.26171875 0.07958984375 0.087890625
0 0.44775390625 0.41162109375 0.03369140625 0.06591796875
0 0.6337890625 0.19482421875 0.0078125 0.0126953125
0 0.6455078125 0.1962890625 0.01123046875 0.009765625
0 0.6376953125 0.21337890625 0.015625 0.0146484375
0 0.64306640625 0.2607421875 0.0263671875 0.013671875
0 0.68310546875 0.2578125 0.04248046875 0.01416015625
0 0.7119140625 0.25927734375 0.00439453125 0.01025390625
0 0.63427734375 0.28125 0.0087890625 0.01171875
0 0.66259765625 0.28369140625 0.03857421875 0.01220703125
0 0.6396484375 0.30029296875 0.01953125 0.0087890625
0 0.6748046875 0.298828125 0.04345703125 0.01123046875
0 0.63671875 0.3134765625 0.013671875 0.01171875
0 0.67431640625 0.31396484375 0.0537109375 0.01171875
0 0.74560546875 0.17041015625 0.02392578125 0.01025390625
0 0.7763671875 0.18505859375 0.04052734375 0.01220703125
0 0.88916015625 0.16357421875 0.01318359375 0.00634765625
0 0.8994140625 0.162109375 0.0107421875 0.009765625
0 0.6689453125 0.75830078125 0.078125 0.0771484375