0 0.03662109375 0.52734375 0.0732421875 0.072265625
0 0.125 0.5556640625 0.09375 0.05712890625
0 0.240234375 0.57470703125 0.115234375 0.072265625
0 0.38427734375 0.609375 0.15478515625 0.083984375
0 0.51025390625 0.63330078125 0.0986328125 0.0712890625
0 0.248046875 0.701171875 0.35302734375 0.16796875
0 0.0771484375 0.7734375 0.154296875 0.09765625
0 0.2080078125 0.80126953125 0.10693359375 0.076171875
0 0.33935546875 0.814453125 0.15234375 0.0927734375
0 0.47802734375 0.8388671875 0.1328125 0.06982421875
0 0.28173828125 0.8662109375 0.224609375 0.05615234375
0 0.576171875 0.75048828125 0.033203125 0.0966796875