0 0.2724609375 0.0771484375 0.271484375 0.154296875
0 0.35888671875 0.12744140625 0.1376953125 0.09228515625
0 0.46533203125 0.080078125 0.0693359375 0.107421875
0 0.4462890625 0.14697265625 0.107421875 0.1201171875
0 0.47705078125 0.306640625 0.0458984375 0.0390625
0 0.3095703125 0.35302734375 0.2705078125 0.1591796875
0 0.2080078125 0.4462890625 0.11083984375 0.0732421875
0 0.3447265625 0.45751953125 0.171875 0.0634765625
0 0.4794921875 0.46728515625 0.041015625 0.0439453125
0 0.953125 0.0048828125 0.064453125 0.009765625
0 0.31689453125 0.67822265625 0.04150390625 0.04052734375
0 0.35107421875 0.67138671875 0.025390625 0.04296875
0 0.46533203125 0.68115234375 0.01953125 0.03759765625
0 0.48681640625 0.677734375 0.0263671875 0.033203125
0 0.49755859375 0.716796875 0.0048828125 0.03125
0 0.2939453125 0.71435546875 0.017578125 0.03125
0 0.314453125 0.71435546875 0.0224609375 0.0322265625
0 0.30859375 0.81689453125 0.013671875 0.01806640625
0 0.3203125 0.81640625 0.00927734375 0.017578125
0 0.330078125 0.81787109375 0.01025390625 0.0185546875
0 0.31884765625 0.84326171875 0.033203125 0.01806640625
0 0.75 0.52099609375 0.5 0.0634765625