0 0.18212890625 0.30126953125 0.3642578125 0.4560546875
0 0.07666015625 0.90771484375 0.1533203125 0.1845703125
0 0.21533203125 0.91259765625 0.1240234375 0.1748046875
0 0.7900390625 0.54248046875 0.0625 0.0263671875
0 0.869140625 0.564453125 0.068359375 0.0703125
0 0.9521484375 0.61328125 0.0732421875 0.0791015625
0 0.9287109375 0.82958984375 0.13916015625 0.099609375
0 0.83154296875 0.8349609375 0.0419921875 0.048828125
0 0.86767578125 0.84619140625 0.03125 0.044921875
0 0.90576171875 0.86083984375 0.04736328125 0.041015625
0 0.9541015625 0.87744140625 0.0537109375 0.044921875
0 0.98876953125 0.89404296875 0.0224609375 0.0419921875