0 0.1259765625 0.279296875 0.1201171875 0.0556640625
0 0.39990234375 0.1357421875 0.109375 0.04296875
0 0.50244140625 0.1396484375 0.0703125 0.0458984375
0 0.61083984375 0.1435546875 0.11572265625 0.04833984375
0 0.3251953125 0.21044921875 0.1533203125 0.11181640625
0 0.47119140625 0.2197265625 0.1298828125 0.109375
0 0.6552734375 0.21826171875 0.22021484375 0.1015625
0 0.25146484375 0.28662109375 0.0283203125 0.03564453125
0 0.27734375 0.28662109375 0.0234375 0.0458984375
0 0.30322265625 0.2841796875 0.03125 0.04052734375
0 0.3447265625 0.29052734375 0.0546875 0.0380859375
0 0.3837890625 0.28662109375 0.0205078125 0.04052734375
0 0.40771484375 0.28955078125 0.0283203125 0.03564453125
0 0.4482421875 0.28955078125 0.0498046875 0.03564453125
0 0.49755859375 0.29443359375 0.04833984375 0.04052734375
0 0.5322265625 0.29296875 0.0234375 0.0380859375
0 0.5615234375 0.29296875 0.0390625 0.0380859375
0 0.60546875 0.29296875 0.04541015625 0.0380859375
0 0.63818359375 0.29296875 0.0234375 0.033203125
0 0.6845703125 0.29443359375 0.02490234375 0.04052734375
0 0.7353515625 0.29052734375 0.0732421875 0.0380859375