0 0.21044921875 0.43701171875 0.01318359375 0.01416015625
0 0.224609375 0.4365234375 0.01416015625 0.0146484375
0 0.28515625 0.45947265625 0.0478515625 0.04345703125
0 0.27294921875 0.49560546875 0.0244140625 0.03076171875
0 0.30126953125 0.48876953125 0.029296875 0.0322265625
0 0.2685546875 0.52490234375 0.01220703125 0.0244140625
0 0.28271484375 0.5234375 0.013671875 0.0244140625
0 0.3173828125 0.517578125 0.02197265625 0.02880859375
0 0.98046875 0.21533203125 0.0390625 0.0263671875
0 0.96142578125 0.263671875 0.0771484375 0.052734375
0 0.84228515625 0.30712890625 0.09619140625 0.0341796875
0 0.92919921875 0.30908203125 0.0634765625 0.033203125
0 0.9814453125 0.3134765625 0.037109375 0.03125
0 0.91162109375 0.3466796875 0.03759765625 0.02392578125
0 0.96923828125 0.34765625 0.0615234375 0.029296875
0 0.81396484375 0.38671875 0.03466796875 0.03173828125
0 0.85888671875 0.3876953125 0.0498046875 0.029296875
0 0.90771484375 0.390625 0.04345703125 0.03173828125
0 0.96533203125 0.390625 0.03857421875 0.0263671875
0 0.99267578125 0.39111328125 0.0146484375 0.0224609375
0 0.84765625 0.55517578125 0.01953125 0.0087890625
0 0.86328125 0.5556640625 0.015625 0.0078125
0 0.61865234375 0.4951171875 0.02783203125 0.0263671875
0 0.6240234375 0.53271484375 0.03466796875 0.01171875
0 0.46484375 0.64794921875 0.0625 0.107421875
0 0.68115234375 0.73583984375 0.05126953125 0.14453125
0 0.8427734375 0.697265625 0.228515625 0.275390625