0 0.24609375 0.16943359375 0.01123046875 0.01220703125
0 0.25830078125 0.1708984375 0.01318359375 0.01025390625
0 0.2333984375 0.18017578125 0.01611328125 0.01318359375
0 0.24560546875 0.18017578125 0.0087890625 0.01318359375
0 0.2568359375 0.181640625 0.017578125 0.01220703125
0 0.27197265625 0.181640625 0.01416015625 0.01416015625
0 0.25244140625 0.26708984375 0.0341796875 0.015625
0 0.4130859375 0.19482421875 0.07861328125 0.06884765625
0 0.5048828125 0.19921875 0.0927734375 0.06884765625
0 0.60302734375 0.1982421875 0.091796875 0.05224609375
0 0.67333984375 0.18994140625 0.04296875 0.07421875
0 0.755859375 0.1923828125 0.11279296875 0.07568359375
0 0.85546875 0.20068359375 0.0771484375 0.06298828125
0 0.47802734375 0.26025390625 0.146484375 0.05517578125
0 0.64404296875 0.2626953125 0.177734375 0.05224609375
0 0.80712890625 0.2724609375 0.14599609375 0.06640625
0 0.41455078125 0.82568359375 0.01318359375 0.01416015625
0 0.4287109375 0.8251953125 0.01416015625 0.0146484375
0 0.4892578125 0.84814453125 0.0478515625 0.04345703125
0 0.47705078125 0.88427734375 0.0244140625 0.03076171875
0 0.50537109375 0.87744140625 0.029296875 0.0322265625
0 0.47265625 0.91357421875 0.01220703125 0.0244140625
0 0.48681640625 0.912109375 0.013671875 0.0244140625
0 0.521484375 0.90625 0.02197265625 0.02880859375
0 0.912109375 0.583984375 0.0087890625 0.0166015625
0 0.923828125 0.58349609375 0.01708984375 0.0146484375
0 0.939453125 0.5830078125 0.015625 0.01416015625
0 0.953125 0.5810546875 0.0126953125 0.015625
0 0.908203125 0.6044921875 0.00830078125 0.015625
0 0.9189453125 0.60400390625 0.0146484375 0.01416015625
0 0.9306640625 0.603515625 0.00830078125 0.01318359375
0 0.94189453125 0.6015625 0.015625 0.0166015625
0 0.95556640625 0.60107421875 0.0126953125 0.01416015625
0 0.90185546875 0.8505859375 0.0302734375 0.0263671875
0 0.92578125 0.84521484375 0.02099609375 0.02880859375
0 0.9462890625 0.84228515625 0.02099609375 0.02783203125
0 0.96728515625 0.83935546875 0.02099609375 0.0263671875
0 0.90869140625 0.87890625 0.02490234375 0.02685546875
0 0.9326171875 0.876953125 0.02392578125 0.02783203125
0 0.953125 0.8740234375 0.02001953125 0.03076171875
0 0.96826171875 0.87158203125 0.0126953125 0.0263671875
0 0.9052734375 0.91015625 0.01171875 0.0224609375
0 0.92236328125 0.90625 0.0234375 0.025390625
0 0.9443359375 0.904296875 0.01904296875 0.02197265625