0 0.4931640625 0.283203125 0.029296875 0.025390625
0 0.52294921875 0.28271484375 0.02734375 0.01904296875
0 0.56005859375 0.27783203125 0.04296875 0.025390625
0 0.6005859375 0.27490234375 0.03466796875 0.0234375
0 0.62890625 0.27099609375 0.0205078125 0.025390625
0 0.65283203125 0.26904296875 0.02392578125 0.0263671875
0 0.48486328125 0.310546875 0.02734375 0.021484375
0 0.51416015625 0.30810546875 0.0341796875 0.02294921875
0 0.55322265625 0.30419921875 0.0478515625 0.02392578125
0 0.59033203125 0.30126953125 0.02734375 0.02099609375
0 0.62109375 0.29833984375 0.03466796875 0.01953125
0 0.65673828125 0.29296875 0.03466796875 0.02392578125
0 0.802734375 0.3330078125 0.02587890625 0.03076171875
0 0.93115234375 0.16015625 0.021484375 0.013671875
0 0.96142578125 0.15576171875 0.009765625 0.01220703125
0 0.9833984375 0.1533203125 0.03173828125 0.0166015625
0 0.75048828125 0.43798828125 0.0244140625 0.009765625
0 0.7470703125 0.4677734375 0.0234375 0.01904296875
0 0.55224609375 0.34814453125 0.0048828125 0.01611328125
0 0.5791015625 0.34716796875 0.0068359375 0.017578125
0 0.59326171875 0.345703125 0.0078125 0.01708984375
0 0.60693359375 0.3447265625 0.005859375 0.0166015625
0 0.623046875 0.34326171875 0.0068359375 0.015625
0 0.68017578125 0.33837890625 0.009765625 0.01806640625
0 0.69580078125 0.33251953125 0.0078125 0.02587890625
0 0.033203125 0.412109375 0.009765625 0.02392578125
0 0.06787109375 0.42333984375 0.013671875 0.0244140625
0 0.076171875 0.43798828125 0.01318359375 0.01513671875
0 0.09228515625 0.4453125 0.01953125 0.013671875
0 0.109375 0.44140625 0.01611328125 0.017578125
0 0.11962890625 0.43115234375 0.01025390625 0.015625
0 0.1259765625 0.41845703125 0.01220703125 0.01953125
0 0.181640625 0.37939453125 0.0166015625 0.01123046875
0 0.201171875 0.37744140625 0.0234375 0.01171875
0 0.2216796875 0.37744140625 0.015625 0.01123046875
0 0.2373046875 0.375 0.01708984375 0.013671875
0 0.1376953125 0.51123046875 0.0439453125 0.03662109375
0 0.18359375 0.51318359375 0.04150390625 0.02685546875
0 0.09130859375 0.5654296875 0.0732421875 0.04833984375
0 0.15966796875 0.564453125 0.056640625 0.03759765625
0 0.20751953125 0.56103515625 0.0322265625 0.0546875
0 0.248046875 0.56005859375 0.0380859375 0.06201171875
0 0.14453125 0.61181640625 0.02294921875 0.01953125
0 0.16845703125 0.60791015625 0.02001953125 0.02587890625
0 0.18408203125 0.61181640625 0.00927734375 0.01806640625
0 0.0791015625 0.6669921875 0.01220703125 0.01416015625
0 0.091796875 0.6669921875 0.01171875 0.0146484375
0 0.099609375 0.66650390625 0.00439453125 0.01513671875
0 0.111328125 0.66455078125 0.0107421875 0.017578125
0 0.1201171875 0.666015625 0.00537109375 0.013671875
0 0.130859375 0.66650390625 0.0126953125 0.0146484375
0 0.14892578125 0.66552734375 0.01220703125 0.01513671875
0 0.16552734375 0.66552734375 0.02001953125 0.013671875
0 0.18994140625 0.666015625 0.015625 0.01220703125
0 0.2099609375 0.66552734375 0.021484375 0.01318359375
0 0.23876953125 0.66552734375 0.02783203125 0.01318359375
0 0.09521484375 0.6865234375 0.01220703125 0.01318359375
0 0.10498046875 0.685546875 0.0078125 0.013671875
0 0.115234375 0.68505859375 0.01025390625 0.0146484375
0 0.126953125 0.6865234375 0.00927734375 0.0126953125
0 0.134765625 0.6865234375 0.005859375 0.01220703125
0 0.1494140625 0.68603515625 0.017578125 0.01318359375
0 0.1669921875 0.68505859375 0.01513671875 0.0146484375
0 0.1884765625 0.6865234375 0.01416015625 0.0126953125
0 0.21435546875 0.685546875 0.03515625 0.0146484375
0 0.24267578125 0.685546875 0.01171875 0.01318359375
0 0.09228515625 0.71923828125 0.01953125 0.00927734375
0 0.10791015625 0.71826171875 0.009765625 0.01318359375
0 0.12451171875 0.7197265625 0.0224609375 0.01025390625
0 0.1494140625 0.72021484375 0.0185546875 0.0087890625
0 0.0947265625 0.734375 0.0146484375 0.0146484375
0 0.11181640625 0.7353515625 0.01904296875 0.0126953125