0 0.80712890625 0.20947265625 0.08154296875 0.05126953125
0 0.9130859375 0.21044921875 0.07568359375 0.0537109375
0 0.861328125 0.205078125 0.021484375 0.0126953125
0 0.6142578125 0.55078125 0.095703125 0.08349609375
0 0.59619140625 0.62353515625 0.0458984375 0.0322265625
0 0.642578125 0.62548828125 0.015625 0.0283203125
0 0.66748046875 0.62548828125 0.0263671875 0.0283203125
0 0.62451171875 0.63525390625 0.0087890625 0.0087890625
0 0.49365234375 0.072265625 0.02294921875 0.01708984375
0 0.51318359375 0.0732421875 0.0126953125 0.01513671875
0 0.53515625 0.0712890625 0.02880859375 0.01513671875
0 0.55859375 0.0693359375 0.0185546875 0.01513671875
0 0.57568359375 0.0703125 0.0126953125 0.0126953125
0 0.5908203125 0.06787109375 0.01123046875 0.0126953125
0 0.51513671875 0.08740234375 0.02587890625 0.01708984375
0 0.537109375 0.08642578125 0.015625 0.01513671875
0 0.5556640625 0.08740234375 0.015625 0.01708984375
0 0.57568359375 0.0830078125 0.0244140625 0.01708984375
0 0.6015625 0.083984375 0.0244140625 0.01904296875
0 0.478515625 0.193359375 0.0244140625 0.02783203125
0 0.505859375 0.18701171875 0.03271484375 0.04052734375
0 0.01513671875 0.6552734375 0.0302734375 0.03125
0 0.0576171875 0.65185546875 0.05859375 0.0244140625
0 0.11376953125 0.650390625 0.0556640625 0.021484375
0 0.201171875 0.64892578125 0.1171875 0.0185546875
0 0.31103515625 0.6474609375 0.0908203125 0.015625
0 0.03271484375 0.73681640625 0.0654296875 0.1103515625
0 0.1845703125 0.72021484375 0.216796875 0.10302734375
0 0.03515625 0.83544921875 0.0703125 0.0927734375
0 0.18798828125 0.81787109375 0.216796875 0.107421875
0 0.0966796875 0.9228515625 0.14990234375 0.0732421875
0 0.2109375 0.9267578125 0.06787109375 0.0625
0 0.31494140625 0.91357421875 0.1298828125 0.0849609375