0 0.19140625 0.02734375 0.3828125 0.0546875
0 0.19091796875 0.13720703125 0.3818359375 0.1748046875
0 0.07470703125 0.25732421875 0.10888671875 0.0751953125
0 0.07861328125 0.32275390625 0.10546875 0.080078125
0 0.08203125 0.39794921875 0.10546875 0.080078125
0 0.2421875 0.2744140625 0.16015625 0.10400390625
0 0.23681640625 0.3662109375 0.10888671875 0.08935546875
0 0.078125 0.44873046875 0.11328125 0.0419921875
0 0.16064453125 0.4365234375 0.0751953125 0.06640625
0 0.24072265625 0.43798828125 0.0966796875 0.0634765625
0 0.3291015625 0.44140625 0.080078125 0.056640625
0 0.6796875 0.13671875 0.259765625 0.083984375
0 0.70849609375 0.22119140625 0.3173828125 0.0791015625
0 0.81640625 0.35986328125 0.34326171875 0.12255859375
0 0.9912109375 0.32666015625 0.017578125 0.0205078125
0 0.41943359375 0.6044921875 0.08837890625 0.0634765625
0 0.50830078125 0.6064453125 0.0830078125 0.05859375
0 0.33740234375 0.68115234375 0.14599609375 0.111328125
0 0.45703125 0.689453125 0.07666015625 0.0390625
0 0.52734375 0.671875 0.044921875 0.068359375
0 0.306640625 0.75830078125 0.08984375 0.04248046875
0 0.3759765625 0.75634765625 0.04736328125 0.0458984375
0 0.4228515625 0.76708984375 0.0458984375 0.04248046875
0 0.46240234375 0.75927734375 0.03076171875 0.04052734375
0 0.50439453125 0.763671875 0.05078125 0.03515625
0 0.54052734375 0.7578125 0.0185546875 0.04296875
0 0.12451171875 0.74609375 0.0693359375 0.0390625
0 0.189453125 0.7431640625 0.05322265625 0.04443359375
0 0.3076171875 0.89794921875 0.04931640625 0.04931640625
0 0.61865234375 0.49462890625 0.1376953125 0.0498046875
0 0.81396484375 0.4912109375 0.2099609375 0.04296875
0 0.638671875 0.60791015625 0.177734375 0.1064453125
0 0.7998046875 0.5966796875 0.10107421875 0.08642578125
0 0.9169921875 0.603515625 0.09521484375 0.06005859375
0 0.59423828125 0.740234375 0.0888671875 0.0546875
0 0.66943359375 0.74658203125 0.04736328125 0.04345703125
0 0.72509765625 0.7373046875 0.05126953125 0.0615234375
0 0.8037109375 0.73486328125 0.10107421875 0.0634765625
0 0.90673828125 0.74072265625 0.09521484375 0.05517578125
0 0.9814453125 0.73291015625 0.037109375 0.0634765625
0 0.69921875 0.7880859375 0.0576171875 0.0234375
0 0.7529296875 0.7890625 0.04736328125 0.0283203125
0 0.80419921875 0.78564453125 0.04736328125 0.02490234375
0 0.8583984375 0.78515625 0.05615234375 0.02685546875
0 0.91796875 0.78564453125 0.05517578125 0.0283203125
0 0.974609375 0.78564453125 0.05078125 0.0283203125
0 0.55615234375 0.8193359375 0.0126953125 0.033203125
0 0.5732421875 0.822265625 0.02001953125 0.02490234375
0 0.61474609375 0.8251953125 0.06103515625 0.033203125
0 0.6650390625 0.82421875 0.0361328125 0.03173828125
0 0.716796875 0.82421875 0.0625 0.03173828125
0 0.7578125 0.8232421875 0.01513671875 0.02685546875
0 0.78125 0.8232421875 0.0263671875 0.02685546875
0 0.8125 0.82080078125 0.03857421875 0.0283203125
0 0.853515625 0.82421875 0.0439453125 0.03515625
0 0.92626953125 0.8193359375 0.02880859375 0.0283203125
0 0.97119140625 0.81787109375 0.0576171875 0.0263671875