0 0.337890625 0.31640625 0.08154296875 0.125
0 0.4189453125 0.310546875 0.07568359375 0.10791015625
0 0.484375 0.271484375 0.05078125 0.10546875
0 0.42578125 0.36572265625 0.111328125 0.0478515625
0 0.4990234375 0.361328125 0.021484375 0.056640625
0 0.5703125 0.2197265625 0.12109375 0.330078125
0 0.70947265625 0.2255859375 0.1650390625 0.328125
0 0.14453125 0.3984375 0.03125 0.017578125
0 0.19482421875 0.41064453125 0.0693359375 0.0419921875
0 0.2431640625 0.41650390625 0.0322265625 0.04150390625
0 0.27880859375 0.423828125 0.04248046875 0.046875
0 0.31103515625 0.43896484375 0.0302734375 0.033203125
0 0.35400390625 0.44970703125 0.0615234375 0.04833984375
0 0.40234375 0.46484375 0.03564453125 0.03857421875
0 0.43310546875 0.4736328125 0.0283203125 0.03662109375
0 0.45947265625 0.48193359375 0.03564453125 0.0400390625
0 0.10302734375 0.65478515625 0.10205078125 0.08154296875
0 0.18212890625 0.671875 0.05517578125 0.0634765625
0 0.2568359375 0.68798828125 0.0966796875 0.068359375
0 0.326171875 0.69873046875 0.0498046875 0.056640625
0 0.38427734375 0.7080078125 0.06689453125 0.06494140625
0 0.4541015625 0.7255859375 0.0751953125 0.0634765625
0 0.4990234375 0.73974609375 0.021484375 0.0634765625
0 0.10791015625 0.7314453125 0.0634765625 0.0751953125
0 0.1708984375 0.74462890625 0.06689453125 0.06494140625
0 0.25341796875 0.75439453125 0.095703125 0.07177734375
0 0.3369140625 0.76611328125 0.06982421875 0.0751953125
0 0.4189453125 0.7880859375 0.091796875 0.06494140625
0 0.48486328125 0.79345703125 0.0498046875 0.0673828125
0 0.07861328125 0.8330078125 0.03662109375 0.04833984375
0 0.1103515625 0.84033203125 0.033203125 0.04345703125
0 0.14453125 0.84619140625 0.04248046875 0.044921875
0 0.18408203125 0.849609375 0.03857421875 0.04150390625
0 0.23046875 0.85546875 0.060546875 0.04345703125
0 0.27685546875 0.8603515625 0.03857421875 0.0498046875
0 0.31396484375 0.8662109375 0.046875 0.04833984375
0 0.35888671875 0.8720703125 0.05126953125 0.046875
0 0.404296875 0.87646484375 0.0458984375 0.04833984375
0 0.43701171875 0.87939453125 0.0322265625 0.044921875
0 0.46630859375 0.8837890625 0.0302734375 0.04345703125
0 0.49267578125 0.89013671875 0.0341796875 0.0400390625
0 0.2958984375 0.91455078125 0.04150390625 0.03857421875