0 0.32080078125 0.26611328125 0.0498046875 0.0263671875
0 0.38134765625 0.25830078125 0.0634765625 0.0419921875
0 0.4375 0.234375 0.0234375 0.08984375
0 0.63916015625 0.041015625 0.1123046875 0.08203125
0 0.74072265625 0.0126953125 0.0771484375 0.025390625
0 0.509765625 0.1474609375 0.05859375 0.0986328125
0 0.56982421875 0.1357421875 0.0654296875 0.09326171875
0 0.63916015625 0.091796875 0.06689453125 0.111328125
0 0.72802734375 0.0615234375 0.1044921875 0.11328125
0 0.84912109375 0.04150390625 0.1279296875 0.0830078125
0 0.017578125 0.41650390625 0.03515625 0.0439453125
0 0.08447265625 0.42431640625 0.08935546875 0.0458984375
0 0.1728515625 0.4306640625 0.0771484375 0.0458984375
0 0.26123046875 0.4375 0.09423828125 0.0654296875
0 0.38232421875 0.439453125 0.1337890625 0.064453125
0 0.03369140625 0.49560546875 0.0673828125 0.0751953125
0 0.1171875 0.49072265625 0.07373046875 0.07373046875
0 0.2080078125 0.59912109375 0.4091796875 0.17626953125
0 0.01416015625 0.69775390625 0.0283203125 0.0634765625
0 0.03759765625 0.71044921875 0.01220703125 0.01318359375
0 0.08349609375 0.70068359375 0.0771484375 0.0654296875
0 0.146484375 0.70703125 0.04638671875 0.05859375
0 0.1796875 0.712890625 0.01953125 0.04736328125
0 0.197265625 0.716796875 0.013671875 0.01611328125
0 0.23291015625 0.70849609375 0.0625 0.06201171875
0 0.28515625 0.7119140625 0.048828125 0.06201171875
0 0.32666015625 0.71435546875 0.03662109375 0.05712890625
0 0.369140625 0.71435546875 0.05517578125 0.06396484375
0 0.41552734375 0.7265625 0.0380859375 0.0556640625
0 0.44140625 0.72509765625 0.015625 0.0654296875
0 0.025390625 0.76953125 0.05078125 0.037109375
0 0.08544921875 0.77490234375 0.06396484375 0.03125
0 0.125 0.7783203125 0.01123046875 0.01123046875
0 0.15283203125 0.77734375 0.04150390625 0.029296875
0 0.25390625 0.78076171875 0.15576171875 0.0361328125
0 0.33837890625 0.7861328125 0.01123046875 0.01123046875
0 0.8056640625 0.55419921875 0.103515625 0.087890625
0 0.7763671875 0.669921875 0.12158203125 0.12255859375