0 0.21337890625 0.4267578125 0.1103515625 0.0859375
0 0.310546875 0.4375 0.080078125 0.064453125
0 0.3955078125 0.42822265625 0.078125 0.0830078125
0 0.73681640625 0.033203125 0.1826171875 0.06640625
0 0.85595703125 0.244140625 0.2880859375 0.1953125
0 0.64013671875 0.24951171875 0.1181640625 0.20263671875
0 0.53955078125 0.224609375 0.0400390625 0.18359375
0 0.53662109375 0.3974609375 0.0341796875 0.0625
0 0.59716796875 0.39697265625 0.08251953125 0.06494140625
0 0.67529296875 0.3935546875 0.076171875 0.07177734375
0 0.7626953125 0.38916015625 0.08349609375 0.068359375
0 0.8330078125 0.38037109375 0.04638671875 0.05224609375
0 0.890625 0.3837890625 0.05859375 0.06591796875
0 0.93701171875 0.37548828125 0.0263671875 0.05224609375
0 0.974609375 0.37451171875 0.0361328125 0.0498046875
0 0.56298828125 0.4541015625 0.0869140625 0.03125
0 0.6396484375 0.44970703125 0.052734375 0.0400390625
0 0.71630859375 0.4501953125 0.0869140625 0.0390625
0 0.80810546875 0.447265625 0.0869140625 0.044921875
0 0.8818359375 0.44580078125 0.046875 0.0478515625
0 0.93798828125 0.44189453125 0.0576171875 0.0556640625
0 0.98681640625 0.44384765625 0.0263671875 0.0517578125
0 0.0498046875 0.5166015625 0.099609375 0.09375
0 0.17138671875 0.50390625 0.1474609375 0.068359375
0 0.12109375 0.591796875 0.224609375 0.14404296875
0 0.2880859375 0.61181640625 0.046875 0.0419921875