0 0.0263671875 0.00732421875 0.033203125 0.0146484375
0 0.0673828125 0.0087890625 0.052734375 0.017578125
0 0.115234375 0.009765625 0.05078125 0.01953125
0 0.158203125 0.00732421875 0.03515625 0.0146484375
0 0.1904296875 0.00732421875 0.029296875 0.0146484375
0 0.232421875 0.0087890625 0.0546875 0.017578125
0 0.2744140625 0.00732421875 0.029296875 0.0146484375
0 0.30859375 0.01025390625 0.04296875 0.0205078125
0 0.34375 0.00634765625 0.0234375 0.0126953125
0 0.369140625 0.00732421875 0.0234375 0.0146484375
0 0.4140625 0.00732421875 0.06640625 0.0146484375
0 0.46337890625 0.00732421875 0.0322265625 0.0146484375
0 0.072265625 0.06201171875 0.13671875 0.03662109375
0 0.166015625 0.06201171875 0.03515625 0.03662109375
0 0.212890625 0.0634765625 0.0390625 0.03369140625
0 0.2841796875 0.0634765625 0.087890625 0.03369140625
0 0.0146484375 0.095703125 0.029296875 0.025390625
0 0.048828125 0.10009765625 0.04296875 0.02880859375
0 0.0849609375 0.10107421875 0.033203125 0.02587890625
0 0.1201171875 0.10009765625 0.048828125 0.02880859375
0 0.154296875 0.10009765625 0.01953125 0.0234375
0 0.1748046875 0.10009765625 0.025390625 0.02880859375
0 0.2021484375 0.10107421875 0.037109375 0.02587890625
0 0.2392578125 0.10498046875 0.041015625 0.0234375
0 0.2890625 0.10107421875 0.03515625 0.02587890625
0 0.322265625 0.10400390625 0.03515625 0.03125
0 0.134765625 0.24560546875 0.015625 0.0087890625
0 0.1552734375 0.24560546875 0.029296875 0.0087890625
0 0.2001953125 0.2392578125 0.056640625 0.021484375
0 0.240234375 0.24169921875 0.015625 0.0166015625
0 0.4306640625 0.2041015625 0.044921875 0.0390625
0 0.46630859375 0.23779296875 0.0263671875 0.0244140625
0 0.82958984375 0.01171875 0.0634765625 0.0234375
0 0.87451171875 0.013671875 0.0341796875 0.02734375
0 0.64111328125 0.06884765625 0.06201171875 0.07763671875
0 0.69921875 0.07421875 0.05419921875 0.07763671875
0 0.751953125 0.0771484375 0.05615234375 0.072265625
0 0.81201171875 0.07958984375 0.07177734375 0.072265625
0 0.869140625 0.09521484375 0.05419921875 0.0859375
0 0.66650390625 0.1923828125 0.1103515625 0.115234375
0 0.73974609375 0.20751953125 0.0361328125 0.0849609375
0 0.83251953125 0.19677734375 0.1494140625 0.1064453125
0 0.50341796875 0.037109375 0.0478515625 0.07421875
0 0.318359375 0.26220703125 0.04296875 0.0244140625
0 0.36572265625 0.26220703125 0.0615234375 0.0244140625
0 0.27587890625 0.31640625 0.04443359375 0.0673828125
0 0.34814453125 0.3154296875 0.10009765625 0.0732421875
0 0.41650390625 0.31640625 0.03564453125 0.0712890625
0 0.34423828125 0.37451171875 0.1171875 0.04443359375
0 0.2119140625 0.9794921875 0.04443359375 0.03662109375
0 0.82666015625 0.55126953125 0.15625 0.0498046875
0 0.9453125 0.55615234375 0.08544921875 0.0400390625
0 0.8251953125 0.77880859375 0.10205078125 0.052734375
0 0.9189453125 0.78955078125 0.08740234375 0.05126953125