0 0.1640625 0.236328125 0.05029296875 0.0537109375
0 0.1962890625 0.24072265625 0.017578125 0.044921875
0 0.22412109375 0.2392578125 0.03857421875 0.0537109375
0 0.263671875 0.23486328125 0.04052734375 0.06298828125
0 0.29541015625 0.23779296875 0.03076171875 0.044921875
0 0.34716796875 0.2333984375 0.0732421875 0.0478515625
0 0.42138671875 0.2333984375 0.0791015625 0.0537109375
0 0.505859375 0.41015625 0.06640625 0.021484375
0 0.36767578125 0.4462890625 0.1259765625 0.09375
0 0.93701171875 0.6865234375 0.1259765625 0.025390625
0 0.89697265625 0.71044921875 0.06298828125 0.03125
0 0.9599609375 0.71044921875 0.06591796875 0.03125
0 0.994140625 0.7109375 0.01171875 0.03125