0 0.40478515625 0.107421875 0.0732421875 0.140625
0 0.4658203125 0.12109375 0.072265625 0.1435546875
0 0.3466796875 0.37744140625 0.345703125 0.3037109375
0 0.64501953125 0.14453125 0.05029296875 0.080078125
0 0.69140625 0.1181640625 0.03515625 0.064453125
0 0.63671875 0.26513671875 0.0458984375 0.06005859375
0 0.6806640625 0.24072265625 0.03759765625 0.05615234375
0 0.634765625 0.31640625 0.05419921875 0.05419921875
0 0.6806640625 0.2900390625 0.03515625 0.05419921875
0 0.8564453125 0.078125 0.07861328125 0.064453125
0 0.92431640625 0.08837890625 0.04833984375 0.04833984375
0 0.83642578125 0.23779296875 0.0859375 0.0341796875
0 0.91162109375 0.24267578125 0.06005859375 0.0322265625
0 0.03125 0.67138671875 0.04345703125 0.03564453125
0 0.3427734375 0.67041015625 0.033203125 0.02880859375
0 0.41015625 0.67041015625 0.10498046875 0.02880859375
0 0.89697265625 0.84814453125 0.2060546875 0.2900390625