0 0.37744140625 0.12060546875 0.0673828125 0.05419921875
0 0.42138671875 0.12646484375 0.02783203125 0.04736328125
0 0.44873046875 0.1298828125 0.0322265625 0.05126953125
0 0.4814453125 0.130859375 0.0361328125 0.05810546875
0 0.572265625 0.04541015625 0.06640625 0.0751953125
0 0.6328125 0.04150390625 0.046875 0.0830078125
0 0.7001953125 0.05419921875 0.083984375 0.0751953125
0 0.7822265625 0.04443359375 0.076171875 0.0888671875
0 0.8564453125 0.03759765625 0.068359375 0.0751953125
0 0.9384765625 0.04443359375 0.087890625 0.08349609375
0 0.5458984375 0.134765625 0.013671875 0.080078125
0 0.5986328125 0.1279296875 0.087890625 0.078125
0 0.6962890625 0.12646484375 0.095703125 0.0751953125
0 0.783203125 0.130859375 0.06640625 0.06689453125
0 0.857421875 0.1240234375 0.0703125 0.0751953125
0 0.931640625 0.11962890625 0.0703125 0.08349609375
0 0.5537109375 0.21044921875 0.029296875 0.0751953125
0 0.6064453125 0.21142578125 0.068359375 0.072265625
0 0.6806640625 0.20751953125 0.068359375 0.0751953125
0 0.7353515625 0.20458984375 0.029296875 0.08056640625
0 0.794921875 0.20458984375 0.08203125 0.0751953125
0 0.890625 0.20458984375 0.09375 0.0751953125
0 0.8505859375 0.28662109375 0.236328125 0.05029296875
0 0.5751953125 0.2822265625 0.072265625 0.05859375
0 0.638671875 0.2841796875 0.046875 0.06689453125
0 0.01904296875 0.6474609375 0.0380859375 0.064453125
0 0.0966796875 0.64697265625 0.125 0.06787109375
0 0.29296875 0.5283203125 0.115234375 0.017578125
0 0.392578125 0.52685546875 0.080078125 0.0146484375
0 0.48681640625 0.52978515625 0.1044921875 0.0205078125
0 0.3330078125 0.60888671875 0.26953125 0.13818359375
0 0.00244140625 0.7451171875 0.0048828125 0.03125
0 0.0390625 0.7470703125 0.068359375 0.03369140625
0 0.091796875 0.74560546875 0.041015625 0.02587890625
0 0.1396484375 0.74462890625 0.0546875 0.02880859375
0 0.1796875 0.74462890625 0.021484375 0.02880859375
0 0.2109375 0.7431640625 0.041015625 0.03125
0 0.248046875 0.74169921875 0.037109375 0.02880859375
0 0.2841796875 0.74072265625 0.0390625 0.03125
0 0.427734375 0.73779296875 0.107421875 0.02587890625
0 0.51416015625 0.7333984375 0.0498046875 0.033203125
0 0.01220703125 0.9189453125 0.0244140625 0.0546875
0 0.103515625 0.91748046875 0.154296875 0.05712890625
0 0.2275390625 0.90869140625 0.08984375 0.07568359375
0 0.32421875 0.90869140625 0.115234375 0.06494140625
0 0.4140625 0.9150390625 0.056640625 0.05712890625
0 0.49267578125 0.9130859375 0.0927734375 0.060546875
0 0.02587890625 0.9619140625 0.0517578125 0.03125
0 0.0673828125 0.96435546875 0.0390625 0.02587890625
0 0.1083984375 0.96044921875 0.046875 0.0390625
0 0.142578125 0.9658203125 0.025390625 0.02880859375
0 0.2197265625 0.9658203125 0.09765625 0.02880859375
0 0.298828125 0.96435546875 0.048828125 0.03662109375
0 0.34375 0.96337890625 0.037109375 0.0390625
0 0.37890625 0.96337890625 0.033203125 0.0390625
0 0.4091796875 0.96728515625 0.03125 0.03662109375
0 0.447265625 0.96435546875 0.041015625 0.03125
0 0.4833984375 0.96044921875 0.03515625 0.0390625
0 0.515625 0.9619140625 0.033203125 0.03662109375
0 0.00927734375 0.98974609375 0.0185546875 0.0205078125
0 0.046875 0.98974609375 0.056640625 0.0205078125
0 0.1103515625 0.98876953125 0.0703125 0.0224609375
0 0.1689453125 0.98974609375 0.05078125 0.0205078125
0 0.212890625 0.9912109375 0.041015625 0.017578125
0 0.2470703125 0.99267578125 0.03125 0.0146484375
0 0.279296875 0.9912109375 0.033203125 0.017578125
0 0.3203125 0.9921875 0.052734375 0.015625
0 0.3681640625 0.9912109375 0.05078125 0.017578125
0 0.4111328125 0.9912109375 0.03515625 0.017578125
0 0.443359375 0.9912109375 0.029296875 0.017578125
0 0.4853515625 0.98974609375 0.0546875 0.0205078125
0 0.52587890625 0.99365234375 0.0263671875 0.0126953125
0 0.98046875 0.94384765625 0.0390625 0.1123046875