0 0.17236328125 0.4228515625 0.09423828125 0.06591796875
0 0.2685546875 0.42529296875 0.08984375 0.07080078125
0 0.373046875 0.431640625 0.10546875 0.0498046875
0 0.46484375 0.4267578125 0.078125 0.06005859375
0 0.25048828125 0.4921875 0.181640625 0.0673828125
0 0.41552734375 0.49365234375 0.1669921875 0.0693359375
0 0.5908203125 0.45654296875 0.20556640625 0.13330078125
0 0.7626953125 0.46484375 0.21728515625 0.1416015625
0 0.09326171875 0.55419921875 0.04931640625 0.0498046875
0 0.146484375 0.55322265625 0.05810546875 0.056640625
0 0.25537109375 0.5537109375 0.12548828125 0.04248046875
0 0.3642578125 0.55517578125 0.05517578125 0.046875
0 0.412109375 0.556640625 0.0419921875 0.03662109375
0 0.482421875 0.5556640625 0.0654296875 0.046875
0 0.53955078125 0.556640625 0.04736328125 0.044921875
0 0.60693359375 0.55419921875 0.05615234375 0.0498046875
0 0.66357421875 0.5615234375 0.05517578125 0.03857421875
0 0.73291015625 0.56298828125 0.0537109375 0.0556640625
0 0.79248046875 0.564453125 0.06396484375 0.05908203125
0 0.86865234375 0.564453125 0.05859375 0.0556640625
0 0.9267578125 0.56494140625 0.06494140625 0.06005859375
0 0.07470703125 0.77392578125 0.03955078125 0.03564453125
0 0.11474609375 0.7744140625 0.04052734375 0.0341796875
0 0.0771484375 0.80810546875 0.04931640625 0.03173828125
0 0.119140625 0.80908203125 0.03564453125 0.033203125
0 0.07177734375 0.853515625 0.05126953125 0.0439453125
0 0.11474609375 0.85302734375 0.04443359375 0.04248046875
0 0.0830078125 0.91162109375 0.09375 0.06689453125
0 0.08447265625 0.97216796875 0.09423828125 0.0556640625
0 0.1923828125 0.89794921875 0.10498046875 0.083984375
0 0.30859375 0.89892578125 0.1142578125 0.08837890625
0 0.41357421875 0.90185546875 0.06103515625 0.044921875
0 0.42822265625 0.958984375 0.0908203125 0.06494140625
0 0.849609375 0.7724609375 0.0380859375 0.033203125
0 0.888671875 0.77294921875 0.04052734375 0.03271484375
0 0.85546875 0.80908203125 0.04833984375 0.02685546875
0 0.89501953125 0.80712890625 0.03271484375 0.0341796875
0 0.8525390625 0.85205078125 0.0498046875 0.0390625
0 0.89453125 0.8515625 0.04296875 0.04150390625
0 0.86962890625 0.90771484375 0.09423828125 0.0732421875