0 0.1650390625 0.033203125 0.26953125 0.06640625
0 0.01171875 0.13330078125 0.021484375 0.02880859375
0 0.04296875 0.1318359375 0.041015625 0.03125
0 0.080078125 0.13037109375 0.037109375 0.02880859375
0 0.1162109375 0.12939453125 0.0390625 0.03125
0 0.259765625 0.12646484375 0.107421875 0.02587890625
0 0.3818359375 0.12255859375 0.12109375 0.03369140625
0 0.0595703125 0.29736328125 0.08984375 0.07568359375
0 0.15625 0.29736328125 0.115234375 0.06494140625
0 0.24609375 0.3037109375 0.056640625 0.05712890625
0 0.34375 0.30224609375 0.130859375 0.06005859375
0 0.4404296875 0.296875 0.05859375 0.076171875
0 0.0517578125 0.3544921875 0.09765625 0.02880859375
0 0.130859375 0.35302734375 0.048828125 0.03662109375
0 0.17578125 0.35205078125 0.037109375 0.0390625
0 0.2109375 0.35205078125 0.033203125 0.0390625
0 0.2412109375 0.35595703125 0.03125 0.03662109375
0 0.279296875 0.35302734375 0.041015625 0.03125
0 0.3154296875 0.34912109375 0.03515625 0.0390625
0 0.34765625 0.3505859375 0.033203125 0.03662109375
0 0.384765625 0.35205078125 0.041015625 0.03369140625
0 0.4306640625 0.3505859375 0.0546875 0.03662109375
0 0.462890625 0.35009765625 0.013671875 0.0361328125
0 0.01318359375 0.3876953125 0.0263671875 0.0390625
0 0.044921875 0.39111328125 0.041015625 0.0390625
0 0.0791015625 0.3935546875 0.03125 0.0390625
0 0.111328125 0.3896484375 0.033203125 0.03662109375
0 0.15234375 0.39208984375 0.052734375 0.03662109375
0 0.2001953125 0.39208984375 0.05078125 0.04150390625
0 0.2431640625 0.3896484375 0.03515625 0.03662109375
0 0.275390625 0.3896484375 0.029296875 0.03662109375
0 0.3173828125 0.3896484375 0.0546875 0.04150390625
0 0.359375 0.39208984375 0.029296875 0.03125
0 0.3935546875 0.39501953125 0.04296875 0.03662109375
0 0.4287109375 0.39111328125 0.0234375 0.02880859375
0 0.4541015625 0.39208984375 0.0234375 0.03125
0 0.1572265625 0.45458984375 0.13671875 0.03662109375
0 0.2509765625 0.45458984375 0.03515625 0.03662109375
0 0.2978515625 0.4560546875 0.0390625 0.03369140625
0 0.369140625 0.4560546875 0.087890625 0.03369140625
0 0.09375 0.48876953125 0.041015625 0.02587890625
0 0.1337890625 0.49267578125 0.04296875 0.02880859375
0 0.169921875 0.49365234375 0.033203125 0.02587890625
0 0.205078125 0.49267578125 0.048828125 0.02880859375
0 0.2392578125 0.49267578125 0.01953125 0.0234375
0 0.259765625 0.49267578125 0.025390625 0.02880859375
0 0.287109375 0.49365234375 0.037109375 0.02587890625
0 0.32421875 0.49755859375 0.041015625 0.0234375
0 0.3740234375 0.49365234375 0.03515625 0.02587890625
0 0.4072265625 0.49658203125 0.03515625 0.03125
0 0.7587890625 0.03515625 0.083984375 0.05908203125
0 0.8857421875 0.0361328125 0.095703125 0.072265625
0 0.7646484375 0.19140625 0.244140625 0.064453125
0 0.966796875 0.234375 0.06640625 0.09765625
0 0.9111328125 0.205078125 0.041015625 0.064453125
0 0.720703125 0.30322265625 0.14453125 0.1484375
0 0.9013671875 0.37841796875 0.197265625 0.2783203125
0 0.8232421875 0.50439453125 0.056640625 0.0537109375
0 0.7568359375 0.47705078125 0.068359375 0.07568359375
0 0.671875 0.453125 0.09765625 0.10791015625
0 0.5986328125 0.4150390625 0.048828125 0.05908203125
0 0.9189453125 0.48388671875 0.048828125 0.056640625
0 0.0439453125 0.7783203125 0.087890625 0.115234375
0 0.25244140625 0.74169921875 0.2607421875 0.14306640625
0 0.04931640625 0.85888671875 0.0224609375 0.015625
0 0.07470703125 0.85791015625 0.0244140625 0.01806640625
0 0.09912109375 0.85498046875 0.0166015625 0.015625
0 0.13330078125 0.8505859375 0.0517578125 0.02197265625
0 0.18408203125 0.84619140625 0.0419921875 0.0234375
0 0.2705078125 0.83837890625 0.025390625 0.01806640625
0 0.33447265625 0.8310546875 0.0966796875 0.02734375