0 0.107421875 0.037109375 0.1328125 0.07421875
0 0.23876953125 0.04150390625 0.1103515625 0.0830078125
0 0.35107421875 0.03125 0.0947265625 0.0625
0 0.4501953125 0.0302734375 0.091796875 0.060546875
0 0.560546875 0.0400390625 0.1015625 0.080078125
0 0.0869140625 0.12158203125 0.09130859375 0.04833984375
0 0.17236328125 0.123046875 0.06103515625 0.0458984375
0 0.08349609375 0.16162109375 0.06884765625 0.03125
0 0.12744140625 0.16162109375 0.0322265625 0.02587890625
0 0.16455078125 0.15869140625 0.0478515625 0.02587890625
0 0.19677734375 0.16162109375 0.0224609375 0.02001953125
0 0.31201171875 0.12451171875 0.0927734375 0.04833984375
0 0.40576171875 0.123046875 0.08154296875 0.0458984375
0 0.3056640625 0.16162109375 0.0703125 0.03125
0 0.35205078125 0.16015625 0.0322265625 0.02880859375
0 0.388671875 0.15869140625 0.0478515625 0.02587890625
0 0.4267578125 0.16162109375 0.03369140625 0.03125
0 0.55419921875 0.1015625 0.05126953125 0.04833984375
0 0.63134765625 0.09423828125 0.1162109375 0.0576171875
0 0.015625 0.2255859375 0.03125 0.05078125
0 0.0205078125 0.27392578125 0.041015625 0.0458984375
0 0.0146484375 0.3154296875 0.029296875 0.048828125
0 0.0234375 0.36572265625 0.046875 0.0458984375
0 0.01318359375 0.40869140625 0.0263671875 0.0400390625
0 0.0166015625 0.45849609375 0.033203125 0.0478515625
0 0.01953125 0.49853515625 0.0390625 0.0478515625
0 0.013671875 0.54541015625 0.02734375 0.0283203125
0 0.87109375 0.13525390625 0.1376953125 0.04931640625
0 0.96044921875 0.14013671875 0.033203125 0.044921875
0 0.98974609375 0.15478515625 0.0205078125 0.0654296875
0 0.2255859375 0.62158203125 0.0439453125 0.06005859375
0 0.30029296875 0.6259765625 0.04248046875 0.05810546875
0 0.3701171875 0.6298828125 0.04248046875 0.056640625
0 0.125 0.7509765625 0.205078125 0.08837890625
0 0.423828125 0.76025390625 0.28515625 0.08642578125
0 0.650390625 0.77783203125 0.078125 0.0849609375
0 0.55126953125 0.91748046875 0.02734375 0.04150390625
0 0.5947265625 0.91943359375 0.0263671875 0.03857421875
0 0.90283203125 0.68359375 0.05029296875 0.080078125
0 0.94921875 0.6572265625 0.03515625 0.064453125
0 0.89453125 0.80419921875 0.0458984375 0.06005859375
0 0.9384765625 0.77978515625 0.03759765625 0.05615234375
0 0.892578125 0.85546875 0.05419921875 0.05419921875
0 0.9384765625 0.8291015625 0.03515625 0.05419921875