0 0.54150390625 0.0390625 0.0244140625 0.0234375
0 0.57421875 0.03857421875 0.0380859375 0.021484375
0 0.63232421875 0.03955078125 0.04296875 0.0234375
0 0.6689453125 0.0400390625 0.0302734375 0.0244140625
0 0.6953125 0.03857421875 0.02197265625 0.02392578125
0 0.73046875 0.03857421875 0.02294921875 0.02490234375
0 0.7587890625 0.03955078125 0.02734375 0.02734375
0 0.1865234375 0.6826171875 0.373046875 0.244140625
0 0.1494140625 0.85888671875 0.279296875 0.2265625
0 0.3974609375 0.802734375 0.189453125 0.20849609375
0 0.78955078125 0.68603515625 0.0322265625 0.0126953125
0 0.82421875 0.6875 0.033203125 0.015625
0 0.81787109375 0.70703125 0.0107421875 0.009765625
0 0.79443359375 0.716796875 0.0087890625 0.009765625
0 0.8056640625 0.71826171875 0.013671875 0.0087890625