0 0.369140625 0.1123046875 0.021484375 0.0224609375
0 0.3916015625 0.1015625 0.03076171875 0.0234375
0 0.41650390625 0.08984375 0.02685546875 0.02490234375
0 0.3681640625 0.2197265625 0.13818359375 0.17529296875
0 0.4287109375 0.228515625 0.08203125 0.095703125
0 0.4599609375 0.27978515625 0.01953125 0.0986328125
0 0.45703125 0.39990234375 0.0185546875 0.0224609375
0 0.46533203125 0.3896484375 0.0087890625 0.02734375
0 0.60009765625 0.064453125 0.11376953125 0.06298828125
0 0.7099609375 0.0576171875 0.0595703125 0.076171875
0 0.7841796875 0.06103515625 0.0576171875 0.07470703125
0 0.57861328125 0.14892578125 0.0771484375 0.0732421875
0 0.68310546875 0.14599609375 0.08642578125 0.07666015625
0 0.7841796875 0.14794921875 0.072265625 0.076171875
0 0.64453125 0.23681640625 0.08349609375 0.0771484375
0 0.73388671875 0.23779296875 0.05322265625 0.07568359375
0 0.6435546875 0.33056640625 0.044921875 0.07568359375
0 0.70654296875 0.32568359375 0.08056640625 0.08154296875
0 0.64453125 0.42138671875 0.068359375 0.07177734375
0 0.72216796875 0.4208984375 0.0791015625 0.06298828125
0 0.57958984375 0.5107421875 0.05712890625 0.0732421875
0 0.64208984375 0.505859375 0.0615234375 0.07177734375
0 0.70166015625 0.50341796875 0.05224609375 0.0673828125
0 0.78125 0.505859375 0.06982421875 0.0830078125
0 0.6796875 0.57861328125 0.0751953125 0.03955078125
0 0.75146484375 0.572265625 0.0625 0.03662109375
0 0.8330078125 0.37744140625 0.0107421875 0.03857421875
0 0.83447265625 0.33447265625 0.01318359375 0.0234375
0 0.85546875 0.12060546875 0.0126953125 0.02001953125
0 0.86767578125 0.0234375 0.00830078125 0.01318359375
0 0.9375 0.259765625 0.0166015625 0.0185546875
0 0.86279296875 0.21875 0.0458984375 0.03076171875
0 0.0087890625 0.68603515625 0.017578125 0.0458984375
0 0.13330078125 0.62744140625 0.072265625 0.0498046875
0 0.2119140625 0.62451171875 0.076171875 0.0498046875
0 0.12548828125 0.67919921875 0.07470703125 0.052734375
0 0.20703125 0.6787109375 0.0830078125 0.0517578125
0 0.5537109375 0.8779296875 0.16796875 0.130859375
0 0.79296875 0.8759765625 0.345703125 0.142578125
0 0.611328125 0.986328125 0.107421875 0.02734375
0 0.7080078125 0.9892578125 0.0625 0.021484375
0 0.7958984375 0.9892578125 0.08984375 0.021484375
0 0.8984375 0.9921875 0.068359375 0.015625
0 0.96728515625 0.98828125 0.0654296875 0.0234375