0 0.15478515625 0.109375 0.12060546875 0.10009765625
0 0.302734375 0.11669921875 0.10009765625 0.10205078125
0 0.3857421875 0.1318359375 0.068359375 0.095703125
0 0.4052734375 0.5634765625 0.021484375 0.0224609375
0 0.416015625 0.552734375 0.0078125 0.0234375
0 0.37744140625 0.67041015625 0.0849609375 0.1748046875
0 0.58740234375 0.38720703125 0.0361328125 0.0146484375
0 0.62744140625 0.404296875 0.0498046875 0.048828125
0 0.67236328125 0.43017578125 0.03955078125 0.052734375
0 0.708984375 0.46142578125 0.0419921875 0.0576171875
0 0.75439453125 0.4912109375 0.0537109375 0.064453125
0 0.818359375 0.5400390625 0.0849609375 0.0927734375
0 0.8828125 0.5869140625 0.04833984375 0.0712890625
0 0.95361328125 0.64453125 0.0927734375 0.11328125
0 0.5771484375 0.4501953125 0.0771484375 0.08984375
0 0.64306640625 0.490234375 0.060546875 0.07373046875
0 0.68359375 0.52294921875 0.041015625 0.0654296875
0 0.73486328125 0.56689453125 0.06982421875 0.08837890625
0 0.8125 0.6162109375 0.0849609375 0.0908203125
0 0.88427734375 0.66748046875 0.0634765625 0.0751953125
0 0.93017578125 0.7041015625 0.044921875 0.06689453125
0 0.974609375 0.7431640625 0.05078125 0.078125
0 0.603515625 0.5537109375 0.068359375 0.08349609375
0 0.67138671875 0.60302734375 0.083984375 0.09521484375
0 0.80419921875 0.69677734375 0.1923828125 0.166015625