0 0.03662109375 0.02978515625 0.017578125 0.02490234375
0 0.08349609375 0.01416015625 0.01318359375 0.0185546875
0 0.00634765625 0.0771484375 0.01123046875 0.0185546875
0 0.0537109375 0.05859375 0.0166015625 0.02099609375
0 0.10107421875 0.0439453125 0.0185546875 0.0185546875
0 0.14794921875 0.0283203125 0.0146484375 0.01953125
0 0.19384765625 0.01318359375 0.017578125 0.02099609375
0 0.033203125 0.1044921875 0.0146484375 0.0185546875
0 0.0849609375 0.08837890625 0.01220703125 0.0185546875
0 0.1328125 0.07275390625 0.015625 0.01953125
0 0.1826171875 0.05615234375 0.0205078125 0.02099609375
0 0.7724609375 0.1875 0.0849609375 0.0419921875
0 0.7236328125 0.3056640625 0.0322265625 0.05322265625
0 0.78125 0.33837890625 0.0908203125 0.04443359375
0 0.310546875 0.20947265625 0.052734375 0.033203125
0 0.3447265625 0.1943359375 0.02880859375 0.02587890625
0 0.36962890625 0.1865234375 0.02978515625 0.02978515625
0 0.416015625 0.466796875 0.021484375 0.0224609375
0 0.4384765625 0.4560546875 0.03076171875 0.0234375
0 0.46337890625 0.4443359375 0.02685546875 0.02490234375
0 0.4150390625 0.57421875 0.13818359375 0.17529296875
0 0.4794921875 0.58349609375 0.0888671875 0.09521484375
0 0.548828125 0.56591796875 0.0693359375 0.080078125
0 0.53515625 0.634765625 0.07568359375 0.0986328125
0 0.57470703125 0.64306640625 0.091796875 0.09619140625
0 0.50390625 0.75439453125 0.0185546875 0.0224609375
0 0.5224609375 0.74462890625 0.02880859375 0.02734375