0 0.10498046875 0.03857421875 0.2099609375 0.0771484375
0 0.17529296875 0.14599609375 0.2294921875 0.17236328125
0 0.064453125 0.30078125 0.12890625 0.10546875
0 0.24169921875 0.31396484375 0.19140625 0.10693359375
0 0.06005859375 0.3876953125 0.1201171875 0.09765625
0 0.22314453125 0.3984375 0.19482421875 0.0859375
0 0.013671875 0.4541015625 0.02734375 0.03125
0 0.06103515625 0.4599609375 0.0595703125 0.01953125
0 0.11962890625 0.46435546875 0.0458984375 0.0107421875
0 0.15771484375 0.4638671875 0.0341796875 0.01171875
0 0.52783203125 0.2294921875 0.2939453125 0.08740234375
0 0.841796875 0.2333984375 0.31640625 0.0859375
0 0.435546875 0.2978515625 0.158203125 0.0400390625
0 0.57177734375 0.296875 0.11474609375 0.04150390625
0 0.69921875 0.30224609375 0.1494140625 0.044921875
0 0.86328125 0.3037109375 0.18017578125 0.04150390625
0 0.43310546875 0.3515625 0.1669921875 0.0625
0 0.61572265625 0.359375 0.2197265625 0.05810546875
0 0.81201171875 0.36279296875 0.1689453125 0.05810546875
0 0.94970703125 0.361328125 0.1005859375 0.052734375
0 0.4013671875 0.4287109375 0.103515625 0.08203125
0 0.51318359375 0.43115234375 0.1611328125 0.0771484375
0 0.724609375 0.43017578125 0.28125 0.0791015625
0 0.943359375 0.43359375 0.11328125 0.072265625
0 0.98095703125 0.60888671875 0.0380859375 0.1201171875
0 0.9013671875 0.7333984375 0.05419921875 0.04248046875
0 0.9482421875 0.73193359375 0.0439453125 0.03466796875
0 0.8994140625 0.7802734375 0.0458984375 0.0400390625
0 0.9453125 0.77490234375 0.0498046875 0.04541015625
0 0.904296875 0.84423828125 0.05615234375 0.03466796875