0 0.1474609375 0.28515625 0.01708984375 0.04736328125
0 0.142578125 0.34619140625 0.01806640625 0.05078125
0 0.51220703125 0.54296875 0.0146484375 0.044921875
0 0.54443359375 0.16748046875 0.0498046875 0.0595703125
0 0.60546875 0.1611328125 0.06884765625 0.06103515625
0 0.6875 0.15869140625 0.08837890625 0.05810546875
0 0.7578125 0.1650390625 0.0478515625 0.05419921875
0 0.822265625 0.15869140625 0.0751953125 0.05810546875
0 0.8828125 0.1611328125 0.03955078125 0.04736328125
0 0.9404296875 0.15576171875 0.06982421875 0.0556640625
0 0.98828125 0.15478515625 0.0234375 0.0537109375
0 0.62451171875 0.232421875 0.05615234375 0.0556640625
0 0.68408203125 0.2314453125 0.05517578125 0.05126953125
0 0.74560546875 0.2275390625 0.05517578125 0.0625
0 0.81982421875 0.22509765625 0.08447265625 0.05810546875
0 0.8876953125 0.2294921875 0.0458984375 0.052734375
0 0.9326171875 0.22802734375 0.04150390625 0.0498046875
0 0.5400390625 0.3056640625 0.041015625 0.052734375
0 0.60302734375 0.3056640625 0.080078125 0.06396484375
0 0.66357421875 0.2939453125 0.03857421875 0.0654296875
0 0.708984375 0.298828125 0.048828125 0.0498046875
0 0.75732421875 0.298828125 0.046875 0.0498046875
0 0.8310546875 0.29833984375 0.0615234375 0.048828125
0 0.89892578125 0.29052734375 0.04052734375 0.052734375
0 0.94482421875 0.29541015625 0.048828125 0.05126953125
0 0.9853515625 0.2900390625 0.029296875 0.046875
0 0.70751953125 0.525390625 0.06884765625 0.052734375
0 0.73779296875 0.83935546875 0.16162109375 0.05126953125
0 0.69970703125 0.9453125 0.01611328125 0.04345703125
0 0.712890625 0.91064453125 0.033203125 0.03857421875
0 0.767578125 0.916015625 0.08349609375 0.05908203125
0 0.7919921875 0.95947265625 0.0185546875 0.04736328125
0 0.71533203125 0.98974609375 0.0478515625 0.0205078125
0 0.931640625 0.83349609375 0.06982421875 0.03955078125
0 0.98291015625 0.83837890625 0.0341796875 0.0380859375
0 0.90673828125 0.92138671875 0.1865234375 0.1298828125