0 0.06689453125 0.0849609375 0.1337890625 0.169921875
0 0.09619140625 0.19775390625 0.1923828125 0.2490234375
0 0.91552734375 0.19189453125 0.1689453125 0.0361328125
0 0.953125 0.26220703125 0.09375 0.0478515625
0 0.8701171875 0.330078125 0.146484375 0.03759765625
0 0.97509765625 0.3310546875 0.0498046875 0.03515625
0 0.8681640625 0.4130859375 0.13916015625 0.0390625
0 0.9736328125 0.41015625 0.052734375 0.04296875
0 0.84912109375 0.50439453125 0.18798828125 0.041015625
0 0.9736328125 0.50830078125 0.052734375 0.0419921875
0 0.35400390625 0.97705078125 0.0966796875 0.0458984375
0 0.72998046875 0.7275390625 0.10302734375 0.1611328125
0 0.84228515625 0.7705078125 0.1220703125 0.1416015625
0 0.958984375 0.7978515625 0.08203125 0.138671875
0 0.75244140625 0.8564453125 0.2060546875 0.287109375
0 0.9228515625 0.9140625 0.154296875 0.171875