0 0.13037109375 0.08935546875 0.04345703125 0.01953125
0 0.173828125 0.09228515625 0.048828125 0.017578125
0 0.1318359375 0.146484375 0.02197265625 0.02685546875
0 0.68505859375 0.2578125 0.17431640625 0.09033203125
0 0.85693359375 0.29443359375 0.1357421875 0.08447265625
0 0.59228515625 0.30517578125 0.0849609375 0.0966796875
0 0.697265625 0.326171875 0.12158203125 0.08251953125
0 0.818359375 0.349609375 0.123046875 0.076171875
0 0.94287109375 0.37353515625 0.1142578125 0.0732421875
0 0.28662109375 0.69580078125 0.4638671875 0.2529296875
0 0.23095703125 0.84912109375 0.11865234375 0.08154296875
0 0.3525390625 0.83251953125 0.1044921875 0.08154296875
0 0.1279296875 0.93505859375 0.07861328125 0.08447265625
0 0.18115234375 0.93896484375 0.02392578125 0.025390625
0 0.2373046875 0.9306640625 0.09716796875 0.0869140625
0 0.2939453125 0.92529296875 0.021484375 0.025390625