0 0.12109375 0.0498046875 0.212890625 0.099609375
0 0.0107421875 0.1328125 0.021484375 0.052734375
0 0.04638671875 0.130859375 0.04736328125 0.04345703125
0 0.099609375 0.13330078125 0.0615234375 0.0478515625
0 0.15234375 0.130859375 0.04736328125 0.04345703125
0 0.20068359375 0.13330078125 0.0556640625 0.04345703125
0 0.02001953125 0.1865234375 0.0400390625 0.037109375
0 0.06298828125 0.1826171875 0.04833984375 0.03662109375
0 0.11669921875 0.1845703125 0.05859375 0.02734375
0 0.4462890625 0.2001953125 0.078125 0.048828125
0 0.56103515625 0.19580078125 0.1240234375 0.05712890625
0 0.80810546875 0.19580078125 0.0859375 0.05029296875
0 0.15478515625 0.6669921875 0.0517578125 0.0185546875
0 0.18603515625 0.6640625 0.0107421875 0.0068359375
0 0.18798828125 0.671875 0.01171875 0.0078125
0 0.115234375 0.685546875 0.048828125 0.013671875
0 0.1689453125 0.68408203125 0.05029296875 0.013671875
0 0.26904296875 0.6640625 0.03076171875 0.01708984375
0 0.3076171875 0.65771484375 0.04296875 0.0068359375
0 0.2958984375 0.66845703125 0.01708984375 0.0078125
0 0.27490234375 0.6865234375 0.03076171875 0.01611328125
0 0.3037109375 0.6904296875 0.0146484375 0.0166015625
0 0.169921875 0.75927734375 0.0458984375 0.009765625
0 0.212890625 0.75927734375 0.03515625 0.01123046875
0 0.17822265625 0.7724609375 0.021484375 0.01025390625
0 0.20166015625 0.7705078125 0.02392578125 0.01171875
0 0.1708984375 0.78271484375 0.01171875 0.0078125
0 0.1884765625 0.78271484375 0.02001953125 0.0078125
0 0.208984375 0.7822265625 0.01806640625 0.00634765625
0 0.10498046875 0.95556640625 0.1142578125 0.05810546875
0 0.24267578125 0.93115234375 0.1435546875 0.08740234375
0 0.4658203125 0.64111328125 0.20751953125 0.189453125
0 0.712890625 0.615234375 0.255859375 0.19140625
0 0.6103515625 0.89501953125 0.125 0.10595703125