0 0.291015625 0.13916015625 0.27783203125 0.27783203125
0 0.5986328125 0.18212890625 0.310546875 0.26611328125
0 0.8681640625 0.23193359375 0.22509765625 0.24072265625
0 0.39501953125 0.34619140625 0.2294921875 0.17236328125
0 0.705078125 0.388671875 0.38037109375 0.185546875
0 0.2578125 0.50146484375 0.18212890625 0.10546875
0 0.46142578125 0.51416015625 0.19140625 0.10693359375
0 0.66357421875 0.54296875 0.1865234375 0.1142578125
0 0.8828125 0.5673828125 0.22705078125 0.09228515625
0 0.27294921875 0.58837890625 0.1337890625 0.09814453125
0 0.44287109375 0.5986328125 0.19482421875 0.0859375
0 0.65087890625 0.6181640625 0.21044921875 0.09521484375
0 0.86669921875 0.64794921875 0.201171875 0.09228515625
0 0.2294921875 0.6650390625 0.0361328125 0.05224609375
0 0.28076171875 0.6748046875 0.0595703125 0.04736328125
0 0.33935546875 0.6806640625 0.0458984375 0.04150390625
0 0.3779296875 0.68212890625 0.03369140625 0.04736328125
0 0.42333984375 0.6904296875 0.05712890625 0.05810546875