0 0.9482421875 0.2431640625 0.09912109375 0.13671875
0 0.31787109375 0.21435546875 0.029296875 0.04150390625
0 0.35009765625 0.22509765625 0.03125 0.0400390625
0 0.400390625 0.24267578125 0.06982421875 0.05517578125
0 0.4482421875 0.25439453125 0.0322265625 0.04150390625
0 0.48388671875 0.26171875 0.04248046875 0.046875
0 0.51611328125 0.27685546875 0.0302734375 0.033203125
0 0.55908203125 0.28759765625 0.0615234375 0.04833984375
0 0.607421875 0.302734375 0.03564453125 0.03857421875
0 0.63818359375 0.3115234375 0.0283203125 0.03662109375
0 0.66455078125 0.31982421875 0.03564453125 0.0400390625
0 0.30810546875 0.49267578125 0.10205078125 0.08154296875
0 0.38720703125 0.509765625 0.05517578125 0.0634765625
0 0.4619140625 0.52587890625 0.0966796875 0.068359375
0 0.53125 0.53662109375 0.0498046875 0.056640625
0 0.58935546875 0.5458984375 0.06689453125 0.06494140625
0 0.6591796875 0.5634765625 0.0751953125 0.0634765625
0 0.73193359375 0.578125 0.076171875 0.0634765625
0 0.31298828125 0.5693359375 0.0634765625 0.0751953125
0 0.3759765625 0.58251953125 0.06689453125 0.06494140625
0 0.45849609375 0.59228515625 0.095703125 0.07177734375
0 0.5419921875 0.60400390625 0.06982421875 0.0751953125
0 0.6240234375 0.6259765625 0.091796875 0.06494140625
0 0.69189453125 0.6318359375 0.05224609375 0.06689453125
0 0.7421875 0.6474609375 0.0615234375 0.0751953125
0 0.28369140625 0.6708984375 0.03662109375 0.04833984375
0 0.3154296875 0.67822265625 0.033203125 0.04345703125
0 0.349609375 0.68408203125 0.04248046875 0.044921875
0 0.38916015625 0.6875 0.03857421875 0.04150390625
0 0.435546875 0.693359375 0.060546875 0.04345703125
0 0.48193359375 0.6982421875 0.03857421875 0.0498046875
0 0.51904296875 0.7041015625 0.046875 0.04833984375
0 0.56396484375 0.7099609375 0.05126953125 0.046875
0 0.609375 0.71435546875 0.0458984375 0.04833984375
0 0.64208984375 0.71728515625 0.0322265625 0.044921875
0 0.67138671875 0.7216796875 0.0302734375 0.04345703125
0 0.70751953125 0.728515625 0.05224609375 0.0400390625
0 0.744140625 0.73095703125 0.0302734375 0.03857421875
0 0.76904296875 0.734375 0.02392578125 0.03515625
0 0.78955078125 0.740234375 0.03125 0.04345703125
0 0.5009765625 0.75244140625 0.04150390625 0.03857421875