0 0.2041015625 0.3115234375 0.408203125 0.205078125
0 0.0126953125 0.4892578125 0.025390625 0.041015625
0 0.0576171875 0.4892578125 0.060546875 0.041015625
0 0.1162109375 0.4892578125 0.060546875 0.041015625
0 0.181640625 0.4892578125 0.07421875 0.041015625
0 0.24609375 0.48828125 0.0546875 0.04296875
0 0.296875 0.4892578125 0.05078125 0.041015625
0 0.34375 0.48681640625 0.04296875 0.0458984375
0 0.384765625 0.4892578125 0.03515625 0.041015625
0 0.4150390625 0.4892578125 0.029296875 0.041015625
0 0.50244140625 0.2978515625 0.1455078125 0.125
0 0.65576171875 0.291015625 0.14404296875 0.13671875
0 0.85498046875 0.28662109375 0.2421875 0.142578125
0 0.08642578125 0.87158203125 0.0107421875 0.01513671875
0 0.560546875 0.94873046875 0.044921875 0.1025390625
0 0.6103515625 0.9736328125 0.05078125 0.052734375