0 0.1708984375 0.0400390625 0.06640625 0.080078125
0 0.50537109375 0.298828125 0.2509765625 0.126953125
0 0.84130859375 0.296875 0.3173828125 0.115234375
0 0.0390625 0.47607421875 0.078125 0.0537109375
0 0.41650390625 0.5517578125 0.0732421875 0.16796875
0 0.59326171875 0.56689453125 0.2802734375 0.17919921875
0 0.8232421875 0.56640625 0.1533203125 0.1611328125
0 0.95458984375 0.56640625 0.0908203125 0.16796875
0 0.62060546875 0.7939453125 0.10009765625 0.06103515625
0 0.6982421875 0.79931640625 0.05322265625 0.0498046875
0 0.77197265625 0.79052734375 0.08740234375 0.0654296875
0 0.8623046875 0.79541015625 0.08740234375 0.05810546875
0 0.9541015625 0.802734375 0.091796875 0.048828125
0 0.61474609375 0.86474609375 0.05126953125 0.0556640625
0 0.67333984375 0.86669921875 0.06787109375 0.0595703125
0 0.7294921875 0.8740234375 0.044921875 0.05712890625
0 0.79150390625 0.86767578125 0.0458984375 0.052734375
0 0.84716796875 0.86962890625 0.0595703125 0.05126953125
0 0.89990234375 0.8662109375 0.03955078125 0.05810546875
0 0.9521484375 0.8740234375 0.064453125 0.05419921875
0 0.59814453125 0.92578125 0.06982421875 0.052734375
0 0.66796875 0.92431640625 0.0654296875 0.052734375
0 0.72998046875 0.9267578125 0.05615234375 0.05126953125
0 0.80517578125 0.92919921875 0.064453125 0.0458984375
0 0.8671875 0.93359375 0.05517578125 0.04296875
0 0.9208984375 0.93408203125 0.0478515625 0.0556640625
0 0.97314453125 0.9345703125 0.0537109375 0.04296875
0 0.57421875 0.98828125 0.05859375 0.0234375
0 0.71533203125 0.9892578125 0.0341796875 0.021484375
0 0.8203125 0.98095703125 0.02197265625 0.01513671875
0 0.81396484375 0.9931640625 0.0283203125 0.013671875
0 0.88720703125 0.98779296875 0.0419921875 0.0244140625