0 0.0732421875 0.13427734375 0.0927734375 0.0361328125
0 0.171875 0.1416015625 0.10546875 0.03125
0 0.2841796875 0.14501953125 0.10986328125 0.0341796875
0 0.40234375 0.15234375 0.115234375 0.03515625
0 0.2578125 0.2021484375 0.404296875 0.091796875
0 0.39501953125 0.513671875 0.009765625 0.00439453125
0 0.4072265625 0.51416015625 0.01611328125 0.00537109375
0 0.51513671875 0.05517578125 0.1103515625 0.0986328125
0 0.53271484375 0.1484375 0.1455078125 0.111328125
0 0.4658203125 0.33984375 0.01171875 0.0234375
0 0.48583984375 0.5224609375 0.0517578125 0.091796875
0 0.57080078125 0.5234375 0.08740234375 0.09326171875
0 0.13232421875 0.78076171875 0.09912109375 0.05908203125
0 0.20068359375 0.7978515625 0.06298828125 0.0380859375
0 0.2548828125 0.810546875 0.06201171875 0.04248046875
0 0.1259765625 0.82275390625 0.09521484375 0.0576171875
0 0.2138671875 0.84130859375 0.09716796875 0.0546875
0 0.09619140625 0.85986328125 0.052734375 0.0400390625
0 0.154296875 0.87353515625 0.06494140625 0.04443359375
0 0.19921875 0.88671875 0.0380859375 0.0361328125
0 0.2373046875 0.888671875 0.04541015625 0.0400390625
0 0.2763671875 0.896484375 0.04248046875 0.037109375
0 0.32177734375 0.90966796875 0.05908203125 0.0498046875
0 0.08154296875 0.90625 0.0400390625 0.03076171875
0 0.1279296875 0.91015625 0.05078125 0.0400390625
0 0.1748046875 0.91943359375 0.04833984375 0.0361328125
0 0.22705078125 0.93359375 0.0693359375 0.04638671875
0 0.28173828125 0.94482421875 0.0361328125 0.03125
0 0.095703125 0.95068359375 0.08447265625 0.04736328125
0 0.15478515625 0.96826171875 0.04150390625 0.0380859375
0 0.197265625 0.96923828125 0.05078125 0.04150390625
0 0.07275390625 0.98828125 0.0556640625 0.0234375
0 0.11865234375 0.9912109375 0.0556640625 0.017578125
0 0.46630859375 0.958984375 0.0126953125 0.048828125
0 0.49951171875 0.96337890625 0.05322265625 0.04638671875
0 0.55126953125 0.96728515625 0.05322265625 0.0439453125