0 0.22802734375 0.38330078125 0.1123046875 0.0322265625
0 0.7314453125 0.1005859375 0.203125 0.142578125
0 0.642578125 0.205078125 0.025390625 0.0234375
0 0.720703125 0.19775390625 0.025390625 0.01806640625
0 0.78466796875 0.1904296875 0.0966796875 0.02734375
0 0.02099609375 0.58349609375 0.0078125 0.00341796875
0 0.14208984375 0.41845703125 0.1240234375 0.0380859375
0 0.146484375 0.46728515625 0.12451171875 0.0595703125
0 0.2890625 0.44873046875 0.15625 0.0986328125
0 0.42578125 0.41845703125 0.107421875 0.0380859375
0 0.53564453125 0.41796875 0.1123046875 0.037109375
0 0.4814453125 0.47265625 0.22216796875 0.044921875
0 0.216796875 0.53759765625 0.02001953125 0.0283203125
0 0.27685546875 0.53076171875 0.099609375 0.04248046875
0 0.416015625 0.53662109375 0.119140625 0.03173828125
0 0.869140625 0.62109375 0.07421875 0.04638671875
0 0.93505859375 0.62744140625 0.05810546875 0.048828125
0 0.98193359375 0.630859375 0.0361328125 0.046875