0 0.27001953125 0.1884765625 0.1484375 0.0478515625
0 0.38818359375 0.18994140625 0.08837890625 0.044921875
0 0.4931640625 0.19482421875 0.12841796875 0.041015625
0 0.3232421875 0.2275390625 0.0751953125 0.0244140625
0 0.67041015625 0.00732421875 0.1220703125 0.0146484375
0 0.685546875 0.09375 0.15234375 0.046875
0 0.02197265625 0.80419921875 0.0439453125 0.0517578125
0 0.09765625 0.794921875 0.08740234375 0.0517578125
0 0.1982421875 0.798828125 0.0947265625 0.03955078125
0 0.2783203125 0.79248046875 0.048828125 0.0517578125
0 0.33984375 0.7998046875 0.0625 0.0615234375
0 0.0322265625 0.853515625 0.064453125 0.02734375
0 0.08349609375 0.85400390625 0.029296875 0.02734375
0 0.14501953125 0.85400390625 0.0849609375 0.02734375
0 0.212890625 0.85546875 0.048828125 0.02978515625
0 0.64697265625 0.51708984375 0.0751953125 0.0576171875
0 0.771484375 0.52783203125 0.1474609375 0.048828125
0 0.87109375 0.734375 0.02880859375 0.0185546875