0 0.08837890625 0.0283203125 0.02685546875 0.0400390625
0 0.08154296875 0.05712890625 0.048828125 0.04150390625
0 0.193359375 0.0537109375 0.17236328125 0.09130859375
0 0.3154296875 0.083984375 0.06591796875 0.07470703125
0 0.166015625 0.12939453125 0.1123046875 0.0927734375
0 0.2880859375 0.1416015625 0.1240234375 0.09130859375
0 0.36767578125 0.14013671875 0.0390625 0.0380859375
0 0.369140625 0.1767578125 0.0400390625 0.03466796875
0 0.4814453125 0.22216796875 0.13818359375 0.19921875
0 0.9814453125 0.2861328125 0.037109375 0.03466796875
0 0.8017578125 0.5234375 0.0478515625 0.0380859375
0 0.85498046875 0.52001953125 0.06005859375 0.044921875
0 0.7998046875 0.5615234375 0.0361328125 0.021484375
0 0.8330078125 0.5615234375 0.0322265625 0.021484375
0 0.796875 0.58056640625 0.02587890625 0.0234375
0 0.8271484375 0.5810546875 0.02685546875 0.021484375
0 0.83447265625 0.65087890625 0.10498046875 0.10791015625