0 0.00390625 0.1533203125 0.0078125 0.01953125
0 0.04345703125 0.15576171875 0.01708984375 0.0234375
0 0.0634765625 0.15966796875 0.0302734375 0.0263671875
0 0.0966796875 0.1591796875 0.033203125 0.02294921875
0 0.1298828125 0.1630859375 0.0283203125 0.02099609375
0 0.1591796875 0.166015625 0.02734375 0.02294921875
0 0.1982421875 0.17041015625 0.05322265625 0.02294921875
0 0.25732421875 0.1748046875 0.0361328125 0.0234375
0 0.291015625 0.17919921875 0.03271484375 0.0283203125
0 0.322265625 0.18115234375 0.0302734375 0.02490234375
0 0.35546875 0.18505859375 0.0390625 0.02294921875
0 0.19970703125 0.2509765625 0.28955078125 0.099609375
0 0.044921875 0.30859375 0.0439453125 0.02587890625
0 0.08251953125 0.3134765625 0.03173828125 0.02392578125
0 0.11474609375 0.31689453125 0.0361328125 0.03173828125
0 0.146484375 0.3193359375 0.0283203125 0.02783203125
0 0.1787109375 0.3251953125 0.0380859375 0.0234375
0 0.2138671875 0.32861328125 0.03369140625 0.0302734375
0 0.2451171875 0.3291015625 0.025390625 0.02685546875
0 0.2841796875 0.33740234375 0.0537109375 0.0224609375
0 0.3330078125 0.3427734375 0.0390625 0.0224609375
0 0.36279296875 0.34375 0.0205078125 0.02490234375
0 0.45947265625 0.28125 0.1005859375 0.0615234375
0 0.44921875 0.35595703125 0.0634765625 0.02978515625
0 0.8837890625 0.119140625 0.18017578125 0.056640625
0 0.9853515625 0.12451171875 0.029296875 0.0458984375
0 0.896484375 0.20166015625 0.20703125 0.1044921875
0 0.791015625 0.318359375 0.38720703125 0.11962890625
0 0.71484375 0.4052734375 0.1435546875 0.0673828125
0 0.80078125 0.40283203125 0.0419921875 0.05419921875
0 0.8447265625 0.40625 0.04541015625 0.0478515625
0 0.892578125 0.4052734375 0.0439453125 0.05419921875
0 0.9375 0.4052734375 0.0595703125 0.05859375
0 0.98193359375 0.40966796875 0.0361328125 0.0498046875
0 0.017578125 0.76708984375 0.03515625 0.0400390625
0 0.02001953125 0.8193359375 0.0400390625 0.056640625
0 0.064453125 0.82666015625 0.06005859375 0.0703125
0 0.4228515625 0.671875 0.08837890625 0.083984375
0 0.5048828125 0.68310546875 0.05859375 0.05859375
0 0.41796875 0.80029296875 0.15869140625 0.06201171875
0 0.41796875 0.92138671875 0.1640625 0.08544921875
0 0.52392578125 0.94091796875 0.0517578125 0.0654296875
0 0.34326171875 0.97705078125 0.0673828125 0.0458984375
0 0.4111328125 0.986328125 0.09765625 0.02734375
0 0.50048828125 0.984375 0.0986328125 0.03125
0 0.5712890625 0.84130859375 0.04296875 0.0126953125
0 0.60498046875 0.93798828125 0.0078125 0.00341796875
0 0.72607421875 0.763671875 0.1240234375 0.05810546875
0 0.73046875 0.82177734375 0.12451171875 0.0595703125
0 0.87353515625 0.796875 0.15576171875 0.11181640625
0 0.97802734375 0.7626953125 0.0439453125 0.05859375
0 0.97705078125 0.8271484375 0.0458984375 0.044921875
0 0.80078125 0.89208984375 0.02001953125 0.0283203125
0 0.86083984375 0.88525390625 0.099609375 0.04248046875
0 0.97021484375 0.890625 0.0595703125 0.03125