0 0.16650390625 0.28759765625 0.16162109375 0.05126953125
0 0.12841796875 0.3935546875 0.01611328125 0.04345703125
0 0.1416015625 0.35888671875 0.033203125 0.03857421875
0 0.1962890625 0.3642578125 0.08349609375 0.05908203125
0 0.220703125 0.40771484375 0.0185546875 0.04736328125
0 0.14453125 0.4609375 0.04736328125 0.0654296875
0 0.173828125 0.47998046875 0.01513671875 0.02099609375
0 0.20703125 0.4697265625 0.05224609375 0.05810546875
0 0.33740234375 0.28125 0.0244140625 0.0390625
0 0.2958984375 0.36962890625 0.107421875 0.1298828125
0 0.43896484375 0.38720703125 0.0478515625 0.0302734375
0 0.48046875 0.39208984375 0.0341796875 0.0283203125
0 0.51318359375 0.39306640625 0.0302734375 0.0302734375
0 0.537109375 0.39306640625 0.0166015625 0.0302734375
0 0.59326171875 0.396484375 0.0986328125 0.0263671875
0 0.65673828125 0.40234375 0.0244140625 0.0263671875
0 0.6767578125 0.404296875 0.01708984375 0.0302734375
0 0.4169921875 0.41455078125 0.0478515625 0.0283203125
0 0.4580078125 0.41748046875 0.0341796875 0.0302734375
0 0.4921875 0.41943359375 0.0302734375 0.0263671875
0 0.517578125 0.42236328125 0.0205078125 0.0244140625
0 0.53564453125 0.42333984375 0.0166015625 0.0263671875
0 0.55810546875 0.4248046875 0.02490234375 0.0224609375
0 0.583984375 0.4267578125 0.0234375 0.0263671875
0 0.6015625 0.427734375 0.01025390625 0.0244140625
0 0.619140625 0.427734375 0.0234375 0.0283203125
0 0.64111328125 0.431640625 0.0224609375 0.0244140625
0 0.666015625 0.431640625 0.02490234375 0.0322265625
0 0.6923828125 0.431640625 0.0263671875 0.0244140625
0 0.359375 0.49267578125 0.01953125 0.0634765625
0 0.4111328125 0.4921875 0.0751953125 0.07373046875
0 0.48828125 0.5068359375 0.06787109375 0.06591796875
0 0.564453125 0.5087890625 0.0751953125 0.0625
0 0.61279296875 0.5166015625 0.015625 0.02099609375
0 0.6640625 0.5146484375 0.07421875 0.0625
0 0.375 0.546875 0.03662109375 0.0546875
0 0.421875 0.55126953125 0.05322265625 0.056640625
0 0.46044921875 0.55712890625 0.015625 0.048828125
0 0.4775390625 0.56201171875 0.01416015625 0.02099609375
0 0.505859375 0.56103515625 0.0302734375 0.04541015625
0 0.0419921875 0.88720703125 0.083984375 0.1181640625
0 0.11181640625 0.90283203125 0.04541015625 0.0966796875
0 0.17041015625 0.93017578125 0.0732421875 0.0927734375
0 0.236328125 0.923828125 0.05029296875 0.0888671875
0 0.306640625 0.9404296875 0.0859375 0.08203125
0 0.0244140625 0.98193359375 0.048828125 0.0361328125