0 0.0458984375 0.09033203125 0.0361328125 0.0615234375
0 0.14599609375 0.208984375 0.0224609375 0.04296875
0 0.2138671875 0.072265625 0.095703125 0.14453125
0 0.15869140625 0.234375 0.0390625 0.1416015625
0 0.2001953125 0.19287109375 0.04638671875 0.13916015625
0 0.26171875 0.10693359375 0.095703125 0.2138671875
0 0.22265625 0.25732421875 0.0859375 0.14990234375
0 0.333984375 0.24951171875 0.048828125 0.0947265625
0 0.40234375 0.26171875 0.0869140625 0.09521484375
0 0.4921875 0.26708984375 0.0849609375 0.08203125
0 0.5615234375 0.27587890625 0.046875 0.0791015625
0 0.6435546875 0.28466796875 0.119140625 0.07275390625
0 0.7314453125 0.2890625 0.0751953125 0.06982421875
0 0.7880859375 0.29541015625 0.05615234375 0.06689453125
0 0.85595703125 0.30126953125 0.10400390625 0.06689453125
0 0.951171875 0.3173828125 0.09765625 0.087890625
0 0.36572265625 0.36181640625 0.1123046875 0.1259765625
0 0.48486328125 0.37548828125 0.1162109375 0.0966796875
0 0.595703125 0.37841796875 0.09619140625 0.11181640625
0 0.69677734375 0.38916015625 0.10595703125 0.099609375
0 0.83447265625 0.392578125 0.18701171875 0.10693359375
0 0.1689453125 0.787109375 0.28125 0.048828125
0 0.18994140625 0.8642578125 0.2392578125 0.04296875
0 0.166015625 0.9384765625 0.287109375 0.04296875
0 0.07861328125 0.99267578125 0.1025390625 0.0146484375
0 0.20703125 0.99267578125 0.11328125 0.0146484375