0 0.1318359375 0.24072265625 0.16552734375 0.240234375
0 0.07470703125 0.31201171875 0.044921875 0.0771484375
0 0.125 0.3427734375 0.06201171875 0.095703125
0 0.3427734375 0.33984375 0.1875 0.119140625
0 0.70751953125 0.015625 0.0966796875 0.03125
0 0.70654296875 0.11328125 0.0986328125 0.09326171875
0 0.705078125 0.25537109375 0.12255859375 0.0830078125
0 0.869140625 0.0322265625 0.099609375 0.064453125
0 0.8701171875 0.18115234375 0.0859375 0.1064453125
0 0.87158203125 0.35009765625 0.1005859375 0.0986328125
0 0.76171875 0.3427734375 0.03515625 0.03466796875
0 0.7060546875 0.3818359375 0.037109375 0.03515625
0 0.74169921875 0.38427734375 0.0283203125 0.0302734375
0 0.5478515625 0.35546875 0.0068359375 0.00537109375
0 0.55615234375 0.35009765625 0.005859375 0.00537109375
0 0.56396484375 0.34814453125 0.005859375 0.00341796875
0 0.57177734375 0.34716796875 0.00537109375 0.00341796875
0 0.580078125 0.345703125 0.0068359375 0.00341796875
0 0.58984375 0.34423828125 0.0068359375 0.00439453125
0 0.5947265625 0.34814453125 0.0087890625 0.00390625
0 0.55224609375 0.3984375 0.0068359375 0.001953125
0 0.55908203125 0.3984375 0.0087890625 0.001953125
0 0.5673828125 0.39697265625 0.0078125 0.0048828125
0 0.576171875 0.39599609375 0.0087890625 0.005859375
0 0.56884765625 0.39892578125 0.0029296875 0.0009765625
0 0.57373046875 0.3984375 0.0048828125 0.001953125
0 0.580078125 0.39794921875 0.005859375 0.0029296875
0 0.66845703125 0.39013671875 0.0126953125 0.0185546875
0 0.6572265625 0.3916015625 0.009765625 0.015625
0 0.3408203125 0.505859375 0.02197265625 0.0244140625
0 0.3603515625 0.5048828125 0.01171875 0.0263671875
0 0.38134765625 0.5009765625 0.0263671875 0.0302734375
0 0.32275390625 0.54345703125 0.03466796875 0.0322265625
0 0.3603515625 0.5361328125 0.03662109375 0.0322265625
0 0.40087890625 0.53955078125 0.03759765625 0.0244140625
0 0.25537109375 0.923828125 0.01025390625 0.0244140625
0 0.2841796875 0.7919921875 0.017578125 0.0322265625
0 0.2841796875 0.83984375 0.017578125 0.03369140625
0 0.283203125 0.88818359375 0.017578125 0.0322265625
0 0.43701171875 0.69775390625 0.017578125 0.0322265625
0 0.43798828125 0.7431640625 0.017578125 0.0322265625
0 0.4384765625 0.83837890625 0.0166015625 0.03369140625
0 0.4384765625 0.88623046875 0.0166015625 0.0322265625
0 0.46337890625 0.78271484375 0.01025390625 0.0244140625
0 0.68310546875 0.447265625 0.2802734375 0.095703125
0 0.6201171875 0.55712890625 0.15771484375 0.07763671875
0 0.77490234375 0.5498046875 0.12744140625 0.0908203125
0 0.9423828125 0.56396484375 0.115234375 0.0771484375
0 0.53466796875 0.67041015625 0.0302734375 0.0712890625
0 0.57666015625 0.66064453125 0.04443359375 0.0673828125
0 0.62255859375 0.67236328125 0.03857421875 0.0732421875
0 0.67333984375 0.66064453125 0.048828125 0.06396484375
0 0.7216796875 0.66943359375 0.037109375 0.0673828125
0 0.779296875 0.6748046875 0.06884765625 0.0732421875
0 0.85107421875 0.65869140625 0.0625 0.072265625
0 0.904296875 0.6669921875 0.03125 0.0576171875
0 0.95263671875 0.6748046875 0.056640625 0.06982421875
0 0.99267578125 0.67626953125 0.0146484375 0.0732421875
0 0.54248046875 0.7548828125 0.0458984375 0.072265625
0 0.60205078125 0.74609375 0.0654296875 0.07080078125
0 0.6875 0.75048828125 0.09619140625 0.083984375
0 0.7646484375 0.7568359375 0.05078125 0.0849609375
0 0.826171875 0.75439453125 0.06201171875 0.0810546875
0 0.88427734375 0.759765625 0.04541015625 0.0810546875
0 0.94140625 0.75537109375 0.0595703125 0.08251953125
0 0.98876953125 0.76318359375 0.0224609375 0.0751953125
0 0.55859375 0.849609375 0.078125 0.072265625
0 0.62646484375 0.84228515625 0.05517578125 0.0576171875
0 0.6943359375 0.841796875 0.0673828125 0.05810546875
0 0.77099609375 0.84228515625 0.05419921875 0.05078125
0 0.822265625 0.83642578125 0.04296875 0.04345703125
0 0.865234375 0.84423828125 0.03857421875 0.04345703125
0 0.9091796875 0.845703125 0.04052734375 0.044921875
0 0.95556640625 0.83837890625 0.04638671875 0.046875