0 0.04345703125 0.07861328125 0.0869140625 0.1142578125
0 0.2705078125 0.09521484375 0.0419921875 0.037109375
0 0.33251953125 0.08642578125 0.078125 0.06005859375
0 0.04541015625 0.36181640625 0.0908203125 0.1142578125
0 0.27587890625 0.3466796875 0.0478515625 0.04296875
0 0.341796875 0.33349609375 0.076171875 0.06298828125
0 0.6953125 0.10205078125 0.232421875 0.2041015625
0 0.9140625 0.09130859375 0.126953125 0.1826171875
0 0.330078125 0.7236328125 0.09423828125 0.16845703125
0 0.42578125 0.7783203125 0.0859375 0.16552734375
0 0.5048828125 0.79345703125 0.05615234375 0.134765625
0 0.2626953125 0.8134765625 0.02783203125 0.06201171875
0 0.31494140625 0.8330078125 0.07177734375 0.0732421875
0 0.3759765625 0.8525390625 0.0341796875 0.05615234375
0 0.458984375 0.880859375 0.06396484375 0.0673828125
0 0.51708984375 0.900390625 0.05615234375 0.06201171875
0 0.27978515625 0.9033203125 0.06591796875 0.0732421875
0 0.330078125 0.919921875 0.0380859375 0.06201171875
0 0.380859375 0.93115234375 0.05615234375 0.07861328125
0 0.44970703125 0.95654296875 0.07421875 0.0673828125
0 0.279296875 0.97509765625 0.0625 0.0498046875
0 0.34130859375 0.98486328125 0.0537109375 0.0302734375
0 0.6435546875 0.6953125 0.1484375 0.2265625
0 0.86572265625 0.7177734375 0.2685546875 0.1953125
0 0.61279296875 0.8623046875 0.0869140625 0.052734375
0 0.73876953125 0.86328125 0.12744140625 0.0517578125
0 0.81298828125 0.86669921875 0.0185546875 0.04150390625
0 0.86181640625 0.86669921875 0.041015625 0.04150390625
0 0.91796875 0.86181640625 0.07373046875 0.04833984375
0 0.978515625 0.86376953125 0.04296875 0.0439453125