0 0.130859375 0.14013671875 0.21484375 0.2802734375
0 0.0224609375 0.302734375 0.044921875 0.12890625
0 0.10107421875 0.3017578125 0.1123046875 0.12841796875
0 0.0654296875 0.51611328125 0.130859375 0.3056640625
0 0.2265625 0.32763671875 0.0859375 0.0751953125
0 0.21923828125 0.41748046875 0.05859375 0.0732421875
0 0.255859375 0.419921875 0.02734375 0.091796875
0 0.2265625 0.50341796875 0.0859375 0.0732421875
0 0.22900390625 0.59619140625 0.0810546875 0.0712890625
0 0.2255859375 0.67919921875 0.06396484375 0.080078125
0 0.6796875 0.01220703125 0.34375 0.0244140625
0 0.52197265625 0.18603515625 0.2333984375 0.16650390625
0 0.83935546875 0.16357421875 0.24169921875 0.171875
0 0.091796875 0.84423828125 0.18359375 0.0986328125
0 0.109375 0.9375 0.21875 0.111328125