0 0.44287109375 0.32763671875 0.04248046875 0.013671875
0 0.4072265625 0.3173828125 0.123046875 0.03955078125
0 0.62841796875 0.306640625 0.04736328125 0.0185546875
0 0.671875 0.30615234375 0.04052734375 0.015625
0 0.71240234375 0.30224609375 0.0419921875 0.01806640625
0 0.4951171875 0.36767578125 0.2421875 0.0478515625
0 0.52197265625 0.4033203125 0.08154296875 0.033203125
0 0.591796875 0.3994140625 0.0537109375 0.0302734375
0 0.431640625 0.4228515625 0.10888671875 0.05078125
0 0.52197265625 0.43505859375 0.072265625 0.03173828125
0 0.58642578125 0.431640625 0.0595703125 0.0283203125
0 0.66552734375 0.35546875 0.0302734375 0.01171875
0 0.68359375 0.35595703125 0.01123046875 0.01123046875
0 0.666015625 0.3671875 0.0283203125 0.01513671875
0 0.64990234375 0.38037109375 0.029296875 0.01318359375
0 0.6796875 0.3828125 0.03759765625 0.01611328125
0 0.41162109375 0.4736328125 0.041015625 0.015625
0 0.44140625 0.4697265625 0.02001953125 0.00732421875
0 0.44140625 0.4765625 0.01953125 0.0078125
0 0.41796875 0.4970703125 0.0546875 0.0224609375
0 0.45947265625 0.48974609375 0.0283203125 0.0107421875
0 0.4599609375 0.50048828125 0.02978515625 0.0107421875
0 0.513671875 0.47216796875 0.04541015625 0.015625
0 0.5458984375 0.46875 0.02001953125 0.00830078125
0 0.5458984375 0.47607421875 0.0205078125 0.0078125
0 0.52099609375 0.494140625 0.0634765625 0.0224609375
0 0.5673828125 0.48974609375 0.02880859375 0.01025390625
0 0.56787109375 0.5 0.0302734375 0.0107421875
0 0.6201171875 0.47119140625 0.04052734375 0.01513671875
0 0.64892578125 0.466796875 0.021484375 0.00732421875
0 0.64990234375 0.47412109375 0.0205078125 0.00732421875
0 0.63330078125 0.49365234375 0.06591796875 0.021484375
0 0.68017578125 0.48828125 0.0322265625 0.01123046875
0 0.68115234375 0.4990234375 0.0322265625 0.0107421875
0 0.4150390625 0.71630859375 0.04248046875 0.00830078125
0 0.50439453125 0.72021484375 0.06494140625 0.0087890625
0 0.607421875 0.72265625 0.06201171875 0.01025390625
0 0.70263671875 0.72509765625 0.06005859375 0.01025390625
0 0.43017578125 0.732421875 0.0341796875 0.009765625
0 0.4599609375 0.732421875 0.02734375 0.009765625
0 0.486328125 0.732421875 0.0244140625 0.01025390625
0 0.5048828125 0.7333984375 0.0126953125 0.009765625
0 0.525390625 0.7333984375 0.0302734375 0.0087890625
0 0.55224609375 0.734375 0.02099609375 0.00830078125
0 0.58056640625 0.73486328125 0.03662109375 0.00830078125
0 0.6162109375 0.7373046875 0.03271484375 0.01025390625
0 0.64404296875 0.73779296875 0.0234375 0.01025390625
0 0.66357421875 0.73779296875 0.015625 0.0087890625
0 0.68115234375 0.7392578125 0.02001953125 0.0107421875