0 0.34716796875 0.033203125 0.0947265625 0.06640625
0 0.33203125 0.1484375 0.064453125 0.169921875
0 0.42333984375 0.0830078125 0.1103515625 0.166015625
0 0.6904296875 0.0302734375 0.0859375 0.060546875
0 0.63232421875 0.0927734375 0.0966796875 0.185546875
0 0.712890625 0.1474609375 0.06396484375 0.1669921875
0 0.76708984375 0.1875 0.0439453125 0.14453125
0 0.82861328125 0.01904296875 0.0791015625 0.0380859375
0 0.8994140625 0.03955078125 0.052734375 0.0791015625
0 0.943359375 0.06396484375 0.0263671875 0.0771484375
0 0.9736328125 0.08935546875 0.052734375 0.1220703125
0 0.17626953125 0.9658203125 0.1298828125 0.068359375
0 0.27490234375 0.97119140625 0.0498046875 0.0576171875
0 0.642578125 0.78662109375 0.205078125 0.10205078125
0 0.46240234375 0.92626953125 0.11767578125 0.111328125
0 0.6298828125 0.89990234375 0.1875 0.11474609375
0 0.8037109375 0.90673828125 0.14501953125 0.0849609375