0 0.42041015625 0.26318359375 0.0302734375 0.03271484375
0 0.44482421875 0.263671875 0.0224609375 0.03662109375
0 0.46826171875 0.26513671875 0.0224609375 0.0400390625
0 0.44873046875 0.29833984375 0.0126953125 0.02734375
0 0.46923828125 0.298828125 0.0205078125 0.02734375
0 0.52392578125 0.0693359375 0.0888671875 0.138671875
0 0.61474609375 0.068359375 0.0888671875 0.13671875
0 0.705078125 0.0869140625 0.08984375 0.13671875
0 0.80224609375 0.0654296875 0.0888671875 0.130859375
0 0.91650390625 0.0703125 0.12744140625 0.11328125
0 0.49658203125 0.17138671875 0.0341796875 0.0400390625
0 0.587890625 0.16943359375 0.142578125 0.03857421875
0 0.70263671875 0.166015625 0.0751953125 0.04150390625
0 0.810546875 0.16357421875 0.125 0.0400390625
0 0.74658203125 0.205078125 0.03515625 0.02685546875
0 0.82861328125 0.20361328125 0.11376953125 0.02685546875
0 0.06298828125 0.462890625 0.1259765625 0.046875
0 0.1591796875 0.46826171875 0.04150390625 0.05322265625
0 0.20556640625 0.46337890625 0.02197265625 0.04638671875
0 0.02294921875 0.5478515625 0.0458984375 0.03125
0 0.0859375 0.552734375 0.06884765625 0.0224609375
0 0.15673828125 0.5546875 0.05810546875 0.04345703125
0 0.2392578125 0.5517578125 0.09228515625 0.04052734375
0 0.00927734375 0.58984375 0.0185546875 0.037109375
0 0.06494140625 0.59326171875 0.0849609375 0.03076171875
0 0.14208984375 0.59423828125 0.0615234375 0.029296875
0 0.22021484375 0.5966796875 0.07958984375 0.04052734375
0 0.32421875 0.59765625 0.11767578125 0.0419921875
0 0.017578125 0.6376953125 0.03515625 0.033203125
0 0.33251953125 0.5439453125 0.03271484375 0.03955078125
0 0.076171875 0.642578125 0.06689453125 0.03955078125
0 0.146484375 0.6396484375 0.0634765625 0.044921875
0 0.25537109375 0.63916015625 0.150390625 0.04638671875
0 0.02294921875 0.68115234375 0.0458984375 0.0322265625
0 0.07861328125 0.68115234375 0.05078125 0.0322265625
0 0.162109375 0.68408203125 0.10498046875 0.03515625
0 0.251953125 0.68798828125 0.0595703125 0.04052734375
0 0.3232421875 0.681640625 0.06884765625 0.03076171875
0 0.03125 0.72998046875 0.0625 0.0439453125
0 0.10302734375 0.72802734375 0.06689453125 0.03076171875
0 0.2021484375 0.7294921875 0.11962890625 0.03662109375
0 0.19384765625 0.82080078125 0.07080078125 0.03076171875
0 0.271484375 0.8203125 0.07421875 0.029296875
0 0.62890625 0.4951171875 0.12109375 0.03369140625
0 0.59765625 0.5185546875 0.05859375 0.01806640625
0 0.638671875 0.51708984375 0.0234375 0.015625
0 0.6689453125 0.51708984375 0.037109375 0.015625
0 0.5380859375 0.56396484375 0.033203125 0.05712890625
0 0.6025390625 0.56787109375 0.087890625 0.04443359375
0 0.6923828125 0.5693359375 0.087890625 0.046875
0 0.49853515625 0.62109375 0.0380859375 0.046875
0 0.5546875 0.6201171875 0.0703125 0.04931640625
0 0.623046875 0.62255859375 0.0625 0.04443359375
0 0.693359375 0.62255859375 0.078125 0.04443359375
0 0.7841796875 0.62548828125 0.099609375 0.0546875
0 0.49951171875 0.6650390625 0.0400390625 0.025390625
0 0.5283203125 0.66455078125 0.017578125 0.0234375
0 0.5595703125 0.6669921875 0.044921875 0.0234375
0 0.62890625 0.6669921875 0.09765625 0.0234375
0 0.712890625 0.6669921875 0.078125 0.0234375
0 0.798828125 0.6669921875 0.09375 0.0234375
0 0.5419921875 0.6943359375 0.025390625 0.02099609375
0 0.5615234375 0.69580078125 0.017578125 0.01806640625
0 0.591796875 0.69677734375 0.03515625 0.02099609375
0 0.6220703125 0.69677734375 0.029296875 0.02099609375
0 0.66015625 0.69677734375 0.046875 0.02099609375
0 0.689453125 0.69580078125 0.0234375 0.01806640625
0 0.7138671875 0.69580078125 0.029296875 0.01806640625