0 0.12255859375 0.5634765625 0.01904296875 0.05517578125
0 0.3701171875 0.56591796875 0.0595703125 0.1044921875
0 0.41943359375 0.54736328125 0.037109375 0.10205078125
0 0.46435546875 0.5283203125 0.0498046875 0.1083984375
0 0.52490234375 0.51025390625 0.0634765625 0.1044921875
0 0.60302734375 0.4716796875 0.06640625 0.12255859375
0 0.65625 0.44970703125 0.03515625 0.11572265625
0 0.42041015625 0.6181640625 0.03759765625 0.060546875
0 0.46337890625 0.6015625 0.046875 0.0634765625
0 0.54638671875 0.56982421875 0.11474609375 0.08984375
0 0.59521484375 0.65625 0.09423828125 0.11376953125
0 0.68212890625 0.63671875 0.07373046875 0.10546875
0 0.5185546875 0.76806640625 0.044921875 0.0771484375
0 0.55419921875 0.76318359375 0.025390625 0.07666015625
0 0.59814453125 0.74755859375 0.0615234375 0.09912109375
0 0.662109375 0.73681640625 0.0595703125 0.09912109375
0 0.7158203125 0.73486328125 0.01025390625 0.06103515625
0 0.5908203125 0.833984375 0.04736328125 0.04541015625