0 0.04248046875 0.10791015625 0.0849609375 0.2158203125
0 0.01318359375 0.1982421875 0.0263671875 0.095703125
0 0.21435546875 0.2119140625 0.18798828125 0.15087890625
0 0.72900390625 0.029296875 0.0673828125 0.05859375
0 0.8662109375 0.029296875 0.177734375 0.05859375
0 0.986328125 0.0322265625 0.02734375 0.0625
0 0.72412109375 0.14599609375 0.06201171875 0.09326171875
0 0.80517578125 0.1513671875 0.0849609375 0.11328125
0 0.87548828125 0.142578125 0.0498046875 0.099609375
0 0.94921875 0.13671875 0.087890625 0.115234375
0 0.28662109375 0.59228515625 0.05615234375 0.01513671875
0 0.287109375 0.6064453125 0.0576171875 0.0166015625
0 0.37255859375 0.59912109375 0.0361328125 0.03515625
0 0.41015625 0.59423828125 0.0390625 0.0439453125
0 0.22021484375 0.72900390625 0.228515625 0.0751953125
0 0.38525390625 0.71337890625 0.0888671875 0.0849609375
0 0.0400390625 0.849609375 0.080078125 0.0859375
0 0.1943359375 0.841796875 0.197265625 0.09326171875
0 0.369140625 0.8369140625 0.12109375 0.091796875
0 0.24755859375 0.9580078125 0.2197265625 0.083984375
0 0.68310546875 0.53173828125 0.1337890625 0.0439453125
0 0.82958984375 0.54443359375 0.1259765625 0.0693359375
0 0.71240234375 0.591796875 0.14111328125 0.0849609375
0 0.6416015625 0.67529296875 0.08251953125 0.1484375
0 0.7373046875 0.69189453125 0.09130859375 0.1484375
0 0.83984375 0.609375 0.103515625 0.08349609375
0 0.84375 0.705078125 0.06396484375 0.13818359375
0 0.89990234375 0.72607421875 0.03369140625 0.1064453125
0 0.9501953125 0.6044921875 0.099609375 0.189453125
0 0.96337890625 0.74560546875 0.0732421875 0.1298828125
0 0.7822265625 0.82421875 0.12353515625 0.08349609375
0 0.90673828125 0.8271484375 0.11767578125 0.06494140625
0 0.98388671875 0.84716796875 0.0322265625 0.0732421875
0 0.65380859375 0.89453125 0.1064453125 0.0732421875
0 0.74853515625 0.89208984375 0.076171875 0.0849609375
0 0.82421875 0.90185546875 0.06982421875 0.0751953125
0 0.904296875 0.91796875 0.0751953125 0.06689453125
0 0.970703125 0.9111328125 0.0576171875 0.0732421875