0 0.12939453125 0.03759765625 0.05517578125 0.06982421875
0 0.2021484375 0.03564453125 0.0966796875 0.0546875
0 0.28955078125 0.03466796875 0.0732421875 0.0693359375
0 0.38671875 0.0341796875 0.125 0.068359375
0 0.046875 0.11328125 0.0849609375 0.06982421875
0 0.15869140625 0.1103515625 0.13134765625 0.06982421875
0 0.2666015625 0.10595703125 0.07763671875 0.07275390625
0 0.3583984375 0.11474609375 0.10546875 0.060546875
0 0.42919921875 0.12060546875 0.0400390625 0.0673828125
0 0.11279296875 0.203125 0.03955078125 0.048828125
0 0.15185546875 0.208984375 0.0517578125 0.048828125
0 0.208984375 0.21044921875 0.0693359375 0.0576171875
0 0.251953125 0.20458984375 0.03466796875 0.04541015625
0 0.3046875 0.2119140625 0.07421875 0.060546875
0 0.357421875 0.2060546875 0.03466796875 0.048828125
0 0.40185546875 0.20751953125 0.05712890625 0.0517578125
0 0.83447265625 0.31103515625 0.03125 0.03662109375
0 0.857421875 0.2880859375 0.029296875 0.0390625
0 0.88818359375 0.2841796875 0.025390625 0.03173828125
0 0.916015625 0.29345703125 0.02490234375 0.03662109375
0 0.9365234375 0.31787109375 0.03369140625 0.0341796875
0 0.71826171875 0.3818359375 0.14794921875 0.068359375
0 0.85986328125 0.38330078125 0.12939453125 0.05810546875
0 0.96826171875 0.3857421875 0.0634765625 0.064453125
0 0.70751953125 0.43701171875 0.08056640625 0.0390625
0 0.79833984375 0.4365234375 0.09326171875 0.04345703125
0 0.9267578125 0.4345703125 0.146484375 0.037109375
0 0.58203125 0.47021484375 0.0361328125 0.02490234375
0 0.62060546875 0.470703125 0.037109375 0.02685546875
0 0.65576171875 0.470703125 0.03271484375 0.0234375
0 0.70556640625 0.46923828125 0.07080078125 0.0234375
0 0.767578125 0.470703125 0.029296875 0.0185546875
0 0.80810546875 0.46875 0.025390625 0.0224609375
0 0.83935546875 0.466796875 0.03173828125 0.0283203125
0 0.8779296875 0.470703125 0.03515625 0.0234375
0 0.9228515625 0.47314453125 0.0498046875 0.01904296875
0 0.03759765625 0.6884765625 0.0751953125 0.03515625
0 0.111328125 0.6904296875 0.0654296875 0.03173828125
0 0.0546875 0.73828125 0.109375 0.091796875
0 0.37158203125 0.89599609375 0.0166015625 0.00537109375
0 0.3935546875 0.896484375 0.02734375 0.00537109375
0 0.47021484375 0.81884765625 0.0419921875 0.0654296875
0 0.625 0.94189453125 0.10302734375 0.0302734375
0 0.8115234375 0.9052734375 0.04736328125 0.0224609375
0 0.85986328125 0.91162109375 0.0537109375 0.0302734375