0 0.3701171875 0.03955078125 0.03662109375 0.015625
0 0.40087890625 0.04052734375 0.02783203125 0.01416015625
0 0.42041015625 0.0419921875 0.03173828125 0.01953125
0 0.39404296875 0.0517578125 0.03857421875 0.01416015625
0 0.55908203125 0.16259765625 0.0107421875 0.01318359375
0 0.58349609375 0.15283203125 0.0322265625 0.05322265625
0 0.62158203125 0.154296875 0.0322265625 0.05615234375
0 0.5859375 0.22607421875 0.0625 0.06103515625
0 0.6396484375 0.23193359375 0.03515625 0.0546875
0 0.78662109375 0.20947265625 0.1513671875 0.11474609375
0 0.91796875 0.22216796875 0.056640625 0.13916015625
0 0.9716796875 0.21875 0.056640625 0.12890625
0 0.21484375 0.72705078125 0.4296875 0.1552734375
0 0.01806640625 0.8974609375 0.0361328125 0.064453125
0 0.11474609375 0.8662109375 0.12158203125 0.08642578125
0 0.27978515625 0.83203125 0.17138671875 0.08447265625
0 0.41845703125 0.80419921875 0.068359375 0.06005859375
0 0.51123046875 0.77587890625 0.0771484375 0.0849609375
0 0.63427734375 0.8671875 0.1484375 0.10107421875
0 0.7470703125 0.87841796875 0.06005859375 0.0791015625
0 0.56884765625 0.9287109375 0.0380859375 0.03515625
0 0.64013671875 0.93408203125 0.09716796875 0.03759765625
0 0.7255859375 0.9375 0.07421875 0.03955078125