0 0.2314453125 0.244140625 0.15380859375 0.17822265625
0 0.41064453125 0.26416015625 0.20263671875 0.181640625
0 0.35107421875 0.380859375 0.12353515625 0.0849609375
0 0.49169921875 0.39111328125 0.15478515625 0.0849609375
0 0.212890625 0.443359375 0.125 0.08642578125
0 0.32177734375 0.44921875 0.08984375 0.0751953125
0 0.43310546875 0.4638671875 0.1259765625 0.072265625
0 0.5244140625 0.46533203125 0.0673828125 0.0634765625
0 0.69873046875 0.04052734375 0.01220703125 0.0234375
0 0.81103515625 0.037109375 0.01220703125 0.02978515625
0 0.82763671875 0.03515625 0.009765625 0.0234375
0 0.8193359375 0.03857421875 0.0087890625 0.02685546875
0 0.42333984375 0.6328125 0.3818359375 0.265625
0 0.263671875 0.83642578125 0.068359375 0.0927734375
0 0.31884765625 0.8330078125 0.044921875 0.1064453125
0 0.37646484375 0.8349609375 0.0732421875 0.09619140625
0 0.43798828125 0.8486328125 0.06005859375 0.09619140625
0 0.48681640625 0.83984375 0.04345703125 0.0859375
0 0.53515625 0.8330078125 0.056640625 0.1064453125
0 0.58251953125 0.82958984375 0.03857421875 0.1064453125
0 0.634765625 0.580078125 0.03125 0.05078125
0 0.67431640625 0.58984375 0.0478515625 0.021484375
0 0.7236328125 0.56787109375 0.0400390625 0.04296875
0 0.75390625 0.52783203125 0.03515625 0.0556640625
0 0.6494140625 0.6826171875 0.060546875 0.0859375
0 0.7626953125 0.669921875 0.1552734375 0.07861328125
0 0.63232421875 0.75390625 0.0263671875 0.06640625
0 0.7451171875 0.7587890625 0.17724609375 0.07275390625
0 0.685546875 0.8505859375 0.1328125 0.068359375
0 0.79638671875 0.85107421875 0.08251953125 0.0615234375
0 0.67041015625 0.93408203125 0.0478515625 0.02099609375
0 0.7119140625 0.9306640625 0.02587890625 0.01611328125
0 0.74365234375 0.931640625 0.0380859375 0.017578125
0 0.63037109375 0.98974609375 0.0224609375 0.0205078125
0 0.66455078125 0.98828125 0.0380859375 0.0234375
0 0.70751953125 0.98681640625 0.0380859375 0.0263671875
0 0.7490234375 0.9853515625 0.0361328125 0.02734375
0 0.81005859375 0.9814453125 0.048828125 0.02490234375
0 0.9931640625 0.86279296875 0.013671875 0.0556640625
0 0.9921875 0.98291015625 0.015625 0.0185546875
0 0.94287109375 0.87744140625 0.013671875 0.02392578125
0 0.9443359375 0.85400390625 0.0126953125 0.02392578125
0 0.9453125 0.83154296875 0.0126953125 0.02099609375
0 0.94677734375 0.8037109375 0.01611328125 0.0322265625
0 0.9482421875 0.77392578125 0.01416015625 0.02197265625
0 0.95263671875 0.7490234375 0.015625 0.03466796875
0 0.95166015625 0.71728515625 0.013671875 0.02294921875
0 0.9541015625 0.6884765625 0.013671875 0.02978515625
0 0.9560546875 0.65625 0.01611328125 0.0302734375