0 0.0556640625 0.18994140625 0.111328125 0.11962890625
0 0.0234375 0.23583984375 0.046875 0.0390625
0 0.0947265625 0.26318359375 0.111328125 0.05712890625
0 0.3896484375 0.50146484375 0.439453125 0.20556640625
0 0.7646484375 0.58056640625 0.322265625 0.171875
0 0.1982421875 0.68359375 0.056640625 0.04931640625
0 0.2587890625 0.68115234375 0.060546875 0.04443359375
0 0.3173828125 0.6796875 0.060546875 0.04150390625
0 0.3828125 0.6796875 0.07421875 0.04150390625
0 0.447265625 0.6796875 0.0546875 0.046875
0 0.498046875 0.6796875 0.05078125 0.04150390625
0 0.544921875 0.67724609375 0.04296875 0.046875
0 0.5859375 0.6796875 0.03515625 0.04150390625
0 0.6240234375 0.68115234375 0.044921875 0.04443359375
0 0.748046875 0.68115234375 0.08984375 0.04443359375