0 0.18212890625 0.86962890625 0.1044921875 0.130859375
0 0.25732421875 0.8828125 0.0478515625 0.119140625
0 0.2958984375 0.89892578125 0.02734375 0.1123046875
0 0.73974609375 0.5791015625 0.033203125 0.041015625
0 0.77685546875 0.5849609375 0.0341796875 0.041015625
0 0.8203125 0.58642578125 0.04248046875 0.0439453125
0 0.85888671875 0.59326171875 0.025390625 0.033203125
0 0.88525390625 0.59521484375 0.02197265625 0.03369140625
0 0.90966796875 0.6015625 0.02490234375 0.041015625
0 0.70458984375 0.66796875 0.0625 0.0771484375
0 0.7724609375 0.6728515625 0.05615234375 0.0771484375
0 0.84033203125 0.6767578125 0.064453125 0.07470703125
0 0.921875 0.68701171875 0.08349609375 0.0693359375
0 0.689453125 0.78515625 0.06396484375 0.0791015625
0 0.77392578125 0.78857421875 0.0810546875 0.083984375
0 0.85791015625 0.7822265625 0.06591796875 0.07373046875
0 0.9228515625 0.78515625 0.052734375 0.06298828125
0 0.82568359375 0.884765625 0.10302734375 0.05615234375