0 0.1103515625 0.02587890625 0.01806640625 0.05078125
0 0.498046875 0.22265625 0.05029296875 0.044921875
0 0.54736328125 0.21630859375 0.04736328125 0.04638671875
0 0.6123046875 0.2001953125 0.07421875 0.0546875
0 0.52490234375 0.265625 0.01904296875 0.013671875
0 0.53955078125 0.2626953125 0.01123046875 0.015625
0 0.55078125 0.2626953125 0.01416015625 0.01806640625
0 0.564453125 0.26025390625 0.0166015625 0.01611328125
0 0.9501953125 0.375 0.0166015625 0.02099609375
0 0.97119140625 0.375 0.02490234375 0.0185546875
0 0.99169921875 0.3740234375 0.0166015625 0.021484375
0 0.16455078125 0.63330078125 0.017578125 0.02685546875
0 0.19677734375 0.64013671875 0.02001953125 0.02685546875
0 0.48486328125 0.6279296875 0.2900390625 0.037109375
0 0.31494140625 0.65234375 0.02880859375 0.02490234375
0 0.34130859375 0.6552734375 0.0185546875 0.0234375
0 0.35546875 0.65771484375 0.00732421875 0.00830078125
0 0.38818359375 0.65771484375 0.05517578125 0.03857421875
0 0.4404296875 0.6640625 0.04248046875 0.0283203125
0 0.47998046875 0.6650390625 0.03369140625 0.02978515625
0 0.501953125 0.66650390625 0.00732421875 0.0068359375
0 0.5263671875 0.666015625 0.03857421875 0.02490234375
0 0.5498046875 0.669921875 0.00634765625 0.009765625
0 0.56640625 0.66845703125 0.021484375 0.0234375
0 0.580078125 0.671875 0.00634765625 0.0068359375
0 0.59814453125 0.671875 0.02490234375 0.0234375
0 0.69189453125 0.74462890625 0.0849609375 0.1376953125
0 0.73583984375 0.876953125 0.1474609375 0.1533203125