0 0.23779296875 0.33056640625 0.1376953125 0.04296875
0 0.23583984375 0.38525390625 0.18115234375 0.04931640625
0 0.19091796875 0.427734375 0.0517578125 0.021484375
0 0.267578125 0.42529296875 0.0966796875 0.02197265625
0 0.33447265625 0.42138671875 0.0380859375 0.02392578125
0 0.3876953125 0.42041015625 0.068359375 0.025390625
0 0.427734375 0.353515625 0.17138671875 0.10400390625
0 0.59326171875 0.341796875 0.16162109375 0.09375
0 0.73388671875 0.3349609375 0.11083984375 0.0908203125
0 0.8603515625 0.3310546875 0.14306640625 0.087890625
0 0.7216796875 0.40673828125 0.052734375 0.0244140625
0 0.84033203125 0.39990234375 0.19287109375 0.03271484375
0 0.908203125 0.4384765625 0.056640625 0.041015625
0 0.9677734375 0.4384765625 0.06201171875 0.033203125
0 0.9150390625 0.47900390625 0.0361328125 0.033203125
0 0.96728515625 0.4775390625 0.06494140625 0.03564453125
0 0.93212890625 0.51025390625 0.04345703125 0.0205078125
0 0.978515625 0.50732421875 0.04248046875 0.02197265625
0 0.93310546875 0.55322265625 0.0576171875 0.044921875
0 0.9775390625 0.546875 0.04443359375 0.05322265625
0 0.94091796875 0.59375 0.0556640625 0.03466796875
0 0.98486328125 0.59130859375 0.029296875 0.03369140625
0 0.9462890625 0.63232421875 0.0546875 0.04052734375
0 0.98583984375 0.630859375 0.02734375 0.0263671875
0 0.970703125 0.66357421875 0.05810546875 0.02001953125
0 0.96240234375 0.689453125 0.07421875 0.0234375
0 0.95703125 0.716796875 0.052734375 0.02294921875
0 0.96875 0.75537109375 0.0615234375 0.033203125
0 0.9716796875 0.79052734375 0.0546875 0.02783203125