0 0.140625 0.35107421875 0.1171875 0.0478515625
0 0.185546875 0.39013671875 0.02734375 0.0244140625
0 0.451171875 0.13232421875 0.177734375 0.2646484375
0 0.626953125 0.1826171875 0.15576171875 0.2275390625
0 0.32470703125 0.34130859375 0.1865234375 0.2158203125
0 0.49658203125 0.37255859375 0.1708984375 0.1533203125
0 0.70361328125 0.41162109375 0.1357421875 0.0751953125
0 0.02685546875 0.67333984375 0.0537109375 0.1630859375
0 0.10595703125 0.64892578125 0.10595703125 0.17138671875
0 0.17724609375 0.65478515625 0.0439453125 0.1591796875
0 0.06103515625 0.88525390625 0.1220703125 0.1396484375
0 0.30517578125 0.89453125 0.01904296875 0.05517578125
0 0.552734375 0.89697265625 0.0595703125 0.1044921875
0 0.60205078125 0.87841796875 0.037109375 0.10205078125
0 0.64697265625 0.859375 0.0498046875 0.1083984375
0 0.70751953125 0.84130859375 0.0634765625 0.1044921875
0 0.78564453125 0.802734375 0.06640625 0.12255859375
0 0.8388671875 0.78076171875 0.03515625 0.11572265625
0 0.60302734375 0.94921875 0.03759765625 0.060546875
0 0.64599609375 0.9326171875 0.046875 0.0634765625
0 0.72900390625 0.90087890625 0.11474609375 0.08984375
0 0.77734375 0.96484375 0.09375 0.0703125
0 0.8642578125 0.95751953125 0.07421875 0.0849609375