0 0.09521484375 0.498046875 0.1904296875 0.205078125
0 0.31689453125 0.5751953125 0.2646484375 0.16796875
0 0.47998046875 0.1494140625 0.0615234375 0.11328125
0 0.55615234375 0.0927734375 0.0771484375 0.11328125
0 0.46826171875 0.2158203125 0.0380859375 0.111328125
0 0.54345703125 0.185546875 0.1044921875 0.11328125
0 0.6650390625 0.12939453125 0.12841796875 0.15673828125
0 0.7529296875 0.09375 0.02783203125 0.0859375
0 0.49951171875 0.61279296875 0.04736328125 0.05126953125
0 0.5595703125 0.59716796875 0.07177734375 0.06396484375
0 0.61767578125 0.591796875 0.0400390625 0.06005859375
0 0.67138671875 0.58642578125 0.0615234375 0.06396484375
0 0.74267578125 0.580078125 0.0771484375 0.06591796875
0 0.5009765625 0.64404296875 0.056640625 0.0302734375
0 0.56689453125 0.64306640625 0.0732421875 0.0322265625
0 0.6435546875 0.63916015625 0.078125 0.0400390625
0 0.73486328125 0.63671875 0.0966796875 0.044921875
0 0.28515625 0.73876953125 0.328125 0.1591796875
0 0.1201171875 0.9091796875 0.240234375 0.181640625
0 0.3505859375 0.8720703125 0.197265625 0.2265625
0 0.8447265625 0.67578125 0.078125 0.033203125
0 0.62841796875 0.77392578125 0.138671875 0.1318359375
0 0.75390625 0.7763671875 0.10009765625 0.146484375
0 0.8310546875 0.75439453125 0.05615234375 0.13671875
0 0.8916015625 0.7705078125 0.0498046875 0.09814453125
0 0.96142578125 0.75341796875 0.0771484375 0.1279296875
0 0.74609375 0.921875 0.05615234375 0.1416015625
0 0.84375 0.9287109375 0.126953125 0.142578125
0 0.9453125 0.939453125 0.060546875 0.12109375
0 0.99169921875 0.92431640625 0.0166015625 0.0966796875