0 0.05029296875 0.037109375 0.1005859375 0.05078125
0 0.005859375 0.1083984375 0.01171875 0.0390625
0 0.0498046875 0.1142578125 0.08349609375 0.05908203125
0 0.07421875 0.15771484375 0.0185546875 0.04736328125
0 0.0107421875 0.21044921875 0.021484375 0.0654296875
0 0.02734375 0.22998046875 0.01513671875 0.02099609375
0 0.060546875 0.2197265625 0.05224609375 0.05810546875
0 0.431640625 0.00830078125 0.015625 0.0166015625
0 0.2138671875 0.03173828125 0.06982421875 0.03955078125
0 0.2900390625 0.037109375 0.08349609375 0.03857421875
0 0.3642578125 0.0390625 0.060546875 0.0390625
0 0.189453125 0.1201171875 0.1865234375 0.1298828125
0 0.3623046875 0.14501953125 0.154296875 0.1318359375
0 0.2734375 0.25146484375 0.1201171875 0.05029296875
0 0.3720703125 0.240234375 0.07470703125 0.05517578125
0 0.421875 0.2451171875 0.03515625 0.041015625
0 0.6123046875 0.06884765625 0.03271484375 0.0185546875
0 0.60986328125 0.0927734375 0.08154296875 0.0283203125
0 0.5634765625 0.12890625 0.02587890625 0.0234375
0 0.591796875 0.1279296875 0.0322265625 0.0244140625
0 0.62744140625 0.125 0.04345703125 0.021484375
0 0.66259765625 0.12158203125 0.03125 0.021484375
0 0.623046875 0.2490234375 0.3671875 0.228515625
0 0.48291015625 0.40869140625 0.08203125 0.04931640625
0 0.56201171875 0.390625 0.07373046875 0.05224609375
0 0.6328125 0.38232421875 0.064453125 0.04150390625
0 0.70556640625 0.36962890625 0.080078125 0.044921875
0 0.7744140625 0.36279296875 0.060546875 0.04736328125
0 0.50341796875 0.46533203125 0.06787109375 0.06103515625
0 0.607421875 0.4453125 0.0849609375 0.0595703125
0 0.67529296875 0.43115234375 0.05859375 0.05810546875
0 0.7265625 0.42578125 0.04541015625 0.04150390625
0 0.76611328125 0.41357421875 0.033203125 0.03564453125
0 0.51025390625 0.52197265625 0.09619140625 0.0751953125
0 0.587890625 0.50830078125 0.05908203125 0.041015625
0 0.6513671875 0.48779296875 0.07763671875 0.052734375
0 0.7197265625 0.47119140625 0.05908203125 0.05419921875
0 0.77685546875 0.46240234375 0.052734375 0.0478515625
0 0.82861328125 0.025390625 0.06689453125 0.04443359375
0 0.90185546875 0.0263671875 0.07861328125 0.04248046875
0 0.97021484375 0.025390625 0.0595703125 0.04296875
0 0.88037109375 0.0791015625 0.099609375 0.03564453125
0 0.9599609375 0.07763671875 0.06005859375 0.048828125
0 0.99462890625 0.07275390625 0.0107421875 0.0400390625
0 0.8740234375 0.13525390625 0.0810546875 0.04345703125
0 0.95654296875 0.12548828125 0.0869140625 0.0380859375
0 0.10009765625 0.99609375 0.0673828125 0.0078125
0 0.49462890625 0.7138671875 0.1103515625 0.095703125
0 0.49853515625 0.88330078125 0.1181640625 0.1865234375
0 0.75390625 0.7099609375 0.1923828125 0.080078125
0 0.92138671875 0.7041015625 0.14501953125 0.0751953125
0 0.63916015625 0.80908203125 0.12255859375 0.125
0 0.771484375 0.8076171875 0.1298828125 0.1181640625
0 0.9189453125 0.81396484375 0.14990234375 0.10498046875
0 0.60693359375 0.92333984375 0.06396484375 0.08984375
0 0.69091796875 0.92236328125 0.0888671875 0.09521484375
0 0.7900390625 0.92333984375 0.09765625 0.08984375
0 0.89892578125 0.921875 0.1025390625 0.08984375
0 0.97900390625 0.92041015625 0.0419921875 0.0888671875
0 0.48291015625 0.9931640625 0.0849609375 0.013671875
0 0.5478515625 0.99072265625 0.041015625 0.0185546875
0 0.59033203125 0.9931640625 0.0361328125 0.013671875
0 0.650390625 0.9931640625 0.083984375 0.013671875
0 0.72998046875 0.98876953125 0.0693359375 0.0224609375
0 0.79296875 0.9931640625 0.052734375 0.013671875
0 0.83642578125 0.99169921875 0.0361328125 0.0166015625