0 0.677734375 0.072265625 0.345703125 0.14453125
0 0.52001953125 0.25927734375 0.1201171875 0.1005859375
0 0.6669921875 0.2548828125 0.142578125 0.10009765625
0 0.50048828125 0.3916015625 0.0810546875 0.09765625
0 0.62744140625 0.37890625 0.12646484375 0.11181640625
0 0.794921875 0.38818359375 0.16357421875 0.080078125
0 0.00341796875 0.49560546875 0.0068359375 0.0361328125
0 0.01611328125 0.49267578125 0.015625 0.0341796875
0 0.03515625 0.4892578125 0.0234375 0.0390625
0 0.06640625 0.4873046875 0.037109375 0.03515625
0 0.1123046875 0.48388671875 0.056640625 0.0283203125
0 0.060546875 0.578125 0.12109375 0.099609375
0 0.169921875 0.5576171875 0.0791015625 0.1083984375
0 0.28515625 0.53515625 0.1328125 0.12353515625
0 0.40771484375 0.5244140625 0.1044921875 0.109375
0 0.06005859375 0.7412109375 0.1201171875 0.166015625
0 0.294921875 0.708984375 0.330078125 0.1875
0 0.6357421875 0.52587890625 0.03369140625 0.0185546875
0 0.7919921875 0.6484375 0.0224609375 0.02001953125
0 0.80517578125 0.69580078125 0.01513671875 0.02294921875
0 0.50634765625 0.802734375 0.03076171875 0.01123046875
0 0.71533203125 0.80322265625 0.03076171875 0.0146484375
0 0.71484375 0.8134765625 0.03466796875 0.0146484375
0 0.89306640625 0.8623046875 0.03759765625 0.0166015625
0 0.89453125 0.8740234375 0.04345703125 0.0166015625