0 0.08154296875 0.00634765625 0.0693359375 0.0126953125
0 0.12939453125 0.0087890625 0.0322265625 0.017578125
0 0.1650390625 0.01416015625 0.04296875 0.0283203125
0 0.19775390625 0.02001953125 0.0302734375 0.033203125
0 0.24072265625 0.03076171875 0.0615234375 0.04833984375
0 0.2890625 0.0458984375 0.03564453125 0.03857421875
0 0.31982421875 0.0546875 0.0283203125 0.03662109375
0 0.34619140625 0.06298828125 0.03564453125 0.0400390625
0 0.02001953125 0.2353515625 0.0400390625 0.08203125
0 0.06884765625 0.2529296875 0.05517578125 0.0634765625
0 0.1435546875 0.26904296875 0.0966796875 0.068359375
0 0.212890625 0.27978515625 0.0498046875 0.056640625
0 0.27099609375 0.2890625 0.06689453125 0.06494140625
0 0.3408203125 0.306640625 0.0751953125 0.0634765625
0 0.4072265625 0.32080078125 0.064453125 0.0634765625
0 0.01318359375 0.31201171875 0.0263671875 0.0751953125
0 0.0576171875 0.32568359375 0.06689453125 0.06494140625
0 0.14013671875 0.33544921875 0.095703125 0.07177734375
0 0.2236328125 0.34716796875 0.06982421875 0.0751953125
0 0.3056640625 0.369140625 0.091796875 0.06494140625
0 0.37353515625 0.375 0.05224609375 0.06689453125
0 0.416015625 0.39013671875 0.046875 0.0751953125
0 0.0068359375 0.4208984375 0.013671875 0.04296875
0 0.03125 0.42724609375 0.04248046875 0.044921875
0 0.07080078125 0.4306640625 0.03857421875 0.04150390625
0 0.1171875 0.4365234375 0.060546875 0.04345703125
0 0.16357421875 0.44140625 0.03857421875 0.0498046875
0 0.20068359375 0.447265625 0.046875 0.04833984375
0 0.24560546875 0.453125 0.05126953125 0.046875
0 0.291015625 0.45751953125 0.0458984375 0.04833984375
0 0.32373046875 0.46044921875 0.0322265625 0.044921875
0 0.35302734375 0.46484375 0.0302734375 0.04345703125
0 0.38916015625 0.4716796875 0.05224609375 0.0400390625
0 0.4248046875 0.4736328125 0.029296875 0.0390625
0 0.1826171875 0.49560546875 0.04150390625 0.03857421875
0 0.62939453125 0.0859375 0.109375 0.04296875
0 0.73193359375 0.08984375 0.0703125 0.0458984375
0 0.84033203125 0.09375 0.11572265625 0.04833984375
0 0.5546875 0.16064453125 0.1533203125 0.11181640625
0 0.70068359375 0.169921875 0.1298828125 0.109375
0 0.884765625 0.16845703125 0.22021484375 0.1015625
0 0.48095703125 0.23681640625 0.0283203125 0.03564453125
0 0.5068359375 0.23681640625 0.0234375 0.0458984375
0 0.53271484375 0.234375 0.03125 0.04052734375
0 0.57421875 0.24072265625 0.0546875 0.0380859375
0 0.61328125 0.23681640625 0.0205078125 0.04052734375
0 0.63720703125 0.23974609375 0.0283203125 0.03564453125
0 0.677734375 0.23974609375 0.0498046875 0.03564453125
0 0.72705078125 0.24462890625 0.04833984375 0.04052734375
0 0.76171875 0.2431640625 0.0234375 0.0380859375
0 0.791015625 0.2431640625 0.0390625 0.0380859375
0 0.8349609375 0.2431640625 0.04541015625 0.0380859375
0 0.86767578125 0.2431640625 0.0234375 0.033203125
0 0.9140625 0.24462890625 0.02490234375 0.04052734375
0 0.9638671875 0.24072265625 0.072265625 0.0380859375