0 0.04345703125 0.06591796875 0.0869140625 0.0634765625
0 0.115234375 0.05810546875 0.0556640625 0.05810546875
0 0.162109375 0.05517578125 0.04248046875 0.052734375
0 0.2509765625 0.046875 0.1279296875 0.06396484375
0 0.3408203125 0.04248046875 0.04833984375 0.0556640625
0 0.1494140625 0.10791015625 0.09814453125 0.06396484375
0 0.22412109375 0.109375 0.0517578125 0.0556640625
0 0.017578125 0.18115234375 0.03515625 0.0498046875
0 0.10498046875 0.17578125 0.13134765625 0.06103515625
0 0.2578125 0.16748046875 0.15576171875 0.06103515625
0 0.3837890625 0.15234375 0.0927734375 0.0693359375
0 0.03857421875 0.2294921875 0.0771484375 0.05859375
0 0.130859375 0.224609375 0.09814453125 0.06396484375
0 0.19775390625 0.224609375 0.03515625 0.04736328125
0 0.25048828125 0.21337890625 0.0703125 0.06396484375
0 0.3486328125 0.2119140625 0.11474609375 0.06689453125
0 0.08154296875 0.287109375 0.09619140625 0.072265625
0 0.14453125 0.28564453125 0.02978515625 0.052734375
0 0.1865234375 0.28173828125 0.0537109375 0.0498046875
0 0.2587890625 0.27880859375 0.0869140625 0.0498046875
0 0.0205078125 0.49658203125 0.041015625 0.0419921875
0 0.06396484375 0.4970703125 0.0498046875 0.04150390625
0 0.1083984375 0.50244140625 0.03125 0.03076171875
0 0.15283203125 0.498046875 0.0537109375 0.0556640625
0 0.21337890625 0.49267578125 0.0703125 0.04443359375
0 0.26611328125 0.49560546875 0.03125 0.04443359375
0 0.29931640625 0.49560546875 0.03125 0.04443359375
0 0.3310546875 0.49560546875 0.03125 0.04443359375
0 0.37158203125 0.498046875 0.0498046875 0.0498046875
0 0.54150390625 0.32275390625 0.0439453125 0.0576171875
0 0.6318359375 0.34228515625 0.115234375 0.072265625
0 0.77587890625 0.376953125 0.15478515625 0.083984375
0 0.90966796875 0.4013671875 0.11328125 0.0712890625
0 0.66748046875 0.46875 0.2958984375 0.16796875
0 0.599609375 0.56884765625 0.10693359375 0.076171875
0 0.73095703125 0.58203125 0.15234375 0.0927734375
0 0.86962890625 0.6064453125 0.1328125 0.06982421875
0 0.96337890625 0.6181640625 0.0732421875 0.08203125
0 0.67333984375 0.6337890625 0.224609375 0.05615234375